  Element 89: Ac      Atomic mass:  227.0278

  Edge          keV         A
    K       106.7553    0.1161
    L-I      19.8400    0.6249
    L-II     19.0832    0.6497
    L-III    15.8710    0.7812
    M1        5.0020    2.4787
    M2        4.6560    2.6629
    M3        3.9090    3.1718
    M4        3.3702    3.6788
    M5        3.2190    3.8516
    N1        1.2690    9.7702
    N2        1.0800   11.4800

Scattering factors as a function of energy: 

   1000.000      -33.75020       33.31556    
   1100.000      -30.62099       31.38107    
   1172.000      -28.69925       29.68836    
   1177.000      -28.58813       29.57449    
   1182.000      -28.75211       29.46216    
   1187.000      -28.65144       29.35242    
   1192.000      -28.55326       29.24323    
   1197.000      -28.45760       29.13457    
   1200.000      -28.40143       29.06964    
   1202.000      -28.36450       29.02645    
   1207.000      -28.27405       28.91887    
   1212.000      -28.18638       28.81183    
   1217.000      -28.34115       28.70600    
   1222.000      -28.26322       28.60278    
   1227.000      -28.18868       28.50017    
   1232.000      -28.11803       28.39815    
   1237.000      -28.05192       28.29672    
   1242.000      -27.99143       28.19587    
   1247.000      -27.93827       28.09561    
   1252.000      -27.89553       27.99592    
   1257.000      -27.86961       27.89681    
   1262.000      -27.87771       27.79827    
   1267.000      -28.00968       27.70030    
   1272.000      -27.85738       28.14468    
   1277.000      -27.60717       28.04822    
   1282.000      -27.44338       27.95231    
   1287.000      -27.30824       27.85695    
   1292.000      -27.18798       27.76212    
   1297.000      -27.07711       27.66784    
   1300.000      -27.01389       27.61153    
   1302.000      -26.97285       27.57409    
   1307.000      -26.87361       27.48088    
   1312.000      -26.77836       27.38820    
   1317.000      -26.68645       27.29605    
   1322.000      -26.59737       27.20443    
   1327.000      -26.51079       27.11333    
   1332.000      -26.42642       27.02275    
   1337.000      -26.34407       26.93269    
   1342.000      -26.26355       26.84315    
   1347.000      -26.18473       26.75412    
   1352.000      -26.10751       26.66561    
   1357.000      -26.03176       26.57760    
   1362.000      -25.95743       26.49011    
   1367.000      -25.88443       26.40312    
   1400.000      -25.43223       25.84157    
   1500.000      -24.23862       24.19732    
   1600.000      -23.44620       22.70436    
   1700.000      -22.80534       21.33866    
   1800.000      -22.34315       20.08421    
   1900.000      -22.03486       18.92884    
   2000.000      -21.86307       17.86239    
   2100.000      -21.81657       16.87603    
   2200.000      -21.89500       15.96267    
   2300.000      -22.08681       15.11599    
   2400.000      -22.40145       14.32927    
   2500.000      -22.85036       13.59721    
   2600.000      -23.68898       12.92846    
   2700.000      -24.66587       12.31695    
   2800.000      -25.71426       11.76439    
   2900.000      -27.12920       11.24838    
   3000.000      -29.15973       10.76567    
   3100.000      -32.49603       10.32952    
   3122.000      -33.60609       10.23741    
   3127.000      -33.89217       10.21667    
   3132.000      -34.19358       10.19599    
   3137.000      -34.51211       10.17537    
   3142.000      -34.84980       10.15483    
   3147.000      -35.20918       10.13435    
   3152.000      -35.59325       10.11394    
   3157.000      -36.00577       10.09360    
   3162.000      -36.45139       10.07332    
   3167.000      -36.93609       10.05311    
   3172.000      -37.46758       10.03297    
   3177.000      -38.05628       10.01288    
   3182.000      -38.71644       9.992869    
   3187.000      -39.46870       9.972919    
   3192.000      -40.34408       9.953032    
   3197.000      -41.39301       9.933209    
   3200.000      -42.14015       9.921347    
   3202.000      -42.70511       9.913452    
   3207.000      -44.46581       9.893757    
   3212.000      -47.17107       9.874125    
   3217.000      -53.41292       9.854556    
   3222.000      -51.44522       25.43551    
   3227.000      -46.59443       25.36963    
   3232.000      -44.22201       25.30405    
   3237.000      -42.65624       25.23878    
   3242.000      -41.49862       25.17381    
   3247.000      -40.59004       25.10915    
   3252.000      -39.85056       25.04478    
   3257.000      -39.23457       24.98072    
   3262.000      -38.71355       24.91694    
   3267.000      -38.26869       24.85346    
   3272.000      -37.88695       24.79027    
   3273.000      -37.81733       24.77767    
   3277.000      -37.55916       24.72738    
   3278.000      -37.49944       24.71483    
   3282.000      -37.27865       24.66477    
   3283.000      -37.22778       24.65228    
   3287.000      -37.04068       24.60244    
   3288.000      -36.99786       24.59001    
   3292.000      -36.84185       24.54040    
   3293.000      -36.80657       24.52803    
   3297.000      -36.67997       24.47864    
   3298.000      -36.65190       24.46632    
   3300.000      -36.60002       24.44172    
   3302.000      -36.55379       24.41716    
   3303.000      -36.53279       24.40490    
   3307.000      -36.46298       24.35597    
   3308.000      -36.44910       24.34376    
   3312.000      -36.40815       24.29504    
   3313.000      -36.40163       24.28289    
   3317.000      -36.39095       24.23440    
   3318.000      -36.39226       24.22230    
   3323.000      -36.42418       24.16198    
   3328.000      -36.50234       24.10193    
   3333.000      -36.63421       24.04215    
   3338.000      -36.83110       23.98264    
   3343.000      -37.11063       23.92340    
   3348.000      -37.50193       23.86441    
   3353.000      -38.05720       23.80570    
   3358.000      -38.88435       23.74724    
   3363.000      -40.26894       23.68904    
   3368.000      -43.63197       23.63110    
   3373.000      -42.72886       33.00351    
   3378.000      -39.48134       32.95432    
   3383.000      -37.82601       32.90506    
   3388.000      -36.67072       32.85575    
   3393.000      -35.76598       32.80637    
   3398.000      -35.01294       32.75693    
   3400.000      -34.74229       32.73713    
   3403.000      -34.36230       32.70742    
   3408.000      -33.78588       32.65785    
   3413.000      -33.26589       32.60821    
   3418.000      -32.79052       32.55851    
   3423.000      -32.35139       32.50873    
   3428.000      -31.94243       32.45889    
   3433.000      -31.55900       32.40898    
   3438.000      -31.19756       32.35900    
   3443.000      -30.85527       32.30895    
   3448.000      -30.52987       32.25883    
   3453.000      -30.21949       32.20864    
   3458.000      -29.92260       32.15838    
   3463.000      -29.63788       32.10804    
   3468.000      -29.36425       32.05764    
   3500.000      -27.82284       31.73330    
   3600.000      -24.41388       30.70031    
   3700.000      -22.20968       29.63942    
   3800.000      -20.95482       28.55530    
   3812.000      -20.88752       28.42397    
   3817.000      -20.86718       28.36919    
   3822.000      -20.85193       28.31436    
   3827.000      -20.84226       28.25950    
   3832.000      -20.83873       28.20461    
   3837.000      -20.84204       28.14968    
   3842.000      -20.85305       28.09472    
   3847.000      -20.87279       28.03973    
   3852.000      -20.90258       27.98471    
   3857.000      -20.94411       27.92965    
   3862.000      -20.99958       27.87457    
   3867.000      -21.07193       27.81947    
   3872.000      -21.16504       27.76434    
   3877.000      -21.28518       27.70918    
   3882.000      -21.44105       27.65399    
   3887.000      -21.64705       27.59879    
   3892.000      -21.92886       27.54356    
   3897.000      -22.33957       27.48831    
   3900.000      -22.69788       27.45516    
   3902.000      -23.02128       27.43305    
   3907.000      -24.71661       27.37776    
   3912.000      -24.06086       31.79087    
   3917.000      -22.58327       31.73241    
   3922.000      -21.81195       31.67394    
   3927.000      -21.26950       31.61546    
   3932.000      -20.84233       31.55696    
   3937.000      -20.48496       31.49844    
   3942.000      -20.17461       31.43991    
   3947.000      -19.89814       31.38137    
   3952.000      -19.64736       31.32283    
   3957.000      -19.41674       31.26427    
   3962.000      -19.20244       31.20571    
   3967.000      -19.00161       31.14713    
   3972.000      -18.81217       31.08856    
   3977.000      -18.63244       31.02998    
   3982.000      -18.46116       30.97139    
   3987.000      -18.29730       30.91281    
   3992.000      -18.14000       30.85423    
   3997.000      -17.98858       30.79564    
   4000.000      -17.90030       30.76049    
   4002.000      -17.84245       30.73706    
   4007.000      -17.70112       30.67848    
   4100.000      -15.62509       29.59098    
   4200.000      -13.87803       28.42594    
   4300.000      -12.66728       27.24522    
   4400.000      -12.78748       26.13214    
   4500.000      -12.21495       25.24858    
   4559.000      -12.02903       24.74787    
   4564.000      -12.02136       24.70611    
   4569.000      -12.01542       24.66446    
   4574.000      -12.01136       24.62291    
   4579.000      -12.00940       24.58146    
   4584.000      -12.00978       24.54012    
   4589.000      -12.01277       24.49888    
   4594.000      -12.01876       24.45774    
   4599.000      -12.02818       24.41670    
   4600.000      -12.03052       24.40851    
   4604.000      -12.04161       24.37577    
   4609.000      -12.05981       24.33493    
   4614.000      -12.08379       24.29420    
   4619.000      -12.11494       24.25357    
   4624.000      -12.15528       24.21304    
   4629.000      -12.20783       24.17260    
   4634.000      -12.27750       24.13227    
   4639.000      -12.37309       24.09204    
   4644.000      -12.51271       24.05190    
   4649.000      -12.74484       24.01186    
   4654.000      -13.32276       23.97193    
   4659.000      -13.09908       25.45651    
   4664.000      -12.59485       25.41611    
   4669.000      -12.33149       25.37581    
   4674.000      -12.14621       25.33561    
   4679.000      -12.00024       25.29550    
   4684.000      -11.88402       25.25551    
   4689.000      -11.77795       25.21562    
   4694.000      -11.68348       25.17584    
   4699.000      -11.59779       25.13615    
   4700.000      -11.58153       25.12822    
   4704.000      -11.51902       25.09655    
   4709.000      -11.44586       25.05706    
   4714.000      -11.37735       25.01766    
   4719.000      -11.31277       24.97836    
   4724.000      -11.25157       24.93915    
   4729.000      -11.19331       24.90004    
   4734.000      -11.13764       24.86102    
   4739.000      -11.08429       24.82211    
   4744.000      -11.03301       24.78328    
   4749.000      -10.98362       24.74455    
   4754.000      -10.93596       24.70592    
   4800.000      -10.56012       24.35485    
   4900.000      -10.01767       23.61803    
   4905.000      -10.00022       23.58211    
   4910.000      -9.983760       23.54627    
   4915.000      -9.968711       23.51052    
   4920.000      -9.955017       23.47485    
   4925.000      -9.942802       23.43927    
   4930.000      -9.932218       23.40377    
   4935.000      -9.923444       23.36835    
   4940.000      -9.916709       23.33302    
   4945.000      -9.912299       23.29777    
   4950.000      -9.910582       23.26261    
   4955.000      -9.912037       23.22752    
   4960.000      -9.917314       23.19252    
   4965.000      -9.927307       23.15760    
   4970.000      -9.943305       23.12277    
   4975.000      -9.967267       23.08801    
   4980.000      -10.00236       23.05334    
   4985.000      -10.05424       23.01875    
   4990.000      -10.13458       22.98424    
   4995.000      -10.27469       22.94981    
   5000.000      -10.63801       22.91546    
   5005.000      -10.48397       23.86441    
   5010.000      -10.14958       23.83027    
   5015.000      -9.970426       23.79621    
   5020.000      -9.841557       23.76222    
   5025.000      -9.738027       23.72831    
   5030.000      -9.649854       23.69448    
   5035.000      -9.572034       23.66072    
   5040.000      -9.501677       23.62704    
   5045.000      -9.436982       23.59344    
   5050.000      -9.376744       23.55990    
   5055.000      -9.320120       23.52645    
   5060.000      -9.266478       23.49307    
   5065.000      -9.215359       23.45976    
   5070.000      -9.166404       23.42653    
   5075.000      -9.119337       23.39338    
   5080.000      -9.073951       23.36029    
   5085.000      -9.047931       23.32740    
   5090.000      -9.005388       23.29465    
   5095.000      -8.964023       23.26197    
   5100.000      -8.923727       23.22936    
   5200.000      -8.258393       22.59244    
   5300.000      -7.739501       21.98333    
   5400.000      -7.302940       21.40038    
   5500.000      -6.927304       20.84206    
   5600.000      -6.601503       20.30718    
   5700.000      -6.306509       19.79428    
   5800.000      -6.048395       19.30217    
   5900.000      -5.812083       18.82961    
   6000.000      -5.599442       18.37554    
   6100.000      -5.374891       17.93643    
   6200.000      -5.199257       17.51060    
   6300.000      -5.040730       17.09991    
   6400.000      -4.897649       16.70360    
   6500.000      -4.759683       16.32052    
   6600.000      -4.665889       15.95353    
   6700.000      -4.562368       15.59938    
   6800.000      -4.464171       15.25714    
   6900.000      -4.380388       14.92630    
   7000.000      -4.305286       14.60651    
   7100.000      -4.238160       14.29726    
   7200.000      -4.178378       13.99807    
   7300.000      -4.125372       13.70849    
   7400.000      -4.078630       13.42810    
   7500.000      -4.037690       13.15651    
   7600.000      -4.002132       12.89334    
   7700.000      -3.971580       12.63822    
   7800.000      -3.945689       12.39083    
   7900.000      -3.930807       12.15122    
   8000.000      -3.913446       11.91880    
   8100.000      -3.899872       11.69320    
   8200.000      -3.889859       11.47415    
   8300.000      -3.883202       11.26138    
   8400.000      -3.878804       11.05465    
   8500.000      -3.878356       10.85372    
   8600.000      -3.880820       10.65837    
   8700.000      -3.886124       10.46840    
   8800.000      -3.894275       10.28359    
   8900.000      -3.905430       10.10375    
   9000.000      -3.916152       9.930882    
   9100.000      -3.928816       9.762647    
   9200.000      -3.943322       9.598877    
   9300.000      -3.959583       9.439407    
   9400.000      -3.978755       9.284150    
   9500.000      -3.998516       9.132922    
   9600.000      -4.019797       8.985576    
   9700.000      -4.042538       8.841974    
   9800.000      -4.066680       8.701985    
   9900.000      -4.092176       8.565487    
   10000.00      -4.118979       8.432357    
   10100.00      -4.148120       8.302538    
   10200.00      -4.177501       8.175877    
   10300.00      -4.208081       8.052263    
   10400.00      -4.239832       7.931599    
   10500.00      -4.272734       7.813785    
   10600.00      -4.306768       7.698730    
   10700.00      -4.341920       7.586348    
   10800.00      -4.378180       7.476550    
   10900.00      -4.415543       7.369256    
   11000.00      -4.454005       7.264388    
   11100.00      -4.493568       7.161870    
   11200.00      -4.534237       7.061632    
   11300.00      -4.576022       6.963601    
   11400.00      -4.618935       6.867713    
   11500.00      -4.663099       6.773902    
   11600.00      -4.708325       6.682107    
   11700.00      -4.754742       6.592270    
   11800.00      -4.802379       6.504332    
   11900.00      -4.851273       6.418238    
   12000.00      -4.903591       6.333945    
   12100.00      -4.955141       6.251409    
   12200.00      -5.008074       6.170565    
   12300.00      -5.062451       6.091362    
   12400.00      -5.118335       6.013759    
   12500.00      -5.175797       5.937707    
   12600.00      -5.234915       5.863166    
   12700.00      -5.298702       5.790104    
   12800.00      -5.361427       5.718497    
   12900.00      -5.426098       5.648282    
   13000.00      -5.492840       5.579420    
   13100.00      -5.561788       5.511876    
   13200.00      -5.633094       5.445615    
   13300.00      -5.706930       5.380604    
   13400.00      -5.783487       5.316811    
   13500.00      -5.862984       5.254204    
   13600.00      -5.945666       5.192752    
   13700.00      -6.031816       5.132427    
   13800.00      -6.121755       5.073200    
   13900.00      -6.215857       5.015044    
   14000.00      -6.315509       4.957942    
   14100.00      -6.419294       4.901868    
   14200.00      -6.528758       4.846787    
   14300.00      -6.644608       4.792675    
   14400.00      -6.767686       4.739509    
   14500.00      -6.899017       4.687265    
   14600.00      -7.039871       4.635921    
   14700.00      -7.194258       4.585507    
   14800.00      -7.359258       4.535952    
   14900.00      -7.539927       4.487235    
   15000.00      -7.739720       4.439336    
   15100.00      -7.963367       4.392236    
   15200.00      -8.217596       4.345918    
   15300.00      -8.512460       4.300363    
   15400.00      -8.863907       4.255553    
   15500.00      -9.299560       4.211473    
   15600.00      -9.873715       4.168105    
   15700.00      -10.71850       4.125434    
   15774.00      -11.76483       4.094297    
   15779.00      -11.86284       4.092207    
   15784.00      -11.96640       4.090118    
   15789.00      -12.07613       4.088031    
   15794.00      -12.19286       4.085946    
   15799.00      -12.31751       4.083861    
   15800.00      -12.34350       4.083445    
   15804.00      -12.45123       4.081779    
   15809.00      -12.59543       4.079699    
   15814.00      -12.75187       4.077620    
   15819.00      -12.92282       4.075542    
   15824.00      -13.11121       4.073467    
   15829.00      -13.32099       4.071393    
   15834.00      -13.55754       4.069321    
   15839.00      -13.82880       4.067251    
   15844.00      -14.14654       4.065182    
   15849.00      -14.52995       4.063114    
   15854.00      -15.01318       4.061049    
   15859.00      -15.66677       4.058985    
   15864.00      -16.67954       4.056922    
   15869.00      -19.03732       4.054862    
   15874.00      -18.28742       9.987927    
   15879.00      -16.42908       9.982911    
   15884.00      -15.50766       9.977898    
   15889.00      -14.88919       9.972887    
   15894.00      -14.42274       9.967880    
   15899.00      -14.04801       9.962876    
   15900.00      -13.98115       9.961876    
   15904.00      -13.73469       9.957875    
   15909.00      -13.46541       9.952878    
   15914.00      -13.22931       9.947885    
   15919.00      -13.01900       9.942893    
   15924.00      -12.82942       9.937905    
   15929.00      -12.65682       9.932920    
   15934.00      -12.49841       9.927938    
   15939.00      -12.35202       9.922959    
   15944.00      -12.21595       9.917984    
   15949.00      -12.08884       9.913012    
   15954.00      -11.96957       9.908042    
   15959.00      -11.85726       9.903077    
   15964.00      -11.75109       9.898114    
   15969.00      -11.65045       9.893154    
   16000.00      -11.12177       9.862473    
   16100.00      -10.01684       9.764313    
   16200.00      -9.322061       9.667377    
   16300.00      -8.818108       9.571651    
   16400.00      -8.426005       9.477112    
   16500.00      -8.108166       9.383743    
   16600.00      -7.843702       9.291530    
   16700.00      -7.619827       9.200454    
   16800.00      -7.430032       9.110516    
   16900.00      -7.264774       9.021681    
   17000.00      -7.127356       8.933995    
   17100.00      -7.003707       8.847420    
   17200.00      -6.897122       8.761901    
   17300.00      -6.805941       8.677425    
   17400.00      -6.728939       8.593974    
   17500.00      -6.665249       8.511534    
   17600.00      -6.614302       8.430091    
   17700.00      -6.575802       8.349630    
   17800.00      -6.549716       8.270140    
   17900.00      -6.536290       8.191603    
   18000.00      -6.536083       8.114007    
   18100.00      -6.550041       8.037339    
   18200.00      -6.579615       7.961586    
   18300.00      -6.626958       7.886735    
   18400.00      -6.695415       7.812772    
   18500.00      -6.789586       7.739686    
   18600.00      -6.917387       7.667465    
   18700.00      -7.092148       7.596096    
   18800.00      -7.339505       7.525568    
   18900.00      -7.719420       7.455867    
   18986.00      -8.298078       7.396578    
   18991.00      -8.347080       7.393150    
   18996.00      -8.398929       7.389722    
   19000.00      -8.442652       7.386983    
   19001.00      -8.453916       7.386298    
   19006.00      -8.512478       7.382875    
   19011.00      -8.575047       7.379455    
   19016.00      -8.642246       7.376036    
   19021.00      -8.714735       7.372620    
   19026.00      -8.793429       7.369206    
   19031.00      -8.879497       7.365793    
   19036.00      -8.974349       7.362383    
   19041.00      -9.080036       7.358974    
   19046.00      -9.199205       7.355568    
   19051.00      -9.335861       7.352162    
   19056.00      -9.495803       7.348761    
   19061.00      -9.688690       7.345359    
   19066.00      -9.931284       7.341961    
   19071.00      -10.25829       7.338566    
   19076.00      -10.76134       7.335170    
   19081.00      -11.89371       7.331779    
   19086.00      -11.67029       10.34133    
   19091.00      -10.68563       10.33692    
   19096.00      -10.20861       10.33252    
   19100.00      -9.946476       10.32899    
   19101.00      -9.890731       10.32811    
   19106.00      -9.651713       10.32371    
   19111.00      -9.460159       10.31931    
   19116.00      -9.300224       10.31492    
   19121.00      -9.162867       10.31052    
   19126.00      -9.042563       10.30613    
   19131.00      -8.935467       10.30174    
   19136.00      -8.839026       10.29735    
   19141.00      -8.751254       10.29296    
   19146.00      -8.670777       10.28858    
   19151.00      -8.596455       10.28420    
   19156.00      -8.527391       10.27982    
   19161.00      -8.462943       10.27544    
   19166.00      -8.402494       10.27107    
   19171.00      -8.345624       10.26669    
   19176.00      -8.291899       10.26232    
   19181.00      -8.241034       10.25796    
   19200.00      -8.069140       10.24138    
   19300.00      -7.479214       10.15466    
   19400.00      -7.140604       10.06883    
   19500.00      -6.931998       9.983871    
   19600.00      -6.826751       9.899781    
   19700.00      -6.851859       9.816549    
   19743.00      -6.936169       9.781022    
   19748.00      -6.951162       9.776901    
   19753.00      -6.967632       9.772781    
   19758.00      -6.985732       9.768665    
   19763.00      -7.005674       9.764549    
   19768.00      -7.027680       9.760438    
   19773.00      -7.052058       9.756326    
   19778.00      -7.079146       9.752218    
   19783.00      -7.109413       9.748111    
   19788.00      -7.143408       9.744007    
   19793.00      -7.181887       9.739906    
   19798.00      -7.225867       9.735805    
   19800.00      -7.245272       9.734166    
   19803.00      -7.276693       9.731708    
   19808.00      -7.336391       9.727611    
   19813.00      -7.407917       9.723517    
   19818.00      -7.496189       9.719425    
   19823.00      -7.609804       9.715336    
   19828.00      -7.766676       9.711249    
   19833.00      -8.014791       9.707163    
   19838.00      -8.603877       9.703080    
   19843.00      -8.403519       11.20309    
   19848.00      -7.924594       11.19883    
   19853.00      -7.682784       11.19457    
   19858.00      -7.517775       11.19032    
   19863.00      -7.391221       11.18607    
   19868.00      -7.287950       11.18182    
   19873.00      -7.200246       11.17757    
   19878.00      -7.123684       11.17332    
   19883.00      -7.055564       11.16907    
   19888.00      -6.993989       11.16483    
   19893.00      -6.937708       11.16059    
   19898.00      -6.885736       11.15635    
   19900.00      -6.866009       11.15465    
   19903.00      -6.837401       11.15211    
   19908.00      -6.792121       11.14788    
   19913.00      -6.749499       11.14364    
   19918.00      -6.709172       11.13941    
   19923.00      -6.670846       11.13518    
   19928.00      -6.634318       11.13095    
   19933.00      -6.599368       11.12673    
   19938.00      -6.565859       11.12251    
   20000.00      -6.229785       11.07029    
   20100.00      -5.845249       10.98670    
   20200.00      -5.556858       10.90389    
   20300.00      -5.309430       10.82193    
   20400.00      -5.093846       10.74070    
   20500.00      -4.901358       10.66022    
   20600.00      -4.726688       10.58047    
   20700.00      -4.615121       10.50305    
   20800.00      -4.467516       10.42715    
   20900.00      -4.329934       10.35200    
   21000.00      -4.201019       10.27759    
   21100.00      -4.079694       10.20392    
   21200.00      -3.965097       10.13097    
   21300.00      -3.856527       10.05874    
   21400.00      -3.753390       9.987205    
   21500.00      -3.655195       9.916366    
   21600.00      -3.561519       9.846211    
   21700.00      -3.475308       9.776744    
   21800.00      -3.389637       9.707979    
   21900.00      -3.307521       9.639872    
   22000.00      -3.228717       9.572412    
   22100.00      -3.153007       9.505594    
   22200.00      -3.080196       9.439408    
   22300.00      -3.010111       9.373848    
   22400.00      -2.942588       9.308903    
   22500.00      -2.877487       9.244566    
   22600.00      -2.814675       9.180829    
   22700.00      -2.754034       9.117685    
   22800.00      -2.695454       9.055129    
   22900.00      -2.638832       8.993150    
   23000.00      -2.584082       8.931741    
   23100.00      -2.534230       8.870909    
   23200.00      -2.482954       8.810637    
   23300.00      -2.433302       8.750918    
   23400.00      -2.385205       8.691740    
   23500.00      -2.338598       8.633099    
   23600.00      -2.293422       8.574987    
   23700.00      -2.249620       8.517401    
   23800.00      -2.207138       8.460331    
   23900.00      -2.165926       8.403772    
   24000.00      -2.125936       8.347718    
   24100.00      -2.087125       8.292164    
   24200.00      -2.049450       8.237103    
   24300.00      -2.012872       8.182529    
   24400.00      -1.977353       8.128437    
   24500.00      -1.942857       8.074821    
   24600.00      -1.909351       8.021674    
   24700.00      -1.876802       7.968993    
   24800.00      -1.845203       7.916772    
   24900.00      -1.841911       7.866028    
