  Element 13: Al      Atomic mass:   26.9815

  Edge          keV         A
    K         1.5596    7.9497

Scattering factors as a function of energy: 

   1000.000      -1.464256      0.7055072    
   1100.000      -1.636724      0.6034460    
   1200.000      -1.852103      0.5223654    
   1300.000      -2.145880      0.4568041    
   1400.000      -2.610600      0.4030391    
   1462.000      -3.109362      0.3744801    
   1467.000      -3.164359      0.3723125    
   1472.000      -3.222728      0.3701641    
   1477.000      -3.284874      0.3680345    
   1482.000      -3.351279      0.3659235    
   1487.000      -3.422522      0.3638309    
   1492.000      -3.499303      0.3617565    
   1497.000      -3.582489      0.3597000    
   1500.000      -3.635914      0.3584747    
   1502.000      -3.673161      0.3576613    
   1507.000      -3.772693      0.3556402    
   1512.000      -3.882877      0.3536364    
   1517.000      -4.006099      0.3516497    
   1522.000      -4.145643      0.3496800    
   1527.000      -4.306202      0.3477270    
   1532.000      -4.494831      0.3457905    
   1537.000      -4.722840      0.3438705    
   1542.000      -5.010128      0.3419665    
   1547.000      -5.396877      0.3400786    
   1552.000      -5.986352      0.3382064    
   1557.000      -7.247778      0.3363499    
   1562.000      -7.329710       4.071402    
   1567.000      -5.978118       4.069197    
   1572.000      -5.351511       4.066619    
   1577.000      -4.935689       4.063672    
   1582.000      -4.622150       4.060359    
   1587.000      -4.369208       4.056684    
   1592.000      -4.156385       4.052651    
   1597.000      -3.972092       4.048265    
   1600.000      -3.872102       4.045465    
   1602.000      -3.809134       4.043530    
   1607.000      -3.662735       4.038449    
   1612.000      -3.529566       4.033026    
   1617.000      -3.407213       4.027267    
   1622.000      -3.293871       4.021175    
   1627.000      -3.188155       4.014755    
   1632.000      -3.088982       4.008011    
   1637.000      -2.995477       4.000948    
   1642.000      -2.906960       3.993570    
   1647.000      -2.822837       3.985882    
   1652.000      -2.742635       3.977887    
   1657.000      -2.665952       3.969592    
   1700.000      -2.113099       3.886497    
   1800.000      -1.233268       3.625145    
   1900.000     -0.6498905       3.298324    
   2000.000     -0.2554404       2.938935    
   2100.000     -0.3087494       2.681528    
   2200.000     -0.1502949       2.486950    
   2300.000     -3.2166634E-02   2.313897    
   2400.000      6.0518224E-02   2.159141    
   2500.000      0.1328889       2.020114    
   2600.000      0.1899576       1.894699    
   2700.000      0.2353782       1.781130    
   2800.000      0.2719911       1.677923    
   2900.000      0.3024116       1.583822    
   3000.000      0.3310120       1.497762    
   3100.000      0.3489627       1.416397    
   3200.000      0.3622159       1.341432    
   3300.000      0.3723891       1.272234    
   3400.000      0.3798007       1.208213    
   3500.000      0.3849384       1.148861    
   3600.000      0.3881985       1.093732    
   3700.000      0.3899054       1.042433    
   3800.000      0.3903256      0.9946151    
   3900.000      0.3896300      0.9499692    
   4000.000      0.3880987      0.9082196    
   4100.000      0.3858376      0.8691200    
   4200.000      0.3829741      0.8324502    
   4300.000      0.3796155      0.7980123    
   4400.000      0.3758518      0.7656287    
   4500.000      0.3717589      0.7351390    
   4600.000      0.3674012      0.7063981    
   4700.000      0.3628328      0.6792747    
   4800.000      0.3580999      0.6536497    
   4900.000      0.3532416      0.6294150    
   5000.000      0.3482908      0.6064718    
   5100.000      0.3432757      0.5847301    
   5200.000      0.3382203      0.5641076    
   5300.000      0.3331446      0.5445290    
   5400.000      0.3280660      0.5259252    
   5500.000      0.3229988      0.5082328    
   5600.000      0.3179553      0.4913935    
   5700.000      0.3129458      0.4753535    
   5800.000      0.3079790      0.4600631    
   5900.000      0.3030620      0.4454768    
   6000.000      0.2982007      0.4315521    
   6100.000      0.2934002      0.4182499    
   6200.000      0.2886643      0.4055339    
   6300.000      0.2839964      0.3933701    
   6400.000      0.2793988      0.3817275    
   6500.000      0.2748737      0.3705769    
   6600.000      0.2704223      0.3598911    
   6700.000      0.2660457      0.3496450    
   6800.000      0.2594559      0.3398572    
   6900.000      0.2552439      0.3305207    
   7000.000      0.2511114      0.3215541    
   7100.000      0.2470576      0.3129384    
   7200.000      0.2430820      0.3046555    
   7300.000      0.2391838      0.2966885    
   7400.000      0.2353619      0.2890217    
   7500.000      0.2316153      0.2816404    
   7600.000      0.2279431      0.2745304    
   7700.000      0.2243439      0.2676789    
   7800.000      0.2208165      0.2610734    
   7900.000      0.2173596      0.2547024    
   8000.000      0.2139720      0.2485551    
   8100.000      0.2106524      0.2426211    
   8200.000      0.2073992      0.2368909    
   8300.000      0.2042113      0.2313550    
   8400.000      0.2010873      0.2260051    
   8500.000      0.1980257      0.2208328    
   8600.000      0.1950253      0.2158305    
   8700.000      0.1920848      0.2109910    
   8800.000      0.1892027      0.2063071    
   8900.000      0.1863778      0.2017725    
   9000.000      0.1835929      0.1974033    
   9100.000      0.1808642      0.1931714    
   9200.000      0.1781904      0.1890711    
   9300.000      0.1755701      0.1850970    
   9400.000      0.1730022      0.1812440    
   9500.000      0.1704852      0.1775073    
   9600.000      0.1680181      0.1738822    
   9700.000      0.1655996      0.1703644    
   9800.000      0.1632286      0.1669498    
   9900.000      0.1609039      0.1636343    
   10000.00      0.1586244      0.1604141    
   10100.00      0.1563890      0.1572857    
   10200.00      0.1541966      0.1542457    
   10300.00      0.1520462      0.1512907    
   10400.00      0.1499369      0.1484177    
   10500.00      0.1478676      0.1456236    
   10600.00      0.1458374      0.1429056    
   10700.00      0.1438453      0.1402611    
   10800.00      0.1418904      0.1376873    
   10900.00      0.1399718      0.1351818    
   11000.00      0.1380888      0.1327422    
   11100.00      0.1362403      0.1303663    
   11200.00      0.1344257      0.1280519    
   11300.00      0.1326442      0.1257969    
   11400.00      0.1308949      0.1235992    
   11500.00      0.1291770      0.1214571    
   11600.00      0.1274900      0.1193685    
   11700.00      0.1258330      0.1173319    
   11800.00      0.1242053      0.1153454    
   11900.00      0.1226064      0.1134075    
   12000.00      0.1210354      0.1115166    
   12100.00      0.1194919      0.1096712    
   12200.00      0.1179751      0.1078699    
   12300.00      0.1164845      0.1061113    
   12400.00      0.1150195      0.1043941    
   12500.00      0.1135794      0.1027170    
   12600.00      0.1121638      0.1010787    
   12700.00      0.1107721      9.9478133E-02
   12800.00      0.1094037      9.7914107E-02
   12900.00      0.1080582      9.6385546E-02
   13000.00      0.1067350      9.4891384E-02
   13100.00      0.1054337      9.3430609E-02
   13200.00      0.1041538      9.2002258E-02
   13300.00      0.1028947      9.0605363E-02
   13400.00      0.1016562      8.9239046E-02
   13500.00      0.1004376      8.7902404E-02
   13600.00      9.9238679E-02  8.6594604E-02
   13700.00      9.8058924E-02  8.5314840E-02
   13800.00      9.6897922E-02  8.4062308E-02
   13900.00      9.5755316E-02  8.2836263E-02
   14000.00      9.4630681E-02  8.1635959E-02
   14100.00      9.3523666E-02  8.0460690E-02
   14200.00      9.2433907E-02  7.9309791E-02
   14300.00      9.1361031E-02  7.8182571E-02
   14400.00      9.0304710E-02  7.7078417E-02
   14500.00      8.9264572E-02  7.5996697E-02
   14600.00      8.8240311E-02  7.4936815E-02
   14700.00      8.7231614E-02  7.3898204E-02
   14800.00      8.6238131E-02  7.2880290E-02
   14900.00      8.5259594E-02  7.1882553E-02
   15000.00      8.4295675E-02  7.0904449E-02
   15100.00      8.3346091E-02  6.9945484E-02
   15200.00      8.2410567E-02  6.9005169E-02
   15300.00      8.1488810E-02  6.8083018E-02
   15400.00      8.0580562E-02  6.7178592E-02
   15500.00      7.9685539E-02  6.6291422E-02
   15600.00      7.8803502E-02  6.5421090E-02
   15700.00      7.7934206E-02  6.4567178E-02
   15800.00      7.7077374E-02  6.3729279E-02
   15900.00      7.6232798E-02  6.2906995E-02
   16000.00      7.5400226E-02  6.2099952E-02
   16100.00      7.4579425E-02  6.1307777E-02
   16200.00      7.3770180E-02  6.0530111E-02
   16300.00      7.2972290E-02  5.9766624E-02
   16400.00      7.2185509E-02  5.9016950E-02
   16500.00      7.1409643E-02  5.8280770E-02
   16600.00      7.0644490E-02  5.7557773E-02
   16700.00      6.9889851E-02  5.6847651E-02
   16800.00      6.9145538E-02  5.6150112E-02
   16900.00      6.8411350E-02  5.5464841E-02
   17000.00      6.7687102E-02  5.4791566E-02
   17100.00      6.6972613E-02  5.4130018E-02
   17200.00      6.6267721E-02  5.3479929E-02
   17300.00      6.5572247E-02  5.2841045E-02
   17400.00      6.4886004E-02  5.2213095E-02
   17500.00      6.4208835E-02  5.1595848E-02
   17600.00      6.3540585E-02  5.0989062E-02
   17700.00      6.2881097E-02  5.0392505E-02
   17800.00      6.2230218E-02  4.9805965E-02
   17900.00      6.1587781E-02  4.9229197E-02
   18000.00      6.0953643E-02  4.8662003E-02
   18100.00      6.0327668E-02  4.8104174E-02
   18200.00      5.9709709E-02  4.7555506E-02
   18300.00      5.9099637E-02  4.7015816E-02
   18400.00      5.8497295E-02  4.6484891E-02
   18500.00      5.7902563E-02  4.5962550E-02
   18600.00      5.7315309E-02  4.5448616E-02
   18700.00      5.6735408E-02  4.4942915E-02
   18800.00      5.6162745E-02  4.4445280E-02
   18900.00      5.5597175E-02  4.3955524E-02
   19000.00      5.5038590E-02  4.3473493E-02
   19100.00      5.4486874E-02  4.2999033E-02
   19200.00      5.3941913E-02  4.2531982E-02
   19300.00      5.3403601E-02  4.2072203E-02
   19400.00      5.2871812E-02  4.1619524E-02
   19500.00      5.2346446E-02  4.1173819E-02
   19600.00      5.1827401E-02  4.0734943E-02
   19700.00      5.1314570E-02  4.0302757E-02
   19800.00      5.0807860E-02  3.9877143E-02
   19900.00      5.0307158E-02  3.9457947E-02
   20000.00      4.9812373E-02  3.9045054E-02
   20100.00      4.9323410E-02  3.8638342E-02
   20200.00      4.8840173E-02  3.8237687E-02
   20300.00      4.8362583E-02  3.7842982E-02
   20400.00      4.7890533E-02  3.7454091E-02
   20500.00      4.7423940E-02  3.7070919E-02
   20600.00      4.6962719E-02  3.6693346E-02
   20700.00      4.6506789E-02  3.6321271E-02
   20800.00      4.6056069E-02  3.5954595E-02
   20900.00      4.5610469E-02  3.5593200E-02
   21000.00      4.5169909E-02  3.5236999E-02
   21100.00      4.4734314E-02  3.4885891E-02
   21200.00      4.4303607E-02  3.4539782E-02
   21300.00      4.3877721E-02  3.4198582E-02
   21400.00      4.3456566E-02  3.3862192E-02
   21500.00      4.3040074E-02  3.3530530E-02
   21600.00      4.2628180E-02  3.3203505E-02
   21700.00      4.2220809E-02  3.2881036E-02
   21800.00      4.1817904E-02  3.2563042E-02
   21900.00      4.1419376E-02  3.2249436E-02
   22000.00      4.1025169E-02  3.1940144E-02
   22100.00      4.0635221E-02  3.1635083E-02
   22200.00      4.0249467E-02  3.1334180E-02
   22300.00      3.9867848E-02  3.1037370E-02
   22400.00      3.9490290E-02  3.0744568E-02
   22500.00      3.9116740E-02  3.0455707E-02
   22600.00      3.8747136E-02  3.0170718E-02
   22700.00      3.8381424E-02  2.9889535E-02
   22800.00      3.8019549E-02  2.9612094E-02
   22900.00      3.7661444E-02  2.9338324E-02
   23000.00      3.7307058E-02  2.9068165E-02
   23100.00      3.6956336E-02  2.8801553E-02
   23200.00      3.6609225E-02  2.8538428E-02
   23300.00      3.6265679E-02  2.8278736E-02
   23400.00      3.5925634E-02  2.8022410E-02
   23500.00      3.5589043E-02  2.7769398E-02
   23600.00      3.5255857E-02  2.7519641E-02
   23700.00      3.4926023E-02  2.7273087E-02
   23800.00      3.4599505E-02  2.7029688E-02
   23900.00      3.4276240E-02  2.6789378E-02
   24000.00      3.3956185E-02  2.6552116E-02
   24100.00      3.3639293E-02  2.6317848E-02
   24200.00      3.3325519E-02  2.6086524E-02
   24300.00      3.3014823E-02  2.5858104E-02
   24400.00      3.2707151E-02  2.5632529E-02
   24500.00      3.2402463E-02  2.5409756E-02
   24600.00      3.2100718E-02  2.5189742E-02
   24700.00      3.1801868E-02  2.4972443E-02
   24800.00      3.1505883E-02  2.4757817E-02
   24900.00      3.1212706E-02  2.4545815E-02
