  Element 18: Ar      Atomic mass:   39.9480

  Edge          keV         A
    K         3.2029    3.8710

Scattering factors as a function of energy: 

   1000.000     -0.3500823       2.901179    
   1100.000     -0.4042558       2.494321    
   1200.000     -0.4704154       2.168999    
   1300.000     -0.5458791       1.904572    
   1400.000     -0.6211109       1.687136    
   1500.000     -0.6972093       1.505730    
   1600.000     -0.7736521       1.352692    
   1700.000     -0.8504806       1.222312    
   1800.000     -0.9280975       1.110262    
   1900.000      -1.007170       1.013211    
   2000.000      -1.088599      0.9285567    
   2100.000      -1.173531      0.8542457    
   2200.000      -1.263422      0.7886348    
   2300.000      -1.360150      0.7303991    
   2400.000      -1.466218      0.6784581    
   2500.000      -1.585093      0.6319246    
   2600.000      -1.721832      0.5900635    
   2700.000      -1.884280      0.5522617    
   2800.000      -2.085649      0.5180045    
   2900.000      -2.350903      0.4868570    
   3000.000      -2.736580      0.4584496    
   3100.000      -3.423681      0.4327184    
   3105.000      -3.475606      0.4314899    
   3110.000      -3.530453      0.4302667    
   3115.000      -3.588559      0.4290487    
   3120.000      -3.650306      0.4278360    
   3125.000      -3.716162      0.4266285    
   3130.000      -3.786680      0.4254262    
   3135.000      -3.862529      0.4242290    
   3140.000      -3.944547      0.4230369    
   3145.000      -4.033762      0.4218499    
   3150.000      -4.131505      0.4206680    
   3155.000      -4.239482      0.4194911    
   3160.000      -4.359991      0.4183191    
   3165.000      -4.496166      0.4171522    
   3170.000      -4.652510      0.4159902    
   3175.000      -4.835736      0.4148331    
   3180.000      -5.056615      0.4136809    
   3185.000      -5.333928      0.4125335    
   3190.000      -5.705324      0.4113909    
   3195.000      -6.265577      0.4102532    
   3200.000      -7.420866      0.4091202    
   3205.000      -7.788341       4.074234    
   3210.000      -6.351300       4.064768    
   3215.000      -5.716706       4.055332    
   3220.000      -5.301975       4.045927    
   3225.000      -4.992483       4.036551    
   3230.000      -4.744990       4.027205    
   3235.000      -4.538484       4.017889    
   3240.000      -4.361100       4.008603    
   3245.000      -4.205518       3.999347    
   3250.000      -4.066862       3.990120    
   3255.000      -3.941749       3.980922    
   3260.000      -3.827725       3.971754    
   3265.000      -3.722939       3.962614    
   3270.000      -3.625988       3.953504    
   3275.000      -3.535753       3.944423    
   3280.000      -3.451354       3.935370    
   3285.000      -3.372064       3.926346    
   3290.000      -3.297295       3.917351    
   3295.000      -3.226546       3.908384    
   3300.000      -3.159407       3.899445    
   3400.000      -2.249549       3.726436    
   3500.000      -1.718718       3.563826    
   3600.000      -1.348187       3.410820    
   3700.000      -1.068338       3.266695    
   3800.000     -0.8474337       3.130798    
   3900.000     -0.6681184       3.002530    
   4000.000     -0.5197731       2.881350    
   4100.000     -0.3953843       2.766758    
   4200.000     -0.3013085       2.659280    
   4300.000     -0.2121259       2.559429    
   4400.000     -0.1352483       2.465136    
   4500.000     -6.8604887E-02   2.375990    
   4600.000     -1.0570680E-02   2.291616    
   4700.000      3.9594159E-02   2.211690    
   4800.000      8.4072031E-02   2.135890    
   4900.000      0.1231636       2.063929    
   5000.000      0.1575869       1.995549    
   5100.000      0.1879433       1.930513    
   5200.000      0.2147403       1.868604    
   5300.000      0.2384094       1.809621    
   5400.000      0.2593196       1.753381    
   5500.000      0.2777888       1.699715    
   5600.000      0.2940916       1.648466    
   5700.000      0.3083564       1.599490    
   5800.000      0.3210145       1.552653    
   5900.000      0.3321360       1.507832    
   6000.000      0.3418850       1.464909    
   6100.000      0.3493519       1.423804    
   6200.000      0.3567545       1.384394    
   6300.000      0.3631595       1.346584    
   6400.000      0.3686656       1.310289    
   6500.000      0.3744660       1.275339    
   6600.000      0.3784376       1.241742    
   6700.000      0.3817409       1.209434    
   6800.000      0.3844392       1.178350    
   6900.000      0.3865895       1.148428    
   7000.000      0.3882431       1.119612    
   7100.000      0.3894464       1.091846    
   7200.000      0.3902411       1.065080    
   7300.000      0.3906651       1.039268    
   7400.000      0.3907526       1.014363    
   7500.000      0.3905347      0.9903240    
   7600.000      0.3900394      0.9671112    
   7700.000      0.3892926      0.9446871    
   7800.000      0.3883174      0.9230161    
   7900.000      0.3871351      0.9020650    
   8000.000      0.3857651      0.8818024    
   8100.000      0.3842248      0.8621982    
   8200.000      0.3825305      0.8432245    
   8300.000      0.3806968      0.8248543    
   8400.000      0.3787371      0.8070626    
   8500.000      0.3766637      0.7898250    
   8600.000      0.3744878      0.7731190    
   8700.000      0.3722196      0.7569231    
   8800.000      0.3698684      0.7412166    
   8900.000      0.3674430      0.7259803    
   9000.000      0.3649454      0.7112870    
   9100.000      0.3623971      0.6970285    
   9200.000      0.3598047      0.6831880    
   9300.000      0.3571742      0.6697488    
   9400.000      0.3545108      0.6566958    
   9500.000      0.3518198      0.6440143    
   9600.000      0.3491055      0.6316903    
   9700.000      0.3463724      0.6197104    
   9800.000      0.3436241      0.6080620    
   9900.000      0.3408642      0.5967331    
   10000.00      0.3380960      0.5857118    
   10100.00      0.3353224      0.5749872    
   10200.00      0.3325461      0.5645489    
   10300.00      0.3297696      0.5543865    
   10400.00      0.3269953      0.5444906    
   10500.00      0.3242249      0.5348520    
   10600.00      0.3214606      0.5254616    
   10700.00      0.3187041      0.5163113    
   10800.00      0.3159569      0.5073927    
   10900.00      0.3132205      0.4986983    
   11000.00      0.3104961      0.4902204    
   11100.00      0.3077849      0.4819521    
   11200.00      0.3050881      0.4738865    
   11300.00      0.3024066      0.4660170    
   11400.00      0.2997413      0.4583374    
   11500.00      0.2970211      0.4508416    
   11600.00      0.2943898      0.4435241    
   11700.00      0.2917761      0.4363791    
   11800.00      0.2891814      0.4294011    
   11900.00      0.2866062      0.4225851    
   12000.00      0.2840508      0.4159260    
   12100.00      0.2815157      0.4094191    
   12200.00      0.2790014      0.4030599    
   12300.00      0.2765078      0.3968438    
   12400.00      0.2740355      0.3907667    
   12500.00      0.2715846      0.3848244    
   12600.00      0.2691552      0.3790131    
   12700.00      0.2667476      0.3733289    
   12800.00      0.2643617      0.3677680    
   12900.00      0.2619978      0.3623272    
   13000.00      0.2596559      0.3570029    
   13100.00      0.2573360      0.3517917    
   13200.00      0.2550381      0.3466907    
   13300.00      0.2527622      0.3416966    
   13400.00      0.2505083      0.3368067    
   13500.00      0.2482764      0.3320178    
   13600.00      0.2460662      0.3273274    
   13700.00      0.2438776      0.3227328    
   13800.00      0.2417097      0.3182313    
   13900.00      0.2385141      0.3138254    
   14000.00      0.2363776      0.3095261    
   14100.00      0.2342711      0.3053127    
   14200.00      0.2321870      0.3011830    
   14300.00      0.2301248      0.2971347    
   14400.00      0.2280843      0.2931658    
   14500.00      0.2260652      0.2892741    
   14600.00      0.2240673      0.2854576    
   14700.00      0.2220906      0.2817146    
   14800.00      0.2201347      0.2780430    
   14900.00      0.2181995      0.2744412    
   15000.00      0.2162848      0.2709073    
   15100.00      0.2143905      0.2674396    
   15200.00      0.2125162      0.2640366    
   15300.00      0.2106619      0.2606966    
   15400.00      0.2088273      0.2574181    
   15500.00      0.2070121      0.2541995    
   15600.00      0.2052163      0.2510396    
   15700.00      0.2034396      0.2479368    
   15800.00      0.2016818      0.2448897    
   15900.00      0.1999427      0.2418972    
   16000.00      0.1982220      0.2389577    
   16100.00      0.1965196      0.2360703    
   16200.00      0.1948353      0.2332335    
   16300.00      0.1931690      0.2304464    
   16400.00      0.1915202      0.2277075    
   16500.00      0.1898889      0.2250160    
   16600.00      0.1882748      0.2223707    
   16700.00      0.1866779      0.2197706    
   16800.00      0.1850978      0.2172147    
   16900.00      0.1835343      0.2147019    
   17000.00      0.1819873      0.2122313    
   17100.00      0.1804565      0.2098020    
   17200.00      0.1789418      0.2074131    
   17300.00      0.1774430      0.2050637    
   17400.00      0.1759599      0.2027528    
   17500.00      0.1744923      0.2004798    
   17600.00      0.1730399      0.1982437    
   17700.00      0.1716027      0.1960438    
   17800.00      0.1701804      0.1938794    
   17900.00      0.1687728      0.1917495    
   18000.00      0.1673798      0.1896536    
   18100.00      0.1660012      0.1875909    
   18200.00      0.1646368      0.1855607    
   18300.00      0.1632864      0.1835625    
   18400.00      0.1619499      0.1815953    
   18500.00      0.1606271      0.1796587    
   18600.00      0.1593177      0.1777521    
   18700.00      0.1580217      0.1758747    
   18800.00      0.1567390      0.1740261    
   18900.00      0.1554692      0.1722057    
   19000.00      0.1542122      0.1704127    
   19100.00      0.1529680      0.1686469    
   19200.00      0.1517363      0.1669075    
   19300.00      0.1505170      0.1651941    
   19400.00      0.1493098      0.1635062    
   19500.00      0.1481148      0.1618432    
   19600.00      0.1469317      0.1602047    
   19700.00      0.1457603      0.1585902    
   19800.00      0.1446006      0.1569992    
   19900.00      0.1434524      0.1554314    
   20000.00      0.1423155      0.1538862    
   20100.00      0.1411898      0.1523631    
   20200.00      0.1400751      0.1508619    
   20300.00      0.1389714      0.1493821    
   20400.00      0.1378785      0.1479233    
   20500.00      0.1367962      0.1464850    
   20600.00      0.1357245      0.1450670    
   20700.00      0.1346631      0.1436688    
   20800.00      0.1336120      0.1422901    
   20900.00      0.1325710      0.1409305    
   21000.00      0.1315401      0.1395897    
   21100.00      0.1305190      0.1382673    
   21200.00      0.1295077      0.1369630    
   21300.00      0.1285060      0.1356765    
   21400.00      0.1275139      0.1344074    
   21500.00      0.1265312      0.1331555    
   21600.00      0.1255578      0.1319204    
   21700.00      0.1245935      0.1307018    
   21800.00      0.1236384      0.1294995    
   21900.00      0.1226922      0.1283132    
   22000.00      0.1217548      0.1271425    
   22100.00      0.1208262      0.1259872    
   22200.00      0.1199062      0.1248471    
   22300.00      0.1189948      0.1237219    
   22400.00      0.1180918      0.1226113    
   22500.00      0.1171972      0.1215151    
   22600.00      0.1163107      0.1204330    
   22700.00      0.1154324      0.1193648    
   22800.00      0.1145622      0.1183103    
   22900.00      0.1136999      0.1172692    
   23000.00      0.1128454      0.1162414    
   23100.00      0.1119987      0.1152265    
   23200.00      0.1111597      0.1142243    
   23300.00      0.1103282      0.1132348    
   23400.00      0.1095042      0.1122576    
   23500.00      0.1086876      0.1112925    
   23600.00      0.1078783      0.1103394    
   23700.00      0.1070762      0.1093981    
   23800.00      0.1062813      0.1084683    
   23900.00      0.1054934      0.1075499    
   24000.00      0.1047125      0.1066428    
   24100.00      0.1039384      0.1057466    
   24200.00      0.1031712      0.1048612    
   24300.00      0.1024107      0.1039866    
   24400.00      0.1016569      0.1031225    
   24500.00      0.1009097      0.1022686    
   24600.00      0.1001689      0.1014250    
   24700.00      9.9434562E-02  0.1005914    
   24800.00      9.8706596E-02  9.9767618E-02
   24900.00      9.7984895E-02  9.8953560E-02
