  Element 33: As      Atomic mass:   74.9216

  Edge          keV         A
    K        11.8667    1.0448
    L-I       1.5265    8.1221
    L-II      1.3586    9.1259
    L-III     1.3231    9.3707

Scattering factors as a function of energy: 

   1000.000      -9.429335       3.484835    
   1100.000      -10.50740       3.068583    
   1200.000      -12.45976       2.726221    
   1226.000      -13.32295       2.647042    
   1231.000      -13.52381       2.632231    
   1236.000      -13.73969       2.617549    
   1241.000      -13.97290       2.602995    
   1246.000      -14.22623       2.588568    
   1251.000      -14.50320       2.574266    
   1256.000      -14.80822       2.560088    
   1261.000      -15.14697       2.546031    
   1261.000      -15.14697       2.546031    
   1266.000      -15.52682       2.532096    
   1266.000      -15.52682       2.532096    
   1271.000      -15.95758       2.518280    
   1271.000      -15.95758       2.518280    
   1276.000      -16.45258       2.504581    
   1276.000      -16.45258       2.504581    
   1281.000      -17.03035       2.490999    
   1281.000      -17.03035       2.490999    
   1286.000      -17.71758       2.477531    
   1286.000      -17.71758       2.477531    
   1291.000      -18.55410       2.464178    
   1291.000      -18.55410       2.464178    
   1296.000      -19.60247       2.450936    
   1296.000      -19.60247       2.450936    
   1300.000      -20.66173       2.440423    
   1301.000      -20.96742       2.437805    
   1301.000      -20.96742       2.437805    
   1306.000      -22.84129       2.424784    
   1306.000      -22.84129       2.424784    
   1311.000      -25.63062       2.411871    
   1311.000      -25.63062       2.411871    
   1316.000      -30.43916       2.399066    
   1316.000      -30.43916       2.399066    
   1321.000      -42.96489       2.386366    
   1321.000      -42.96489       2.386366    
   1326.000      -36.88134       37.12148    
   1326.000      -36.88134       37.12148    
   1331.000      -23.81698       32.86283    
   1331.000      -23.81698       32.86283    
   1336.000      -18.21088       29.21878    
   1336.000      -18.21088       29.21878    
   1341.000      -15.38761       26.09086    
   1341.000      -15.38761       26.09086    
   1346.000      -14.29931       23.39770    
   1346.000      -14.29931       23.39770    
   1351.000      -14.89571       21.07187    
   1351.000      -14.89571       21.07187    
   1356.000      -19.10551       19.05730    
   1356.000      -19.10551       19.05730    
   1361.000      -17.71439       34.55799    
   1361.000      -17.71439       34.55799    
   1366.000      -9.902804       30.98588    
   1366.000      -9.902804       30.98588    
   1371.000      -6.451541       27.89469    
   1371.000      -6.451541       27.89469    
   1376.000      -4.473392       25.21188    
   1376.000      -4.473392       25.21188    
   1381.000      -3.272238       22.87692    
   1381.000      -3.272238       22.87692    
   1386.000      -2.547956       20.83909    
   1386.000      -2.547956       20.83909    
   1391.000      -2.139610       19.05578    
   1391.000      -2.139610       19.05578    
   1396.000      -1.947594       17.49110    
   1396.000      -1.947594       17.49110    
   1400.000      -1.906566       16.37623    
   1401.000      -1.908722       16.11472    
   1401.000      -1.908722       16.11472    
   1406.000      -1.979324       14.90097    
   1406.000      -1.979324       14.90097    
   1411.000      -2.128795       13.82806    
   1411.000      -2.128795       13.82806    
   1416.000      -2.335210       12.87744    
   1416.000      -2.335210       12.87744    
   1421.000      -2.582657       12.03327    
   1421.000      -2.582657       12.03327    
   1426.000      -2.858711       11.28202    
   1429.000      -3.035664       10.87096    
   1431.000      -3.156718       10.61208    
   1434.000      -3.342456       10.24493    
   1436.000      -3.468604       10.01348    
   1439.000      -3.660655       9.684943    
   1441.000      -3.790241       9.477643    
   1444.000      -3.986477       9.183137    
   1446.000      -4.118299       8.997155    
   1449.000      -4.317206       8.732725    
   1451.000      -4.450428       8.565610    
   1454.000      -4.650976       8.327834    
   1456.000      -4.785047       8.177460    
   1459.000      -4.986594       7.963365    
   1464.000      -5.323416       7.634889    
   1469.000      -5.661268       7.338550    
   1474.000      -6.000402       7.070988    
   1479.000      -6.341493       6.829267    
   1484.000      -6.685682       6.610822    
   1489.000      -7.034696       6.413407    
   1494.000      -7.391076       6.235057    
   1499.000      -7.758647       6.074046    
   1500.000      -7.833984       6.043787    
   1504.000      -8.143474       5.928864    
   1509.000      -8.556079       5.798186    
   1514.000      -9.017524       5.680850    
   1519.000      -9.581702       5.575845    
   1524.000      -10.49753       5.482283    
   1529.000      -10.74992       7.293207    
   1534.000      -10.33972       7.215660    
   1539.000      -10.28549       7.147589    
   1544.000      -10.33768       7.088501    
   1549.000      -10.44271       7.037976    
   1554.000      -10.58016       6.995667    
   1559.000      -10.74015       6.961286    
   1564.000      -10.91732       6.934611    
   1569.000      -11.10853       6.915473    
   1574.000      -11.31185       6.903756    
   1579.000      -11.52614       6.899396    
   1584.000      -11.75070       6.902381    
   1589.000      -11.98520       6.912745    
   1594.000      -12.22952       6.930571    
   1599.000      -12.48373       6.955991    
   1600.000      -12.53578       6.962002    
   1604.000      -12.74801       6.989188    
   1609.000      -13.02272       7.030393    
   1614.000      -13.30825       7.079892    
   1619.000      -13.60511       7.138022    
   1624.000      -13.91390       7.205182    
   1700.000      -20.74950       9.869416    
   1800.000      -3.552651       11.95705    
   1900.000      -2.690663       11.04163    
   2000.000      -2.021769       10.23876    
   2100.000      -1.535833       9.514412    
   2200.000      -1.162870       8.867381    
   2300.000     -0.8732193       8.286686    
   2400.000     -0.6465170       7.763263    
   2500.000     -0.4682811       7.289583    
   2600.000     -0.3279317       6.859340    
   2700.000     -0.2076773       6.464999    
   2800.000     -0.1174221       6.100526    
   2900.000     -5.1044028E-02   5.765710    
   3000.000     -3.8216980E-03   5.457530    
   3100.000      3.1523775E-02   5.175311    
   3200.000      5.6195986E-02   4.914834    
   3300.000      7.2109155E-02   4.673888    
   3400.000      8.0811761E-02   4.450536    
   3500.000      8.3562613E-02   4.243082    
   3600.000      8.1391051E-02   4.050028    
   3700.000      7.5142905E-02   3.870053    
   3800.000      6.5516859E-02   3.701986    
   3900.000      5.2611321E-02   3.544797    
   4000.000      3.7832122E-02   3.397550    
   4100.000      2.1137524E-02   3.259409    
   4200.000      2.8622695E-03   3.129628    
   4300.000     -1.6713578E-02   3.007537    
   4400.000     -3.7355002E-02   2.892534    
   4500.000     -5.8865067E-02   2.784072    
   4600.000     -8.1078410E-02   2.681660    
   4700.000     -0.1038563       2.584851    
   4800.000     -0.1270824       2.493236    
   4900.000     -0.1506592       2.406449    
   5000.000     -0.1745056       2.324152    
   5100.000     -0.1985538       2.246036    
   5200.000     -0.2227479       2.171820    
   5300.000     -0.2470421       2.101246    
   5400.000     -0.2713985       2.034077    
   5500.000     -0.2957873       1.970095    
   5600.000     -0.3201844       1.909100    
   5700.000     -0.3445683       1.850907    
   5800.000     -0.3722760       1.795460    
   5900.000     -0.3987048       1.742554    
   6000.000     -0.4229532       1.692062    
   6100.000     -0.4471485       1.643750    
   6200.000     -0.4712933       1.597494    
   6300.000     -0.4953918       1.553177    
   6400.000     -0.5194498       1.510691    
   6500.000     -0.5434756       1.469935    
   6600.000     -0.5674836       1.430815    
   6700.000     -0.5951601       1.393386    
   6800.000     -0.6191666       1.357447    
   6900.000     -0.6431822       1.322897    
   7000.000     -0.6672234       1.289664    
   7100.000     -0.6913077       1.257681    
   7200.000     -0.7154541       1.226885    
   7300.000     -0.7396829       1.197217    
   7400.000     -0.7640153       1.168624    
   7500.000     -0.7884746       1.141051    
   7600.000     -0.8130853       1.114452    
   7700.000     -0.8378736       1.088781    
   7800.000     -0.8628673       1.063993    
   7900.000     -0.8880959       1.040049    
   8000.000     -0.9135913       1.016910    
   8100.000     -0.9393874      0.9945406    
   8200.000     -0.9655202      0.9729064    
   8300.000     -0.9920292      0.9519748    
   8400.000      -1.018956      0.9317159    
   8500.000      -1.046346      0.9121004    
   8600.000      -1.074249      0.8931014    
   8700.000      -1.102717      0.8746931    
   8800.000      -1.131810      0.8568507    
   8900.000      -1.161590      0.8395514    
   9000.000      -1.192185      0.8228930    
   9100.000      -1.223608      0.8067341    
   9200.000      -1.255944      0.7910547    
   9300.000      -1.289289      0.7758356    
   9400.000      -1.323748      0.7610589    
   9500.000      -1.359442      0.7467071    
   9600.000      -1.396506      0.7327641    
   9700.000      -1.435091      0.7192142    
   9800.000      -1.475373      0.7060425    
   9900.000      -1.517552      0.6932349    
   10000.00      -1.561863      0.6807779    
   10100.00      -1.608575      0.6686586    
   10200.00      -1.658008      0.6568649    
   10300.00      -1.710545      0.6453850    
   10400.00      -1.766640      0.6342077    
   10500.00      -1.826852      0.6233222    
   10600.00      -1.891866      0.6127184    
   10700.00      -1.962539      0.6023866    
   10800.00      -2.039969      0.5923173    
   10900.00      -2.125583      0.5825018    
   11000.00      -2.221288      0.5729312    
   11100.00      -2.329711      0.5635975    
   11200.00      -2.454608      0.5544930    
   11300.00      -2.601625      0.5456098    
   11400.00      -2.779780      0.5369410    
   11500.00      -3.004832      0.5284795    
   11600.00      -3.308127      0.5202186    
   11700.00      -3.767294      0.5121522    
   11769.00      -4.303414      0.5066964    
   11774.00      -4.356803      0.5063044    
   11779.00      -4.413270      0.5059130    
   11784.00      -4.473176      0.5055220    
   11789.00      -4.536944      0.5051315    
   11794.00      -4.605115      0.5047414    
   11799.00      -4.678308      0.5043518    
   11800.00      -4.693621      0.5042739    
   11804.00      -4.757299      0.5039626    
   11809.00      -4.843057      0.5035739    
   11814.00      -4.936817      0.5031856    
   11819.00      -5.040181      0.5027978    
   11824.00      -5.155290      0.5024104    
   11829.00      -5.285084      0.5020235    
   11834.00      -5.433736      0.5016371    
   11839.00      -5.607609      0.5012511    
   11844.00      -5.816780      0.5008656    
   11849.00      -6.078978      0.5004805    
   11854.00      -6.429896      0.5000958    
   11859.00      -6.960586      0.4997116    
   11864.00      -8.076112      0.4993278    
   11869.00      -8.254848       3.865319    
   11874.00      -7.011160       3.861774    
   11879.00      -6.446832       3.858236    
   11884.00      -6.076585       3.854706    
   11889.00      -5.800160       3.851182    
   11894.00      -5.579269       3.847666    
   11899.00      -5.395152       3.844157    
   11900.00      -5.361740       3.843457    
   11904.00      -5.237200       3.840655    
   11909.00      -5.098830       3.837161    
   11914.00      -4.975692       3.833674    
   11919.00      -4.864691       3.830194    
   11924.00      -4.763636       3.826720    
   11929.00      -4.670869       3.823254    
   11934.00      -4.585117       3.819795    
   11939.00      -4.505380       3.816343    
   11944.00      -4.430857       3.812897    
   11949.00      -4.360900       3.809459    
   11954.00      -4.294974       3.806028    
   11959.00      -4.232644       3.802605    
   11964.00      -4.173512       3.799188    
   12000.00      -3.819016       3.774788    
   12100.00      -3.181885       3.708845    
   12200.00      -2.772388       3.645494    
   12300.00      -2.470868       3.584609    
   12400.00      -2.233180       3.526073    
   12500.00      -2.037926       3.469776    
   12600.00      -1.873044       3.415612    
   12700.00      -1.731026       3.363485    
   12800.00      -1.606859       3.313302    
   12900.00      -1.497025       3.264975    
   13000.00      -1.398948       3.218422    
   13100.00      -1.310685       3.173567    
   13200.00      -1.230730       3.130335    
   13300.00      -1.157891       3.088657    
   13400.00      -1.091206       3.048468    
   13500.00      -1.029888       3.009706    
   13600.00     -0.9732839       2.972312    
   13700.00     -0.9208464       2.936231    
   13800.00     -0.8721094       2.901409    
   13900.00     -0.8266758       2.867798    
   14000.00     -0.7842017       2.835349    
   14100.00     -0.7443893       2.804018    
   14200.00     -0.7069778       2.773762    
   14300.00     -0.6717373       2.744539    
   14400.00     -0.6384651       2.716313    
   14500.00     -0.6069801       2.689046    
   14600.00     -0.5771215       2.662703    
   14700.00     -0.5487446       2.637251    
   14800.00     -0.5217186       2.612658    
   14900.00     -0.4959261       2.588894    
   15000.00     -0.4712596       2.565931    
   15100.00     -0.4476219       2.543740    
   15200.00     -0.4249241       2.522297    
   15300.00     -0.4030842       2.501575    
   15400.00     -0.3820317       2.481552    
   15500.00     -0.2537031       2.457054    
   15600.00     -0.2314214       2.431130    
   15700.00     -0.2100757       2.405610    
   15800.00     -0.1896170       2.380485    
   15900.00     -0.1699997       2.355747    
   16000.00     -0.1511804       2.331387    
   16100.00     -0.1331194       2.307398    
   16200.00     -0.1157795       2.283772    
   16300.00     -9.9125974E-02   2.260503    
   16400.00     -8.3125629E-02   2.237581    
   16500.00     -6.7748182E-02   2.215002    
   16600.00     -5.2964929E-02   2.192758    
   16700.00     -3.8748894E-02   2.170842    
   16800.00     -2.5074953E-02   2.149248    
   16900.00     -1.1918684E-02   2.127970    
   17000.00      7.4218388E-04   2.107000    
   17100.00      1.2928919E-02   2.086334    
   17200.00      2.4661615E-02   2.065966    
   17300.00      3.5959065E-02   2.045889    
   17400.00      4.6839688E-02   2.026098    
   17500.00      5.7320297E-02   2.006588    
   17600.00      6.7417055E-02   1.987354    
   17700.00      7.7145278E-02   1.968389    
   17800.00      8.6519368E-02   1.949690    
   17900.00      9.5553502E-02   1.931251    
   18000.00      0.1042607       1.913067    
   18100.00      0.1126534       1.895134    
   18200.00      0.1207435       1.877446    
   18300.00      0.1285424       1.860001    
   18400.00      0.1360610       1.842792    
   18500.00      0.1433097       1.825816    
   18600.00      0.1502983       1.809069    
   18700.00      0.1570361       1.792546    
   18800.00      0.1635175       1.776244    
   18900.00      0.1697807       1.760158    
   19000.00      0.1758191       1.744285    
   19100.00      0.1816405       1.728621    
   19200.00      0.1872524       1.713162    
   19300.00      0.1926621       1.697905    
   19400.00      0.1978766       1.682846    
   19500.00      0.2029025       1.667982    
   19600.00      0.2077461       1.653309    
   19700.00      0.2124137       1.638824    
   19800.00      0.2169109       1.624525    
   19900.00      0.2212437       1.610407    
   20000.00      0.2254172       1.596468    
   20100.00      0.2294368       1.582704    
   20200.00      0.2333074       1.569113    
   20300.00      0.2370338       1.555692    
   20400.00      0.2406207       1.542439    
   20500.00      0.2440726       1.529349    
   20600.00      0.2473937       1.516421    
   20700.00      0.2505882       1.503651    
   20800.00      0.2536599       1.491039    
   20900.00      0.2566130       1.478580    
   21000.00      0.2594509       1.466272    
   21100.00      0.2621772       1.454113    
   21200.00      0.2647954       1.442100    
   21300.00      0.2673087       1.430232    
   21400.00      0.2697205       1.418505    
   21500.00      0.2720338       1.406918    
   21600.00      0.2742515       1.395469    
   21700.00      0.2763766       1.384154    
   21800.00      0.2784117       1.372973    
   21900.00      0.2803596       1.361922    
   22000.00      0.2822230       1.351001    
   22100.00      0.2840042       1.340206    
   22200.00      0.2857057       1.329536    
   22300.00      0.2873298       1.318990    
   22400.00      0.2888789       1.308565    
   22500.00      0.2903550       1.298259    
   22600.00      0.2917604       1.288070    
   22700.00      0.2930970       1.277997    
   22800.00      0.2943668       1.268039    
   22900.00      0.2955718       1.258192    
   23000.00      0.2967138       1.248456    
   23100.00      0.2977946       1.238830    
   23200.00      0.2988158       1.229310    
   23300.00      0.2997794       1.219897    
   23400.00      0.3006867       1.210587    
   23500.00      0.3015394       1.201380    
   23600.00      0.3023391       1.192275    
   23700.00      0.3030872       1.183269    
   23800.00      0.3003767       1.174414    
   23900.00      0.3010126       1.165682    
   24000.00      0.3016027       1.157046    
   24100.00      0.3021481       1.148504    
   24200.00      0.3026502       1.140054    
   24300.00      0.3031102       1.131696    
   24400.00      0.3035291       1.123428    
   24500.00      0.3039081       1.115249    
   24600.00      0.3042483       1.107157    
   24700.00      0.3045507       1.099151    
   24800.00      0.3048164       1.091230    
   24900.00      0.3050463       1.083393    
