  Element 85: At      Atomic mass:  210.0000

  Edge          keV         A
    K        95.7299    0.1295
    L-I      17.4930    0.7088
    L-II     16.7847    0.7387
    L-III    14.2135    0.8723
    M1        4.3170    2.8720
    M2        4.0080    3.0934
    M3        3.4260    3.6189
    M4        2.9087    4.2625
    M5        2.7867    4.4491
    N1        1.0420   11.8987

Scattering factors as a function of energy: 

   1000.000      -30.16965       27.94595    
   1100.000      -28.07165       26.43858    
   1200.000      -26.36502       24.57545    
   1300.000      -25.13891       22.88076    
   1400.000      -24.22934       21.33656    
   1500.000      -23.58269       19.92382    
   1600.000      -23.15131       18.63012    
   1700.000      -22.90836       17.44294    
   1800.000      -22.83631       16.35172    
   1900.000      -22.92647       15.34721    
   2000.000      -23.42604       14.45552    
   2100.000      -23.86398       13.63572    
   2200.000      -24.68753       12.89876    
   2300.000      -25.54687       12.22730    
   2400.000      -26.73421       11.60685    
   2500.000      -28.45748       11.03223    
   2600.000      -31.32846       10.49891    
   2689.000      -37.14799       10.05573    
   2694.000      -37.73254       10.03166    
   2699.000      -38.37136       10.00767    
   2700.000      -38.50638       10.00288    
   2704.000      -39.07296       9.983768    
   2709.000      -39.84760       9.959949    
   2714.000      -40.70786       9.936215    
   2719.000      -41.66951       9.912564    
   2724.000      -42.75219       9.888997    
   2729.000      -43.98123       9.865511    
   2734.000      -45.38929       9.842109    
   2739.000      -47.01996       9.818788    
   2744.000      -48.93215       9.795548    
   2749.000      -51.20866       9.772389    
   2754.000      -53.96926       9.749312    
   2759.000      -57.39690       9.726315    
   2764.000      -61.78758       9.703398    
   2769.000      -67.66721       9.680559    
   2774.000      -76.10204       9.657801    
   2779.000      -89.83134       9.635120    
   2784.000      -121.0840       9.612519    
   2789.000      -124.4476       112.4560    
   2794.000      -79.30419       101.1891    
   2799.000      -59.57150       91.44521    
   2800.000      -56.77449       89.65852    
   2804.000      -47.87098       82.99573    
   2809.000      -40.26799       75.64818    
   2811.000      -37.97924       72.98086    
   2814.000      -35.14656       69.24262    
   2816.000      -33.59079       66.91290    
   2819.000      -31.66781       63.64346    
   2821.000      -30.61889       61.60352    
   2824.000      -29.33973       58.73751    
   2826.000      -28.65676       56.94701    
   2829.000      -27.85063       54.42831    
   2831.000      -27.44124       52.85310    
   2834.000      -26.99450       50.63479    
   2836.000      -26.79633       49.24608    
   2839.000      -26.62984       47.28810    
   2841.000      -26.60031       46.06095    
   2844.000      -26.66510       44.32925    
   2846.000      -26.77567       43.24298    
   2849.000      -27.03544       41.70847    
   2851.000      -27.26808       40.74492    
   2854.000      -27.70246       39.38276    
   2856.000      -28.04768       38.52683    
   2859.000      -28.64840       37.31574    
   2861.000      -29.10468       36.55408    
   2864.000      -29.87533       35.47578    
   2866.000      -30.44911       34.79729    
   2869.000      -31.40644       33.83606    
   2871.000      -32.11425       33.23085    
   2874.000      -33.29214       32.37316    
   2876.000      -34.16382       31.83299    
   2879.000      -35.62142       31.06715    
   2881.000      -36.70860       30.58466    
   2884.000      -38.54746       29.90058    
   2886.000      -39.93944       29.46962    
   2891.000      -44.20617       28.47361    
   2896.000      -50.22847       27.58447    
   2900.000      -57.46263       26.94284    
   2901.000      -59.86667       26.79150    
   2906.000      -81.44388       26.08556    
   2911.000      -84.60630       96.18852    
   2916.000      -52.38234       84.51274    
   2921.000      -39.21894       75.04675    
   2926.000      -32.10177       67.33070    
   2931.000      -27.97454       61.00992    
   2936.000      -25.56649       55.80873    
   2941.000      -24.22531       51.51328    
   2946.000      -23.57627       47.95528    
   2951.000      -23.38972       45.00299    
   2956.000      -23.51866       42.55173    
   2961.000      -23.89247       40.51899    
   2966.000      -24.39402       38.83875    
   2971.000      -25.00535       37.45858    
   2976.000      -25.69648       36.33647    
   2981.000      -26.44691       35.43914    
   2986.000      -27.24301       34.74002    
   2991.000      -28.07572       34.21830    
   2996.000      -28.93956       33.85771    
   3000.000      -29.65088       33.67687    
   3001.000      -29.73406       33.58202    
   3006.000      -30.14973       33.15042    
   3100.000      -24.91087       31.66025    
   3200.000      -22.33870       29.90698    
   3300.000      -21.02575       28.37274    
   3329.000      -20.89316       27.96364    
   3334.000      -20.88593       27.89462    
   3339.000      -20.88422       27.82603    
   3344.000      -20.88852       27.75787    
   3349.000      -20.89943       27.69014    
   3354.000      -20.91768       27.62283    
   3359.000      -20.94415       27.55595    
   3364.000      -20.97996       27.48948    
   3369.000      -21.02650       27.42342    
   3374.000      -21.08557       27.35778    
   3379.000      -21.15949       27.29254    
   3384.000      -21.25143       27.22771    
   3389.000      -21.36574       27.16328    
   3394.000      -21.50872       27.09925    
   3399.000      -21.68989       27.03561    
   3400.000      -21.73192       27.02292    
   3404.000      -21.92472       26.97236    
   3409.000      -22.24078       26.90950    
   3414.000      -22.69515       26.84703    
   3419.000      -23.44062       26.78494    
   3424.000      -25.27588       26.72323    
   3429.000      -24.58205       31.46980    
   3434.000      -22.99744       31.39270    
   3439.000      -22.17705       31.31616    
   3444.000      -21.60513       31.24016    
   3449.000      -21.15879       31.16471    
   3454.000      -20.78871       31.08980    
   3459.000      -20.47014       31.01543    
   3464.000      -20.18885       30.94159    
   3469.000      -19.93585       30.86828    
   3474.000      -19.70515       30.79549    
   3479.000      -19.49252       30.72322    
   3484.000      -19.29486       30.65146    
   3489.000      -19.10981       30.58021    
   3494.000      -18.93565       30.50947    
   3499.000      -18.77092       30.43923    
   3500.000      -18.73900       30.42524    
   3504.000      -18.61447       30.36948    
   3509.000      -18.46537       30.30023    
   3514.000      -18.32285       30.23146    
   3519.000      -18.18625       30.16318    
   3524.000      -18.05504       30.09538    
   3600.000      -16.51104       29.12153    
   3700.000      -14.94593       27.94174    
   3800.000      -13.50003       26.86154    
   3900.000      -12.91491       25.77725    
   3911.000      -12.88219       25.66371    
   3916.000      -12.87027       25.61246    
   3921.000      -12.86041       25.56144    
   3926.000      -12.85280       25.51063    
   3931.000      -12.84766       25.46005    
   3936.000      -12.84526       25.40969    
   3941.000      -12.84593       25.35954    
   3946.000      -12.85009       25.30962    
   3951.000      -12.85825       25.25991    
   3956.000      -12.87107       25.21042    
   3961.000      -12.88941       25.16115    
   3966.000      -12.91444       25.11208    
   3971.000      -12.94777       25.06323    
   3976.000      -12.99171       25.01460    
   3981.000      -13.04977       24.96617    
   3986.000      -13.12764       24.91795    
   3991.000      -13.23546       24.86994    
   3996.000      -13.39423       24.82214    
   4000.000      -13.59249       24.78405    
   4001.000      -13.66011       24.77455    
   4006.000      -14.32675       24.72716    
   4011.000      -14.06465       26.44799    
   4016.000      -13.47345       26.39405    
   4021.000      -13.16361       26.34041    
   4026.000      -12.94546       26.28705    
   4031.000      -12.77372       26.23397    
   4036.000      -12.63027       26.18119    
   4041.000      -12.50594       26.12868    
   4046.000      -12.39552       26.07645    
   4051.000      -12.29570       26.02450    
   4056.000      -12.20426       25.97283    
   4061.000      -12.11967       25.92144    
   4066.000      -12.04078       25.87032    
   4071.000      -11.96672       25.81947    
   4076.000      -11.89685       25.76888    
   4081.000      -11.83065       25.71858    
   4086.000      -11.76769       25.66853    
   4091.000      -11.70764       25.61875    
   4096.000      -11.65022       25.56923    
   4100.000      -11.60603       25.52980    
   4101.000      -11.59521       25.51998    
   4106.000      -11.54222       25.47098    
   4200.000      -10.83648       24.59625    
   4220.000      -10.74439       24.42100    
   4225.000      -10.72479       24.37775    
   4230.000      -10.70669       24.33473    
   4235.000      -10.69019       24.29194    
   4240.000      -10.67541       24.24937    
   4245.000      -10.66251       24.20702    
   4250.000      -10.65165       24.16489    
   4255.000      -10.64309       24.12298    
   4260.000      -10.63711       24.08129    
   4265.000      -10.63409       24.03982    
   4270.000      -10.63454       23.99856    
   4275.000      -10.63913       23.95752    
   4280.000      -10.64879       23.91669    
   4285.000      -10.66488       23.87608    
   4290.000      -10.68946       23.83568    
   4295.000      -10.72585       23.79548    
   4300.000      -10.78001       23.75550    
   4305.000      -10.86421       23.71573    
   4310.000      -11.01141       23.67616    
   4315.000      -11.39368       23.63680    
   4320.000      -11.23132       24.63298    
   4325.000      -10.87896       24.59375    
   4330.000      -10.69020       24.55473    
   4335.000      -10.55455       24.51591    
   4340.000      -10.44569       24.47728    
   4345.000      -10.35310       24.43887    
   4350.000      -10.27149       24.40064    
   4355.000      -10.19783       24.36262    
   4360.000      -10.13021       24.32480    
   4365.000      -10.06736       24.28717    
   4370.000      -10.00837       24.24974    
   4375.000      -9.952591       24.21250    
   4380.000      -9.899534       24.17546    
   4385.000      -9.848813       24.13861    
   4390.000      -9.800133       24.10195    
   4395.000      -9.753242       24.06549    
   4400.000      -9.707946       24.02921    
   4405.000      -9.664083       23.99312    
   4410.000      -9.621519       23.95723    
   4415.000      -9.580131       23.92152    
   4500.000      -8.517166       23.29320    
   4600.000      -7.946021       22.55697    
   4700.000      -7.480018       21.86882    
   4800.000      -7.088398       21.22527    
   4900.000      -6.753293       20.62346    
   5000.000      -6.462970       20.06101    
   5100.000      -6.208864       19.53597    
   5200.000      -5.984254       19.04677    
   5300.000      -5.439170       18.53337    
   5400.000      -5.227856       18.03572    
   5500.000      -5.039197       17.55877    
   5600.000      -4.860345       17.10103    
   5700.000      -4.712772       16.66143    
   5800.000      -4.578471       16.23933    
   5900.000      -4.440426       15.83232    
   6000.000      -4.333619       15.44064    
   6100.000      -4.238790       15.06376    
   6200.000      -4.154841       14.70092    
   6300.000      -4.080804       14.35141    
   6400.000      -4.015816       14.01457    
   6500.000      -3.959109       13.68975    
   6600.000      -3.909996       13.37638    
   6700.000      -3.867865       13.07391    
   6800.000      -3.832161       12.78182    
   6900.000      -3.814060       12.50007    
   7000.000      -3.790006       12.22826    
   7100.000      -3.770970       11.96547    
   7200.000      -3.756590       11.71129    
   7300.000      -3.746535       11.46534    
   7400.000      -3.740510       11.22726    
   7500.000      -3.738243       10.99670    
   7600.000      -3.739491       10.77334    
   7700.000      -3.744035       10.55686    
   7800.000      -3.751674       10.34699    
   7900.000      -3.762229       10.14345    
   8000.000      -3.775540       9.945971    
   8100.000      -3.803668       9.755015    
   8200.000      -3.822305       9.569798    
   8300.000      -3.843269       9.389961    
   8400.000      -3.866468       9.215294    
   8500.000      -3.891834       9.045591    
   8600.000      -3.919337       8.880663    
   8700.000      -3.951521       8.720432    
   8800.000      -3.983783       8.564673    
   8900.000      -4.027172       8.413172    
   9000.000      -4.060479       8.267594    
   9100.000      -4.095289       8.125981    
   9200.000      -4.131571       7.988183    
   9300.000      -4.169289       7.854060    
   9400.000      -4.208416       7.723477    
   9500.000      -4.248932       7.596307    
   9600.000      -4.290821       7.472426    
   9700.000      -4.334074       7.351722    
   9800.000      -4.378689       7.234078    
   9900.000      -4.424668       7.119392    
   10000.00      -4.472025       7.007559    
   10100.00      -4.521984       6.898500    
   10200.00      -4.572200       6.792110    
   10300.00      -4.623845       6.688296    
   10400.00      -4.676952       6.586974    
   10500.00      -4.731563       6.488061    
   10600.00      -4.787721       6.391478    
   10700.00      -4.845482       6.297152    
   10800.00      -4.904910       6.205008    
   10900.00      -4.966072       6.114979    
   11000.00      -5.029052       6.026996    
   11100.00      -5.093940       5.940998    
   11200.00      -5.160836       5.856922    
   11300.00      -5.229859       5.774709    
   11400.00      -5.301136       5.694304    
   11500.00      -5.374814       5.615650    
   11600.00      -5.451057       5.538697    
   11700.00      -5.530050       5.463394    
   11800.00      -5.612005       5.389691    
   11900.00      -5.697159       5.317543    
   12000.00      -5.785788       5.246904    
   12100.00      -5.878891       5.177736    
   12200.00      -5.975457       5.110007    
   12300.00      -6.076564       5.043662    
   12400.00      -6.182706       4.978662    
   12500.00      -6.294448       4.914970    
   12600.00      -6.412446       4.852550    
   12700.00      -6.539481       4.791411    
   12800.00      -6.672606       4.731478    
   12900.00      -6.814940       4.672717    
   13000.00      -6.967948       4.615094    
   13100.00      -7.133473       4.558580    
   13200.00      -7.313881       4.503146    
   13300.00      -7.512291       4.448764    
   13400.00      -7.732912       4.395406    
   13500.00      -7.981640       4.343045    
   13600.00      -8.267077       4.291656    
   13700.00      -8.602495       4.241215    
   13800.00      -9.009974       4.191696    
   13900.00      -9.531746       4.143079    
   14000.00      -10.25445       4.095354    
   14100.00      -11.44796       4.048484    
   14116.00      -11.73611       4.041063    
   14121.00      -11.83605       4.038748    
   14126.00      -11.94160       4.036435    
   14131.00      -12.05340       4.034125    
   14136.00      -12.17229       4.031816    
   14141.00      -12.29919       4.029510    
   14146.00      -12.43525       4.027205    
   14151.00      -12.58189       4.024903    
   14156.00      -12.74088       4.022603    
   14161.00      -12.91446       4.020305    
   14166.00      -13.10559       4.018008    
   14171.00      -13.31813       4.015715    
   14176.00      -13.55756       4.013422    
   14181.00      -13.83155       4.011133    
   14186.00      -14.15173       4.008845    
   14191.00      -14.53675       4.006559    
   14196.00      -15.01948       4.004275    
   14200.00      -15.51847       4.002450    
   14201.00      -15.66662       4.001993    
   14206.00      -16.65049       3.999713    
   14211.00      -18.77038       3.997435    
   14216.00      -18.78389       10.08086    
   14221.00      -16.65016       10.07502    
   14226.00      -15.65602       10.06917    
   14231.00      -15.00018       10.06333    
   14236.00      -14.50968       10.05749    
   14241.00      -14.11757       10.05166    
   14246.00      -13.79081       10.04583    
   14251.00      -13.51066       10.04001    
   14256.00      -13.26546       10.03420    
   14261.00      -13.04736       10.02838    
   14266.00      -12.85099       10.02258    
   14271.00      -12.67238       10.01677    
   14276.00      -12.50859       10.01097    
   14281.00      -12.35734       10.00518    
   14286.00      -12.21684       9.999390    
   14291.00      -12.08567       9.993605    
   14296.00      -11.96268       9.987825    
   14300.00      -11.86949       9.983204    
   14301.00      -11.84688       9.982050    
   14306.00      -11.73749       9.976278    
   14311.00      -11.63383       9.970512    
   14400.00      -10.35685       9.868639    
   14500.00      -9.516752       9.755883    
   14600.00      -8.939369       9.644900    
   14700.00      -8.505151       9.535655    
   14800.00      -8.162370       9.428110    
   14900.00      -7.888709       9.322287    
   15000.00      -7.658689       9.218141    
   15100.00      -7.466952       9.115597    
   15200.00      -7.306787       9.014625    
   15300.00      -7.173581       8.915190    
   15400.00      -7.064157       8.817265    
   15500.00      -6.976358       8.720819    
   15600.00      -6.908837       8.625822    
   15700.00      -6.860932       8.532250    
   15800.00      -6.832641       8.440072    
   15900.00      -6.824669       8.349263    
   16000.00      -6.838590       8.259796    
   16100.00      -6.877154       8.171646    
   16200.00      -6.944902       8.084788    
   16300.00      -7.049377       7.999199    
   16400.00      -7.203800       7.914853    
   16500.00      -7.433844       7.831727    
   16600.00      -7.799659       7.749799    
   16687.00      -8.380060       7.679490    
   16692.00      -8.428990       7.675477    
   16697.00      -8.480801       7.671465    
   16700.00      -8.513392       7.669060    
   16702.00      -8.535784       7.667459    
   16707.00      -8.594380       7.663453    
   16712.00      -8.657021       7.659451    
   16717.00      -8.724303       7.655453    
   16722.00      -8.796968       7.651456    
   16727.00      -8.875847       7.647463    
   16732.00      -8.962132       7.643472    
   16737.00      -9.057227       7.639484    
   16742.00      -9.163163       7.635499    
   16747.00      -9.282553       7.631518    
   16752.00      -9.419337       7.627538    
   16757.00      -9.579187       7.623562    
   16762.00      -9.771396       7.619589    
   16767.00      -10.01229       7.615618    
   16772.00      -10.33435       7.611651    
   16777.00      -10.82117       7.607686    
   16782.00      -11.84297       7.603724    
   16787.00      -12.00667       10.67894    
   16792.00      -10.87152       10.67369    
   16797.00      -10.35719       10.66844    
   16800.00      -10.14179       10.66530    
   16802.00      -10.02030       10.66320    
   16807.00      -9.769053       10.65796    
   16812.00      -9.568419       10.65272    
   16817.00      -9.401421       10.64749    
   16822.00      -9.258243       10.64225    
   16827.00      -9.132984       10.63703    
   16832.00      -9.021562       10.63180    
   16837.00      -8.921278       10.62658    
   16842.00      -8.830070       10.62137    
   16847.00      -8.746397       10.61615    
   16852.00      -8.669162       10.61095    
   16857.00      -8.597394       10.60574    
   16862.00      -8.530422       10.60054    
   16867.00      -8.467602       10.59534    
   16872.00      -8.408496       10.59014    
   16877.00      -8.352654       10.58495    
   16882.00      -8.299778       10.57976    
   16900.00      -8.129698       10.56111    
   17000.00      -7.511731       10.45830    
   17100.00      -7.159916       10.35683    
   17200.00      -6.951234       10.25670    
   17300.00      -6.866171       10.15787    
   17396.00      -6.971739       10.06424    
   17400.00      -6.983147       10.06037    
   17401.00      -6.986144       10.05940    
   17406.00      -7.002083       10.05456    
   17411.00      -7.019719       10.04973    
   17416.00      -7.039268       10.04490    
   17421.00      -7.060961       10.04007    
   17426.00      -7.085114       10.03524    
   17431.00      -7.112077       10.03042    
   17436.00      -7.142334       10.02560    
   17441.00      -7.176453       10.02079    
   17446.00      -7.215215       10.01597    
   17451.00      -7.259670       10.01116    
   17456.00      -7.311209       10.00636    
   17461.00      -7.371923       10.00155    
   17466.00      -7.444868       9.996756    
   17471.00      -7.535125       9.991958    
   17476.00      -7.651580       9.987165    
   17481.00      -7.812819       9.982373    
   17486.00      -8.068208       9.977587    
   17491.00      -8.676050       9.972803    
   17496.00      -8.467931       11.52245    
   17500.00      -8.040200       11.51846    
   17501.00      -7.972044       11.51746    
   17506.00      -7.721222       11.51247    
   17511.00      -7.549784       11.50749    
   17516.00      -7.418097       11.50251    
   17521.00      -7.310483       11.49753    
   17526.00      -7.218964       11.49256    
   17531.00      -7.138970       11.48759    
   17536.00      -7.067708       11.48262    
   17541.00      -7.003218       11.47765    
   17546.00      -6.944208       11.47269    
   17551.00      -6.889657       11.46773    
   17556.00      -6.838875       11.46277    
   17561.00      -6.791255       11.45782    
   17566.00      -6.746390       11.45287    
   17571.00      -6.703905       11.44792    
   17576.00      -6.663493       11.44297    
   17581.00      -6.624948       11.43803    
   17586.00      -6.588040       11.43309    
   17591.00      -6.552629       11.42816    
   17600.00      -6.492172       11.41928    
   17700.00      -5.986660       11.32125    
   17800.00      -5.628214       11.22437    
   17900.00      -5.338137       11.12860    
   18000.00      -5.089815       11.03394    
   18100.00      -4.870590       10.94036    
   18200.00      -4.673279       10.84785    
   18300.00      -4.493332       10.75640    
   18400.00      -4.327630       10.66598    
   18500.00      -4.199218       10.57690    
   18600.00      -4.056322       10.48991    
   18700.00      -3.922326       10.40394    
   18800.00      -3.799148       10.31903    
   18900.00      -3.680114       10.23511    
   19000.00      -3.568183       10.15216    
   19100.00      -3.461235       10.07017    
   19200.00      -3.359529       9.989116    
   19300.00      -3.262632       9.908995    
   19400.00      -3.170167       9.829783    
   19500.00      -3.081805       9.751470    
   19600.00      -2.997256       9.674040    
   19700.00      -2.916262       9.597479    
   19800.00      -2.838594       9.521775    
   19900.00      -2.764042       9.446913    
   20000.00      -2.692421       9.372880    
   20100.00      -2.623562       9.299664    
   20200.00      -2.557311       9.227251    
   20300.00      -2.493528       9.155633    
   20400.00      -2.432081       9.084793    
   20500.00      -2.372854       9.014722    
   20600.00      -2.315737       8.945408    
   20700.00      -2.260628       8.876839    
   20800.00      -2.207434       8.809006    
   20900.00      -2.156068       8.741896    
   21000.00      -2.106448       8.675498    
   21100.00      -2.058499       8.609804    
   21200.00      -2.012150       8.544803    
   21300.00      -1.967335       8.480484    
   21400.00      -1.923991       8.416838    
   21500.00      -1.882060       8.353855    
   21600.00      -1.841487       8.291526    
   21700.00      -1.802221       8.229840    
   21800.00      -1.764225       8.168793    
   21900.00      -1.741187       8.108877    
   22000.00      -1.705783       8.049719    
   22100.00      -1.671481       7.991183    
   22200.00      -1.638253       7.933261    
   22300.00      -1.607117       7.875950    
   22400.00      -1.575894       7.819234    
   22500.00      -1.545627       7.763105    
   22600.00      -1.516283       7.707555    
   22700.00      -1.487831       7.652575    
   22800.00      -1.482091       7.598731    
   22900.00      -1.455763       7.545856    
   23000.00      -1.430214       7.493552    
   23100.00      -1.405416       7.441813    
   23200.00      -1.381344       7.390630    
   23300.00      -1.357975       7.339995    
   23400.00      -1.335285       7.289899    
   23500.00      -1.313254       7.240335    
   23600.00      -1.291859       7.191295    
   23700.00      -1.271080       7.142771    
   23800.00      -1.250900       7.094756    
   23900.00      -1.231298       7.047243    
   24000.00      -1.212258       7.000224    
   24100.00      -1.193761       6.953692    
   24200.00      -1.175792       6.907641    
   24300.00      -1.158335       6.862064    
   24400.00      -1.141375       6.816954    
   24500.00      -1.124895       6.772304    
   24600.00      -1.108884       6.728107    
   24700.00      -1.093326       6.684360    
   24800.00      -1.078209       6.641054    
   24900.00      -1.063520       6.598182    
