  Element 56: Ba      Atomic mass:  137.3300

  Edge          keV         A
    K        37.4406    0.3311
    L-I       5.9888    2.0703
    L-II      5.6236    2.2047
    L-III     5.2470    2.3630
    M1        1.2928    9.5904
    M2        1.1367   10.9074
    M3        1.0622   11.6724

Scattering factors as a function of energy: 

   1000.000      -22.50987       27.61686    
   1100.000      -19.76816       28.03894    
   1195.000      -15.91881       26.63143    
   1200.000      -15.76623       26.48647    
   1205.000      -15.62247       26.34422    
   1210.000      -15.48690       26.20462    
   1215.000      -15.35903       26.06763    
   1220.000      -15.23851       25.93320    
   1225.000      -15.12508       25.80127    
   1230.000      -15.01860       25.67180    
   1235.000      -14.91905       25.54476    
   1240.000      -14.82652       25.42010    
   1245.000      -14.74129       25.29777    
   1250.000      -14.66381       25.17774    
   1255.000      -14.59486       25.05997    
   1260.000      -14.53564       24.94444    
   1265.000      -14.48810       24.83109    
   1270.000      -14.45548       24.71990    
   1275.000      -14.44359       24.61085    
   1280.000      -14.46427       24.50389    
   1285.000      -14.54783       24.39899    
   1290.000      -14.82710       24.29614    
   1295.000      -14.82066       25.34803    
   1300.000      -14.29326       25.24633    
   1305.000      -14.01047       25.14664    
   1310.000      -13.79761       25.04896    
   1315.000      -13.61932       24.95324    
   1320.000      -13.18669       24.85880    
   1325.000      -13.04101       24.76165    
   1330.000      -12.90650       24.66634    
   1335.000      -12.78048       24.57286    
   1340.000      -12.66133       24.48119    
   1345.000      -12.54789       24.39132    
   1350.000      -12.22688       24.29958    
   1355.000      -12.12080       24.20925    
   1360.000      -12.01855       24.12064    
   1365.000      -11.91969       24.03374    
   1370.000      -11.82390       23.94854    
   1375.000      -11.73089       23.86503    
   1380.000      -11.64041       23.78320    
   1385.000      -10.99886       23.68633    
   1390.000      -10.90132       23.58709    
   1400.000      -10.71326       23.39162    
   1500.000      -8.891019       21.60088    
   1600.000      -7.710529       19.92730    
   1700.000      -6.847774       18.44497    
   1800.000      -6.210616       17.11423    
   1900.000      -5.697395       15.92055    
   2000.000      -5.307000       14.84463    
   2100.000      -5.012712       13.87129    
   2200.000      -4.824657       12.99348    
   2300.000      -4.686803       12.19803    
   2400.000      -4.581717       11.47589    
   2500.000      -4.516646       10.81595    
   2600.000      -4.491701       10.21137    
   2700.000      -4.489719       9.657150    
   2800.000      -4.513659       9.146895    
   2900.000      -4.563311       8.676024    
   3000.000      -4.647170       8.240548    
   3100.000      -4.715938       7.847602    
   3200.000      -4.800720       7.483248    
   3300.000      -4.895973       7.144876    
   3400.000      -5.002856       6.829931    
   3500.000      -5.120974       6.536231    
   3600.000      -5.250496       6.261842    
   3700.000      -5.392191       6.005066    
   3800.000      -5.546089       5.764371    
   3900.000      -5.713569       5.538398    
   4000.000      -5.896114       5.325933    
   4100.000      -6.095723       5.125889    
   4200.000      -6.315062       4.937284    
   4300.000      -6.557701       4.759238    
   4400.000      -6.828477       4.590954    
   4500.000      -7.134099       4.431710    
   4600.000      -7.484061       4.280851    
   4700.000      -7.899642       4.138192    
   4800.000      -8.390896       4.002802    
   4900.000      -9.004017       3.874175    
   5000.000      -9.825839       3.752085    
   5100.000      -11.05701       3.635964    
   5150.000      -12.03180       3.579989    
   5155.000      -12.15535       3.574466    
   5160.000      -12.28568       3.568956    
   5165.000      -12.42364       3.563459    
   5170.000      -12.57016       3.557975    
   5175.000      -12.72640       3.552504    
   5180.000      -12.89375       3.547047    
   5185.000      -13.07398       3.541602    
   5190.000      -13.26925       3.536170    
   5195.000      -13.48233       3.530751    
   5200.000      -13.71683       3.525346    
   5205.000      -13.97764       3.519953    
   5210.000      -14.27144       3.514573    
   5215.000      -14.60789       3.509206    
   5220.000      -15.00154       3.503851    
   5225.000      -15.47613       3.498509    
   5230.000      -16.07378       3.493180    
   5235.000      -16.88161       3.487864    
   5240.000      -18.13274       3.482560    
   5245.000      -21.04550       3.477269    
   5250.000      -20.10872       10.80934    
   5255.000      -17.80339       10.78619    
   5260.000      -16.66092       10.76315    
   5265.000      -15.89555       10.74022    
   5270.000      -15.31987       10.71739    
   5275.000      -14.85900       10.69468    
   5280.000      -14.47530       10.67206    
   5285.000      -14.14714       10.64956    
   5290.000      -13.86088       10.62715    
   5295.000      -13.60747       10.60485    
   5300.000      -13.38050       10.58265    
   5305.000      -13.17535       10.56056    
   5310.000      -12.98846       10.53857    
   5315.000      -12.81716       10.51668    
   5320.000      -12.65932       10.49489    
   5325.000      -12.51324       10.47320    
   5330.000      -12.37753       10.45161    
   5335.000      -12.25105       10.43011    
   5340.000      -12.13285       10.40872    
   5345.000      -12.02214       10.38742    
   5400.000      -11.15674       10.15945    
   5500.000      -10.58538       9.772698    
   5526.000      -10.61723       9.677614    
   5531.000      -10.63440       9.659575    
   5536.000      -10.65575       9.641615    
   5541.000      -10.68166       9.623732    
   5546.000      -10.71256       9.605926    
   5551.000      -10.74901       9.588197    
   5556.000      -10.79165       9.570545    
   5561.000      -10.84131       9.552971    
   5566.000      -10.89903       9.535471    
   5571.000      -10.96614       9.518046    
   5576.000      -11.04435       9.500696    
   5581.000      -11.13598       9.483422    
   5586.000      -11.24424       9.466222    
   5591.000      -11.37370       9.449095    
   5596.000      -11.53126       9.432040    
   5600.000      -11.68471       9.418451    
   5601.000      -11.72792       9.415061    
   5606.000      -11.98571       9.398157    
   5611.000      -12.33913       9.381328    
   5616.000      -12.89183       9.364569    
   5621.000      -14.10331       9.347884    
   5626.000      -14.17051       12.99168    
   5631.000      -12.82049       12.96714    
   5636.000      -12.18428       12.94272    
   5641.000      -11.75674       12.91840    
   5646.000      -11.43103       12.89419    
   5651.000      -11.16609       12.87009    
   5656.000      -10.94171       12.84609    
   5661.000      -10.74643       12.82221    
   5666.000      -10.57307       12.79843    
   5671.000      -10.41690       12.77475    
   5676.000      -10.27460       12.75118    
   5681.000      -10.14376       12.72772    
   5686.000      -10.02258       12.70436    
   5691.000      -9.909636       12.68110    
   5696.000      -9.803855       12.65794    
   5700.000      -9.723795       12.63949    
   5701.000      -9.704353       12.63489    
   5706.000      -9.610431       12.61194    
   5711.000      -9.521480       12.58909    
   5716.000      -9.437022       12.56634    
   5721.000      -9.356645       12.54369    
   5800.000      -8.450725       12.19869    
   5891.000      -7.959718       11.82946    
   5896.000      -7.949367       11.81000    
   5900.000      -7.942591       11.79448    
   5901.000      -7.941370       11.79061    
   5906.000      -7.935642       11.77131    
   5911.000      -7.932627       11.75209    
   5916.000      -7.932520       11.73296    
   5921.000      -7.935641       11.71390    
   5926.000      -7.942385       11.69492    
   5931.000      -7.953255       11.67603    
   5936.000      -7.968892       11.65721    
   5941.000      -7.990138       11.63847    
   5946.000      -8.018116       11.61982    
   5951.000      -8.054376       11.60124    
   5956.000      -8.101130       11.58274    
   5961.000      -8.161718       11.56431    
   5966.000      -8.241474       11.54596    
   5971.000      -8.349751       11.52769    
   5976.000      -8.505308       11.50950    
   5981.000      -8.755795       11.49139    
   5986.000      -9.309000       11.47334    
   5991.000      -9.417041       13.25442    
   5996.000      -8.706326       13.23570    
   6000.000      -8.428314       13.22077    
   6001.000      -8.373151       13.21704    
   6006.000      -8.145777       13.19846    
   6011.000      -7.969404       13.17996    
   6016.000      -7.823267       13.16153    
   6021.000      -7.697191       13.14317    
   6026.000      -7.585466       13.12488    
   6031.000      -7.484543       13.10666    
   6036.000      -7.392075       13.08852    
   6041.000      -7.306400       13.07045    
   6046.000      -7.226335       13.05245    
   6051.000      -7.150985       13.03452    
   6056.000      -7.079663       13.01666    
   6061.000      -7.011833       12.99887    
   6066.000      -6.947051       12.98115    
   6071.000      -6.884971       12.96350    
   6076.000      -6.825301       12.94592    
   6081.000      -6.767805       12.92840    
   6086.000      -6.712266       12.91096    
   6100.000      -6.565811       12.86247    
   6200.000      -5.755870       12.53103    
   6300.000      -5.165557       12.22400    
   6400.000      -4.693221       11.93925    
   6500.000      -4.298660       11.67486    
   6600.000      -3.960185       11.42916    
   6700.000      -3.663944       11.20065    
   6800.000      -3.401019       10.98799    
   6900.000      -2.875525       10.75671    
   7000.000      -2.648498       10.52754    
   7100.000      -2.443206       10.30841    
   7200.000      -2.256493       10.09873    
   7300.000      -2.085772       9.897977    
   7400.000      -1.780869       9.687649    
   7500.000      -1.630460       9.481893    
   7600.000      -1.492730       9.282497    
   7700.000      -1.366318       9.089199    
   7800.000      -1.259902       8.901926    
   7900.000      -1.153617       8.721394    
   8000.000      -1.055699       8.546338    
   8100.000     -0.9654054       8.376535    
   8200.000     -0.8820829       8.211779    
   8300.000     -0.8051475       8.051862    
   8400.000     -0.7340811       7.896599    
   8500.000     -0.6684174       7.745806    
   8600.000     -0.6077396       7.599311    
   8700.000     -0.5516726       7.456952    
   8800.000     -0.4998769       7.318570    
   8900.000     -0.4520482       7.184020    
   9000.000     -0.4076675       7.053985    
   9100.000     -0.3666083       6.927521    
   9200.000     -0.3286343       6.804498    
   9300.000     -0.2935285       6.684786    
   9400.000     -0.2610933       6.568269    
   9500.000     -0.2311460       6.454830    
   9600.000     -0.2035195       6.344359    
   9700.000     -0.1780595       6.236754    
   9800.000     -0.1546234       6.131913    
   9900.000     -0.1330801       6.029742    
   10000.00     -0.1133074       5.930147    
   10100.00     -9.5193073E-02   5.833042    
   10200.00     -7.8632653E-02   5.738345    
   10300.00     -6.3528895E-02   5.645973    
   10400.00     -4.9791984E-02   5.555851    
   10500.00     -3.8360775E-02   5.467907    
   10600.00     -2.7154114E-02   5.382121    
   10700.00     -1.7075775E-02   5.298376    
   10800.00     -8.0576921E-03   5.216606    
   10900.00     -3.6694357E-05   5.136748    
   11000.00      7.0465417E-03   5.058742    
   11100.00      1.3247244E-02   4.982531    
   11200.00      1.8617107E-02   4.908059    
   11300.00      2.1749232E-02   4.835309    
   11400.00      2.5566766E-02   4.764229    
   11500.00      2.8693721E-02   4.694735    
   11600.00      3.1169929E-02   4.626780    
   11700.00      3.3032782E-02   4.560318    
   11800.00      3.4317438E-02   4.495305    
   11900.00      3.5056859E-02   4.431698    
   12000.00      3.3950329E-02   4.369469    
   12100.00      3.3660602E-02   4.308615    
   12200.00      3.2915786E-02   4.249051    
   12300.00      3.1741701E-02   4.190738    
   12400.00      3.0162703E-02   4.133644    
   12500.00      2.8201673E-02   4.077731    
   12600.00      2.5880219E-02   4.022968    
   12700.00      2.3218723E-02   3.969324    
   12800.00      2.0236334E-02   3.916766    
   12900.00      1.6951218E-02   3.865267    
   13000.00      1.3380407E-02   3.814796    
   13100.00      9.5400689E-03   3.765326    
   13200.00      5.4454831E-03   3.716831    
   13300.00      1.1109675E-03   3.669284    
   13400.00     -3.4497925E-03   3.622661    
   13500.00     -8.2240263E-03   3.576937    
   13600.00     -1.3199534E-02   3.532089    
   13700.00     -1.8364772E-02   3.488095    
   13800.00     -2.3708964E-02   3.444932    
   13900.00     -2.9221723E-02   3.402580    
   14000.00     -3.4893420E-02   3.361018    
   14100.00     -4.0714785E-02   3.320226    
   14200.00     -4.6677042E-02   3.280185    
   14300.00     -5.2772041E-02   3.240876    
   14400.00     -5.8991838E-02   3.202282    
   14500.00     -6.5329090E-02   3.164384    
   14600.00     -7.1776323E-02   3.127166    
   14700.00     -7.8601547E-02   3.090612    
   14800.00     -8.5248053E-02   3.054708    
   14900.00     -9.1987126E-02   3.019436    
   15000.00     -9.9206395E-02   2.984783    
   15100.00     -0.1061099       2.950734    
   15200.00     -0.1130887       2.917274    
   15300.00     -0.1201381       2.884388    
   15400.00     -0.1272535       2.852064    
   15500.00     -0.1344309       2.820288    
   15600.00     -0.1416659       2.789048    
   15700.00     -0.1489547       2.758332    
   15800.00     -0.1562938       2.728127    
   15900.00     -0.1636795       2.698424    
   16000.00     -0.1711089       2.669209    
   16100.00     -0.1785786       2.640473    
   16200.00     -0.1860857       2.612205    
   16300.00     -0.1936274       2.584395    
   16400.00     -0.2012013       2.557033    
   16500.00     -0.2088048       2.530108    
   16600.00     -0.2164354       2.503612    
   16700.00     -0.2240912       2.477535    
   16800.00     -0.2317697       2.451869    
   16900.00     -0.2394693       2.426605    
   17000.00     -0.2471880       2.401734    
   17100.00     -0.2549240       2.377248    
   17200.00     -0.2626758       2.353139    
   17300.00     -0.2704415       2.329400    
   17400.00     -0.2782200       2.306022    
   17500.00     -0.2860098       2.282998    
   17600.00     -0.2938097       2.260321    
   17700.00     -0.3016183       2.237984    
   17800.00     -0.3094836       2.215981    
   17900.00     -0.3173064       2.194304    
   18000.00     -0.3251350       2.172947    
   18100.00     -0.3329682       2.151903    
   18200.00     -0.3408053       2.131167    
   18300.00     -0.3486452       2.110733    
   18400.00     -0.3564876       2.090594    
   18500.00     -0.3643315       2.070744    
   18600.00     -0.3721765       2.051178    
   18700.00     -0.3800218       2.031892    
   18800.00     -0.3878668       2.012879    
   18900.00     -0.3957113       1.994133    
   19000.00     -0.4035547       1.975651    
   19100.00     -0.4113967       1.957427    
   19200.00     -0.4192369       1.939456    
   19300.00     -0.4270747       1.921734    
   19400.00     -0.4349103       1.904255    
   19500.00     -0.4427433       1.887016    
   19600.00     -0.4505734       1.870012    
   19700.00     -0.4584005       1.853238    
   19800.00     -0.4662242       1.836691    
   19900.00     -0.4740449       1.820367    
   20000.00     -0.4818622       1.804260    
   20100.00     -0.4896761       1.788368    
   20200.00     -0.4974866       1.772687    
   20300.00     -0.5052936       1.757213    
   20400.00     -0.5130973       1.741941    
   20500.00     -0.5208978       1.726870    
   20600.00     -0.5286951       1.711994    
   20700.00     -0.5364892       1.697311    
   20800.00     -0.5442804       1.682818    
   20900.00     -0.5520688       1.668510    
   21000.00     -0.5598546       1.654385    
   21100.00     -0.5676379       1.640440    
   21200.00     -0.5754191       1.626671    
   21300.00     -0.5831982       1.613077    
   21400.00     -0.5909757       1.599653    
   21500.00     -0.5987518       1.586396    
   21600.00     -0.6065269       1.573305    
   21700.00     -0.6143011       1.560375    
   21800.00     -0.6220747       1.547606    
   21900.00     -0.6298484       1.534993    
   22000.00     -0.6376224       1.522535    
   22100.00     -0.6453971       1.510228    
   22200.00     -0.6531728       1.498070    
   22300.00     -0.6609499       1.486060    
   22400.00     -0.6687292       1.474194    
   22500.00     -0.6765109       1.462470    
   22600.00     -0.6842947       1.450886    
   22700.00     -0.6942797       1.439446    
   22800.00     -0.7041791       1.428165    
   22900.00     -0.7119654       1.417027    
   23000.00     -0.7197535       1.406019    
   23100.00     -0.7275464       1.395140    
   23200.00     -0.7353449       1.384388    
   23300.00     -0.7431496       1.373761    
   23400.00     -0.7509614       1.363256    
   23500.00     -0.7587808       1.352871    
   23600.00     -0.7666085       1.342606    
   23700.00     -0.7744451       1.332458    
   23800.00     -0.7822912       1.322425    
   23900.00     -0.7901478       1.312505    
   24000.00     -0.7980155       1.302697    
   24100.00     -0.8058950       1.293000    
   24200.00     -0.8137872       1.283410    
   24300.00     -0.8233474       1.273934    
   24400.00     -0.8330761       1.264572    
   24500.00     -0.8410066       1.255329    
   24600.00     -0.8489481       1.246187    
   24700.00     -0.8569057       1.237146    
   24800.00     -0.8648803       1.228204    
   24900.00     -0.8728731       1.219359    
