  Element 20: Ca      Atomic mass:   40.0800

  Edge          keV         A
    K         4.0381    3.0704

Scattering factors as a function of energy: 

   1000.000     -0.3237582       4.440670    
   1100.000     -0.2748320       3.837032    
   1200.000     -0.2708610       3.349581    
   1300.000     -0.2936608       2.950012    
   1400.000     -0.9169833       2.618382    
   1500.000     -0.3911635       2.341610    
   1600.000     -0.4455647       2.107053    
   1700.000     -0.5029933       1.906411    
   1800.000     -0.5687006       1.733850    
   1900.000     -0.6289776       1.584490    
   2000.000     -0.6897004       1.453944    
   2100.000     -0.7507815       1.339136    
   2200.000     -0.8123106       1.237602    
   2300.000     -0.8745092       1.147345    
   2400.000     -0.9377069       1.066733    
   2500.000      -1.002333      0.9944233    
   2600.000      -1.068918      0.9292994    
   2700.000      -1.138112      0.8704284    
   2800.000      -1.210709      0.8170257    
   2900.000      -1.287695      0.7684265    
   3000.000      -1.370315      0.7240654    
   3100.000      -1.460130      0.6838658    
   3200.000      -1.559300      0.6469802    
   3300.000      -1.670806      0.6130488    
   3400.000      -1.798953      0.5817597    
   3500.000      -1.950297      0.5528417    
   3600.000      -2.135570      0.5260576    
   3700.000      -2.374165      0.5011997    
   3800.000      -2.706851      0.4780851    
   3900.000      -3.245576      0.4565523    
   3941.000      -3.606858      0.4481473    
   3946.000      -3.661873      0.4471384    
   3951.000      -3.720167      0.4461330    
   3956.000      -3.782141      0.4451309    
   3961.000      -3.848261      0.4441323    
   3966.000      -3.919099      0.4431370    
   3971.000      -3.995337      0.4421452    
   3976.000      -4.077834      0.4411567    
   3981.000      -4.167648      0.4401716    
   3986.000      -4.266149      0.4391897    
   3991.000      -4.375103      0.4382113    
   3996.000      -4.496901      0.4372361    
   4000.000      -4.605744      0.4364583    
   4001.000      -4.634816      0.4362642    
   4006.000      -4.793585      0.4352956    
   4011.000      -4.980347      0.4343302    
   4016.000      -5.206635      0.4333681    
   4021.000      -5.493058      0.4324092    
   4026.000      -5.881924      0.4314535    
   4031.000      -6.485795      0.4305010    
   4036.000      -7.877524      0.4295518    
   4041.000      -7.498599       4.053229    
   4046.000      -6.327899       4.043897    
   4051.000      -5.750349       4.034608    
   4056.000      -5.361984       4.025364    
   4061.000      -5.068298       4.016164    
   4066.000      -4.831643       4.007006    
   4071.000      -4.633221       3.997891    
   4076.000      -4.462238       3.988818    
   4081.000      -4.311938       3.979789    
   4086.000      -4.177767       3.970801    
   4091.000      -4.056561       3.961855    
   4096.000      -3.946001       3.952950    
   4100.000      -3.864041       3.945857    
   4101.000      -3.844354       3.944088    
   4106.000      -3.750257       3.935266    
   4111.000      -3.662662       3.926484    
   4116.000      -3.580718       3.917743    
   4121.000      -3.503743       3.909044    
   4126.000      -3.431151       3.900384    
   4131.000      -3.362474       3.891763    
   4136.000      -3.297310       3.883182    
   4200.000      -2.668720       3.776744    
   4300.000      -2.067775       3.622229    
   4400.000      -1.670688       3.480695    
   4500.000      -1.379530       3.350744    
   4600.000      -1.153625       3.231165    
   4700.000     -0.9718658       3.120899    
   4800.000     -0.8217841       3.019024    
   4900.000     -0.6953596       2.924729    
   5000.000     -0.5871072       2.837300    
   5100.000     -0.4931023       2.756107    
   5200.000     -0.4104326       2.680592    
   5300.000     -0.2754498       2.604360    
   5400.000     -0.2061608       2.526306    
   5500.000     -0.1446382       2.451700    
   5600.000     -8.9809231E-02   2.380339    
   5700.000     -4.0794410E-02   2.312037    
   5800.000      3.1376737E-03   2.246617    
   5900.000      4.2600680E-02   2.183918    
   6000.000      7.8115180E-02   2.123791    
   6100.000      0.1101256       2.066093    
   6200.000      0.1390141       2.010696    
   6300.000      0.1651114       1.957476    
   6400.000      0.1887053       1.906321    
   6500.000      0.2100499       1.857124    
   6600.000      0.2288072       1.809794    
   6700.000      0.2462921       1.764232    
   6800.000      0.2621141       1.720347    
   6900.000      0.2764264       1.678058    
   7000.000      0.2893659       1.637287    
   7100.000      0.3010549       1.597961    
   7200.000      0.3116028       1.560014    
   7300.000      0.3211083       1.523381    
   7400.000      0.3296601       1.488001    
   7500.000      0.3373381       1.453819    
   7600.000      0.3442149       1.420779    
   7700.000      0.3503561       1.388832    
   7800.000      0.3558215       1.357929    
   7900.000      0.3606652       1.328027    
   8000.000      0.3649367       1.299080    
   8100.000      0.3679688       1.271062    
   8200.000      0.3712188       1.243959    
   8300.000      0.3730708       1.217710    
   8400.000      0.3754711       1.192272    
   8500.000      0.3774925       1.167607    
   8600.000      0.3791637       1.143685    
   8700.000      0.3805112       1.120476    
   8800.000      0.3815596       1.097951    
   8900.000      0.3823314       1.076085    
   9000.000      0.3827766       1.054896    
   9100.000      0.3829919       1.034321    
   9200.000      0.3829953       1.014337    
   9300.000      0.3828029      0.9949211    
   9400.000      0.3824300      0.9760517    
   9500.000      0.3818906      0.9577081    
   9600.000      0.3811975      0.9398713    
   9700.000      0.3803627      0.9225226    
   9800.000      0.3793972      0.9056441    
   9900.000      0.3783115      0.8892192    
   10000.00      0.3771150      0.8732313    
   10100.00      0.3758164      0.8576652    
   10200.00      0.3744241      0.8425063    
   10300.00      0.3729457      0.8277402    
   10400.00      0.3713881      0.8133535    
   10500.00      0.3697581      0.7993333    
   10600.00      0.3680616      0.7856671    
   10700.00      0.3663045      0.7723433    
   10800.00      0.3644920      0.7593502    
   10900.00      0.3626290      0.7466772    
   11000.00      0.3607202      0.7343136    
   11100.00      0.3587697      0.7222495    
   11200.00      0.3567817      0.7104754    
   11300.00      0.3547597      0.6989819    
   11400.00      0.3527073      0.6877604    
   11500.00      0.3506278      0.6768019    
   11600.00      0.3484846      0.6660988    
   11700.00      0.3463591      0.6556430    
   11800.00      0.3442148      0.6454269    
   11900.00      0.3420541      0.6354432    
   12000.00      0.3398795      0.6256849    
   12100.00      0.3376928      0.6161452    
   12200.00      0.3354963      0.6068178    
   12300.00      0.3332916      0.5976962    
   12400.00      0.3310806      0.5887747    
   12500.00      0.3288648      0.5800472    
   12600.00      0.3266456      0.5715083    
   12700.00      0.3244246      0.5631526    
   12800.00      0.3222030      0.5549748    
   12900.00      0.3199819      0.5469700    
   13000.00      0.3177626      0.5391332    
   13100.00      0.3155460      0.5314599    
   13200.00      0.3133332      0.5239456    
   13300.00      0.3111250      0.5165858    
   13400.00      0.3089222      0.5093764    
   13500.00      0.3067257      0.5023133    
   13600.00      0.3045362      0.4953926    
   13700.00      0.3023543      0.4886106    
   13800.00      0.3001807      0.4819634    
   13900.00      0.2980159      0.4754477    
   14000.00      0.2958605      0.4690599    
   14100.00      0.2937149      0.4627968    
   14200.00      0.2915796      0.4566551    
   14300.00      0.2894550      0.4506317    
   14400.00      0.2873416      0.4447237    
   14500.00      0.2852395      0.4389280    
   14600.00      0.2831493      0.4332419    
   14700.00      0.2810711      0.4276627    
   14800.00      0.2790052      0.4221877    
   14900.00      0.2769519      0.4168143    
   15000.00      0.2749114      0.4115400    
   15100.00      0.2728839      0.4063624    
   15200.00      0.2708695      0.4012793    
   15300.00      0.2688684      0.3962883    
   15400.00      0.2668808      0.3913872    
   15500.00      0.2649068      0.3865738    
   15600.00      0.2629464      0.3818462    
   15700.00      0.2609999      0.3772022    
   15800.00      0.2590671      0.3726400    
   15900.00      0.2571484      0.3681577    
   16000.00      0.2552435      0.3637533    
   16100.00      0.2533528      0.3594252    
   16200.00      0.2514760      0.3551715    
   16300.00      0.2496134      0.3509907    
   16400.00      0.2477648      0.3468810    
   16500.00      0.2459303      0.3428408    
   16600.00      0.2441099      0.3388686    
   16700.00      0.2423036      0.3349629    
   16800.00      0.2405114      0.3311223    
   16900.00      0.2387332      0.3273453    
   17000.00      0.2369690      0.3236305    
   17100.00      0.2352187      0.3199765    
   17200.00      0.2334825      0.3163821    
   17300.00      0.2317604      0.3128460    
   17400.00      0.2300528      0.3093669    
   17500.00      0.2266916      0.3059440    
   17600.00      0.2251841      0.3026010    
   17700.00      0.2235193      0.2993112    
   17800.00      0.2218677      0.2960736    
   17900.00      0.2202298      0.2928869    
   18000.00      0.2186055      0.2897502    
   18100.00      0.2169950      0.2866623    
   18200.00      0.2153980      0.2836224    
   18300.00      0.2138145      0.2806295    
   18400.00      0.2122445      0.2776824    
   18500.00      0.2106877      0.2747804    
   18600.00      0.2091441      0.2719226    
   18700.00      0.2076136      0.2691079    
   18800.00      0.2060962      0.2663357    
   18900.00      0.2045917      0.2636050    
   19000.00      0.2031000      0.2609150    
   19100.00      0.2016210      0.2582649    
   19200.00      0.2001546      0.2556539    
   19300.00      0.1987007      0.2530814    
   19400.00      0.1972592      0.2505464    
   19500.00      0.1958300      0.2480483    
   19600.00      0.1944129      0.2455864    
   19700.00      0.1930080      0.2431600    
   19800.00      0.1916151      0.2407685    
   19900.00      0.1900834      0.2384112    
   20000.00      0.1887146      0.2360878    
   20100.00      0.1873573      0.2337973    
   20200.00      0.1860116      0.2315390    
   20300.00      0.1846774      0.2293124    
   20400.00      0.1833545      0.2271169    
   20500.00      0.1820428      0.2249520    
   20600.00      0.1807423      0.2228169    
   20700.00      0.1794528      0.2207113    
   20800.00      0.1781742      0.2186345    
   20900.00      0.1769065      0.2165861    
   21000.00      0.1756494      0.2145656    
   21100.00      0.1744030      0.2125724    
   21200.00      0.1731671      0.2106060    
   21300.00      0.1719417      0.2086660    
   21400.00      0.1707265      0.2067520    
   21500.00      0.1695215      0.2048633    
   21600.00      0.1683267      0.2029997    
   21700.00      0.1671419      0.2011607    
   21800.00      0.1659670      0.1993458    
   21900.00      0.1648020      0.1975547    
   22000.00      0.1636466      0.1957868    
   22100.00      0.1625009      0.1940419    
   22200.00      0.1613647      0.1923195    
   22300.00      0.1602380      0.1906193    
   22400.00      0.1591206      0.1889408    
   22500.00      0.1580125      0.1872838    
   22600.00      0.1569135      0.1856477    
   22700.00      0.1558236      0.1840324    
   22800.00      0.1547427      0.1824374    
   22900.00      0.1536707      0.1808624    
   23000.00      0.1526075      0.1793071    
   23100.00      0.1515530      0.1777712    
   23200.00      0.1505071      0.1762543    
   23300.00      0.1494698      0.1747561    
   23400.00      0.1484410      0.1732764    
   23500.00      0.1474205      0.1718148    
   23600.00      0.1464083      0.1703710    
   23700.00      0.1454043      0.1689447    
   23800.00      0.1444084      0.1675357    
   23900.00      0.1434206      0.1661437    
   24000.00      0.1424408      0.1647685    
   24100.00      0.1414688      0.1634097    
   24200.00      0.1405046      0.1620670    
   24300.00      0.1395482      0.1607404    
   24400.00      0.1385994      0.1594294    
   24500.00      0.1376582      0.1581339    
   24600.00      0.1367245      0.1568535    
   24700.00      0.1357982      0.1555882    
   24800.00      0.1348792      0.1543376    
   24900.00      0.1339676      0.1531015    
