  Element 58: Ce      Atomic mass:  140.1200

  Edge          keV         A
    K        40.4430    0.3066
    L-I       6.5488    1.8932
    L-II      6.1642    2.0114
    L-III     5.7234    2.1663
    M1        1.4346    8.6424
    M2        1.2728    9.7411
    M3        1.1854   10.4593

Scattering factors as a function of energy: 

   1000.000      -28.64749       32.60384    
   1100.000      -22.70432       28.03243    
   1175.000      -22.77847       25.40201    
   1180.000      -23.51438       25.24550    
   1185.000      -26.88535       25.09111    
   1190.000      -23.42013       29.16899    
   1195.000      -22.28643       28.97611    
   1200.000      -21.59769       28.78683    
   1205.000      -21.09044       28.60104    
   1210.000      -20.68533       28.41867    
   1215.000      -20.34775       28.23963    
   1220.000      -20.05962       28.06384    
   1225.000      -19.81057       27.89123    
   1230.000      -19.59445       27.72171    
   1235.000      -19.40777       27.55523    
   1240.000      -19.24916       27.39170    
   1245.000      -19.11923       27.23107    
   1250.000      -19.02128       27.07326    
   1255.000      -18.96309       26.91822    
   1260.000      -18.96236       26.76589    
   1265.000      -19.06639       26.61621    
   1270.000      -19.48610       26.46912    
   1275.000      -19.45118       28.15970    
   1280.000      -18.58933       27.99664    
   1285.000      -18.12666       27.83684    
   1290.000      -17.78160       27.68022    
   1295.000      -17.49664       27.52671    
   1300.000      -17.24961       27.37623    
   1305.000      -17.02945       27.22872    
   1310.000      -16.82981       27.08410    
   1315.000      -16.64663       26.94232    
   1320.000      -16.47718       26.80331    
   1325.000      -16.31950       26.66702    
   1330.000      -16.17212       26.53339    
   1335.000      -16.03394       26.40236    
   1337.000      -15.98108       26.35067    
   1340.000      -15.90415       26.27388    
   1342.000      -15.85441       26.22319    
   1345.000      -15.78202       26.14790    
   1347.000      -15.73520       26.09819    
   1350.000      -15.66707       26.02437    
   1352.000      -15.62300       25.97563    
   1355.000      -15.55888       25.90324    
   1357.000      -15.51744       25.85545    
   1360.000      -15.45718       25.78446    
   1362.000      -15.41826       25.73761    
   1365.000      -15.36175       25.66800    
   1367.000      -15.32531       25.62206    
   1370.000      -15.27250       25.55382    
   1372.000      -15.23853       25.50877    
   1377.000      -15.15796       25.39769    
   1382.000      -15.08375       25.28879    
   1387.000      -15.01624       25.18202    
   1392.000      -14.95595       25.07736    
   1397.000      -14.90371       24.97477    
   1400.000      -14.87673       24.91419    
   1402.000      -14.86079       24.87420    
   1407.000      -14.82924       24.77565    
   1412.000      -14.81240       24.67906    
   1417.000      -14.81633       24.58441    
   1422.000      -14.85340       24.49167    
   1427.000      -14.95562       24.40082    
   1432.000      -15.26892       24.31182    
   1437.000      -15.21637       25.38756    
   1442.000      -14.71944       25.29943    
   1447.000      -14.45092       25.21313    
   1452.000      -14.25022       25.12864    
   1457.000      -14.08330       25.04593    
   1462.000      -13.93703       24.96499    
   1467.000      -13.80491       24.88578    
   1472.000      -13.68323       24.80830    
   1477.000      -13.56963       24.73252    
   1482.000      -13.46256       24.65843    
   1487.000      -13.36088       24.58600    
   1492.000      -13.26362       24.51521    
   1497.000      -12.49119       24.43635    
   1500.000      -12.43497       24.38874    
   1502.000      -12.39817       24.35732    
   1507.000      -12.30840       24.27985    
   1512.000      -12.22152       24.20394    
   1517.000      -12.13727       24.12956    
   1522.000      -12.05551       24.05672    
   1527.000      -11.42284       23.97842    
   1532.000      -11.34261       23.89944    
   1600.000      -9.737353       22.71546    
   1700.000      -8.191876       21.11039    
   1800.000      -7.229443       19.60732    
   1900.000      -6.457988       18.26306    
   2000.000      -5.883067       17.04405    
   2100.000      -5.530411       15.94476    
   2200.000      -5.185652       14.95191    
   2300.000      -4.920824       14.04833    
   2400.000      -4.745120       13.22498    
   2500.000      -4.598607       12.47539    
   2600.000      -4.510445       11.78959    
   2700.000      -4.442779       11.16063    
   2800.000      -4.404726       10.58108    
   2900.000      -4.397740       10.04612    
   3000.000      -4.407748       9.551702    
   3100.000      -4.432357       9.099262    
   3200.000      -4.471935       8.679461    
   3300.000      -4.524789       8.289153    
   3400.000      -4.589618       7.925563    
   3500.000      -4.665445       7.586244    
   3600.000      -4.755152       7.269211    
   3700.000      -4.855419       6.972756    
   3800.000      -4.961529       6.694823    
   3900.000      -5.077651       6.433840    
   4000.000      -5.203027       6.188431    
   4100.000      -5.338552       5.957325    
   4200.000      -5.485722       5.739399    
   4300.000      -5.643892       5.533666    
   4400.000      -5.815090       5.339182    
   4500.000      -6.000983       5.155117    
   4600.000      -6.203743       4.980717    
   4700.000      -6.426210       4.815298    
   4800.000      -6.672161       4.658233    
   4900.000      -6.946693       4.508956    
   5000.000      -7.256903       4.366945    
   5100.000      -7.613030       4.231723    
   5200.000      -8.038206       4.103132    
   5300.000      -8.542641       3.980650    
   5400.000      -9.179435       3.863745    
   5500.000      -10.04587       3.752083    
   5600.000      -11.42287       3.645627    
   5626.000      -11.96471       3.618730    
   5631.000      -12.08514       3.613593    
   5636.000      -12.21220       3.608467    
   5641.000      -12.34665       3.603354    
   5646.000      -12.48945       3.598250    
   5651.000      -12.64171       3.593158    
   5656.000      -12.80478       3.588077    
   5661.000      -12.98034       3.583008    
   5666.000      -13.17050       3.577950    
   5671.000      -13.37794       3.572902    
   5676.000      -13.60613       3.567866    
   5681.000      -13.85974       3.562840    
   5686.000      -14.14516       3.557827    
   5691.000      -14.47164       3.552823    
   5696.000      -14.85302       3.547831    
   5700.000      -15.21215       3.543845    
   5701.000      -15.31161       3.542849    
   5706.000      -15.88678       3.537879    
   5711.000      -16.65887       3.532919    
   5716.000      -17.83671       3.527970    
   5721.000      -20.41048       3.523032    
   5726.000      -20.23734       10.73437    
   5731.000      -17.75915       10.71367    
   5736.000      -16.58908       10.69306    
   5741.000      -15.81537       10.67253    
   5746.000      -15.23692       10.65209    
   5751.000      -14.77520       10.63172    
   5756.000      -14.39138       10.61145    
   5761.000      -14.06331       10.59125    
   5766.000      -13.77722       10.57115    
   5771.000      -13.52382       10.55112    
   5776.000      -13.29672       10.53117    
   5781.000      -13.09121       10.51131    
   5786.000      -12.90380       10.49153    
   5791.000      -12.73173       10.47182    
   5796.000      -12.57291       10.45220    
   5800.000      -12.45423       10.43656    
   5801.000      -12.42562       10.43266    
   5806.000      -12.28849       10.41320    
   5811.000      -12.16038       10.39382    
   5816.000      -12.04031       10.37451    
   5821.000      -11.92751       10.35528    
   5900.000      -10.76185       10.06157    
   6000.000      -10.20176       9.715255    
   6067.000      -10.27231       9.497860    
   6072.000      -10.29737       9.482080    
   6077.000      -10.32625       9.466361    
   6082.000      -10.35932       9.450703    
   6087.000      -10.39702       9.435103    
   6092.000      -10.43988       9.419562    
   6097.000      -10.48857       9.404080    
   6100.000      -10.52090       9.394821    
   6102.000      -10.54389       9.388658    
   6107.000      -10.60686       9.373295    
   6112.000      -10.67880       9.357988    
   6117.000      -10.76139       9.342740    
   6122.000      -10.85694       9.327549    
   6127.000      -10.96858       9.312416    
   6132.000      -11.10086       9.297339    
   6137.000      -11.26063       9.282319    
   6142.000      -11.45894       9.267356    
   6147.000      -11.71543       9.252450    
   6152.000      -12.07040       9.237598    
   6157.000      -12.63015       9.222802    
   6162.000      -13.92268       9.208062    
   6167.000      -13.63356       12.69812    
   6172.000      -12.46180       12.67856    
   6177.000      -11.88242       12.65906    
   6182.000      -11.48897       12.63963    
   6187.000      -11.18820       12.62027    
   6192.000      -10.94321       12.60097    
   6197.000      -10.73565       12.58174    
   6200.000      -10.62453       12.57023    
   6202.000      -10.55501       12.56257    
   6207.000      -10.39473       12.54347    
   6212.000      -10.25037       12.52444    
   6217.000      -10.12184       12.50547    
   6222.000      -10.00081       12.48656    
   6227.000      -9.888886       12.46773    
   6232.000      -9.784611       12.44896    
   6237.000      -9.686942       12.43025    
   6242.000      -9.595072       12.41160    
   6247.000      -9.508334       12.39301    
   6252.000      -9.426188       12.37449    
   6257.000      -9.348163       12.35604    
   6262.000      -9.273879       12.33764    
   6300.000      -8.804165       12.19982    
   6400.000      -8.064050       11.85330    
   6451.000      -7.901122       11.68513    
   6456.000      -7.894579       11.66894    
   6461.000      -7.890149       11.65280    
   6466.000      -7.887965       11.63672    
   6471.000      -7.888465       11.62068    
   6476.000      -7.891603       11.60470    
   6481.000      -7.897850       11.58877    
   6486.000      -7.907591       11.57289    
   6491.000      -7.921324       11.55706    
   6496.000      -7.939684       11.54128    
   6500.000      -7.958259       11.52869    
   6501.000      -7.963509       11.52555    
   6506.000      -7.993911       11.50987    
   6511.000      -8.032427       11.49424    
   6516.000      -8.081247       11.47867    
   6521.000      -8.143680       11.46314    
   6526.000      -8.225000       11.44766    
   6531.000      -8.334462       11.43223    
   6536.000      -8.490624       11.41685    
   6541.000      -8.740612       11.40151    
   6546.000      -9.289928       11.38623    
   6551.000      -9.398890       13.14997    
   6556.000      -8.698322       13.13423    
   6561.000      -8.371011       13.11853    
   6566.000      -8.148176       13.10288    
   6571.000      -7.975687       13.08727    
   6576.000      -7.833004       13.07170    
   6581.000      -7.710112       13.05619    
   6586.000      -7.601330       13.04072    
   6591.000      -7.503164       13.02529    
   6596.000      -7.413288       13.00991    
   6600.000      -7.346255       12.99764    
   6601.000      -7.330087       12.99458    
   6606.000      -7.252367       12.97929    
   6611.000      -7.179255       12.96404    
   6616.000      -7.110072       12.94884    
   6621.000      -7.044292       12.93368    
   6626.000      -6.981475       12.91856    
   6631.000      -6.921281       12.90349    
   6636.000      -6.863425       12.88847    
   6641.000      -6.807672       12.87348    
   6646.000      -6.753810       12.85854    
   6700.000      -6.258445       12.69990    
   6800.000      -5.572442       12.41868    
   6900.000      -5.040879       12.15276    
   7000.000      -4.601301       11.90102    
   7100.000      -4.225469       11.66246    
   7200.000      -3.897252       11.43617    
   7300.000      -3.606196       11.22134    
   7400.000      -3.344977       11.01722    
   7500.000      -2.849583       10.80243    
   7600.000      -2.622591       10.58125    
   7700.000      -2.416169       10.36691    
   7800.000      -2.227730       10.15910    
   7900.000      -2.055152       9.957542    
   8000.000      -1.896668       9.761973    
   8100.000      -1.722657       9.569115    
   8200.000      -1.587152       9.381111    
   8300.000      -1.462208       9.198218    
   8400.000      -1.346878       9.020249    
   8500.000      -1.240326       8.847023    
   8600.000      -1.170602       8.681287    
   8700.000      -1.080685       8.520632    
   8800.000     -0.9972937       8.364444    
   8900.000     -0.9199118       8.212561    
   9000.000     -0.8480806       8.065449    
   9100.000     -0.7813240       7.922345    
   9200.000     -0.7192150       7.783102    
   9300.000     -0.6614211       7.647576    
   9400.000     -0.6076295       7.515637    
   9500.000     -0.5575535       7.387154    
   9600.000     -0.5109328       7.262005    
   9700.000     -0.4675296       7.140077    
   9800.000     -0.4271248       7.021253    
   9900.000     -0.3895187       6.905430    
   10000.00     -0.3545265       6.792504    
   10100.00     -0.3219787       6.682378    
   10200.00     -0.2917190       6.574960    
   10300.00     -0.2636022       6.470157    
   10400.00     -0.2374950       6.367885    
   10500.00     -0.2132728       6.268061    
   10600.00     -0.1908207       6.170606    
   10700.00     -0.1700322       6.075446    
   10800.00     -0.1508073       5.982505    
   10900.00     -0.1330539       5.891717    
   11000.00     -0.1166855       5.803011    
   11100.00     -0.1016217       5.716325    
   11200.00     -8.7787509E-02   5.631597    
   11300.00     -7.5112544E-02   5.548766    
   11400.00     -6.3531339E-02   5.467776    
   11500.00     -5.4377314E-02   5.388608    
   11600.00     -4.4829376E-02   5.311203    
   11700.00     -3.6198646E-02   5.235483    
   11800.00     -2.8434323E-02   5.161396    
   11900.00     -2.1489022E-02   5.088895    
   12000.00     -1.5317960E-02   5.017934    
   12100.00     -9.8792277E-03   4.948469    
   12200.00     -5.1333839E-03   4.880458    
   12300.00     -1.0431791E-03   4.813859    
   12400.00      4.8958429E-04   4.748696    
   12500.00      3.3494846E-03   4.684893    
   12600.00      5.6563509E-03   4.622387    
   12700.00      7.4394224E-03   4.561146    
   12800.00      8.7263351E-03   4.501132    
   12900.00      9.5431171E-03   4.442315    
   13000.00      9.9143879E-03   4.384660    
   13100.00      6.7863390E-03   4.328141    
   13200.00      6.2886942E-03   4.272851    
   13300.00      5.4161125E-03   4.218637    
   13400.00      4.1882489E-03   4.165470    
   13500.00      2.6236607E-03   4.113322    
   13600.00      7.3994353E-04   4.062167    
   13700.00     -1.4462295E-03   4.011981    
   13800.00     -3.9191302E-03   3.962737    
   13900.00     -6.6637699E-03   3.914413    
   14000.00     -9.6660424E-03   3.866985    
   14100.00     -1.2912497E-02   3.820430    
   14200.00     -1.6390370E-02   3.774728    
   14300.00     -2.0087656E-02   3.729856    
   14400.00     -2.3992825E-02   3.685796    
   14500.00     -2.8095083E-02   3.642525    
   14600.00     -3.2384071E-02   3.600027    
   14700.00     -3.6849950E-02   3.558282    
   14800.00     -4.1483495E-02   3.517272    
   14900.00     -4.6275783E-02   3.476980    
   15000.00     -5.1218510E-02   3.437389    
   15100.00     -5.6303650E-02   3.398482    
   15200.00     -6.1523568E-02   3.360244    
   15300.00     -6.6871166E-02   3.322658    
   15400.00     -7.2339483E-02   3.285711    
   15500.00     -7.7922106E-02   3.249387    
   15600.00     -8.3612800E-02   3.213672    
   15700.00     -8.9405619E-02   3.178552    
   15800.00     -9.5295064E-02   3.144015    
   15900.00     -0.1012757       3.110047    
   16000.00     -0.1073426       3.076635    
   16100.00     -0.1134908       3.043767    
   16200.00     -0.1197158       3.011431    
   16300.00     -0.1260132       2.979617    
   16400.00     -0.1323789       2.948312    
   16500.00     -0.1388091       2.917504    
   16600.00     -0.1455745       2.887185    
   16700.00     -0.1521221       2.857345    
   16800.00     -0.1587212       2.827973    
   16900.00     -0.1653725       2.799057    
   17000.00     -0.1724837       2.770593    
   17100.00     -0.1792220       2.742567    
   17200.00     -0.1860281       2.714970    
   17300.00     -0.1928458       2.687794    
   17400.00     -0.1997006       2.661030    
   17500.00     -0.2065894       2.634669    
   17600.00     -0.2135100       2.608702    
   17700.00     -0.2204601       2.583123    
   17800.00     -0.2274377       2.557925    
   17900.00     -0.2344411       2.533097    
   18000.00     -0.2414681       2.508633    
   18100.00     -0.2485172       2.484527    
   18200.00     -0.2555867       2.460771    
   18300.00     -0.2626748       2.437359    
   18400.00     -0.2697804       2.414283    
   18500.00     -0.2769019       2.391537    
   18600.00     -0.2840379       2.369115    
   18700.00     -0.2911872       2.347010    
   18800.00     -0.2983485       2.325218    
   18900.00     -0.3055209       2.303730    
   19000.00     -0.3127032       2.282543    
   19100.00     -0.3198944       2.261650    
   19200.00     -0.3270936       2.241045    
   19300.00     -0.3342998       2.220725    
   19400.00     -0.3415123       2.200682    
   19500.00     -0.3487303       2.180912    
   19600.00     -0.3559530       2.161410    
   19700.00     -0.3631797       2.142171    
   19800.00     -0.3704097       2.123191    
   19900.00     -0.3776426       2.104464    
   20000.00     -0.3848778       2.085986    
   20100.00     -0.3921147       2.067753    
   20200.00     -0.3993528       2.049760    
   20300.00     -0.4065917       2.032003    
   20400.00     -0.4138310       2.014478    
   20500.00     -0.4210704       1.997181    
   20600.00     -0.4283094       1.980108    
   20700.00     -0.4355479       1.963255    
   20800.00     -0.4427854       1.946618    
   20900.00     -0.4500218       1.930193    
   21000.00     -0.4572569       1.913977    
   21100.00     -0.4644905       1.897966    
   21200.00     -0.4717224       1.882156    
   21300.00     -0.4789523       1.866546    
   21400.00     -0.4861804       1.851130    
   21500.00     -0.4934065       1.835905    
   21600.00     -0.5006306       1.820869    
   21700.00     -0.5078524       1.806019    
   21800.00     -0.5150721       1.791351    
   21900.00     -0.5222898       1.776861    
   22000.00     -0.5295053       1.762549    
   22100.00     -0.5367188       1.748409    
   22200.00     -0.5439304       1.734440    
   22300.00     -0.5511400       1.720640    
   22400.00     -0.5583478       1.707004    
   22500.00     -0.5655541       1.693530    
   22600.00     -0.5727588       1.680217    
   22700.00     -0.5799623       1.667061    
   22800.00     -0.5871643       1.654059    
   22900.00     -0.5943657       1.641210    
   23000.00     -0.6015663       1.628511    
   23100.00     -0.6087664       1.615960    
   23200.00     -0.6159664       1.603554    
   23300.00     -0.6231662       1.591291    
   23400.00     -0.6303665       1.579169    
   23500.00     -0.6375675       1.567185    
   23600.00     -0.6447695       1.555338    
   23700.00     -0.6519729       1.543625    
   23800.00     -0.6591780       1.532045    
   23900.00     -0.6663852       1.520596    
   24000.00     -0.6735951       1.509274    
   24100.00     -0.6808079       1.498079    
   24200.00     -0.6880243       1.487009    
   24300.00     -0.6952445       1.476062    
   24400.00     -0.7024692       1.465235    
   24500.00     -0.7096990       1.454527    
   24600.00     -0.7169342       1.443937    
   24700.00     -0.7241748       1.433463    
   24800.00     -0.7312634       1.423102    
   24900.00     -0.7407646       1.412879    
