  Element 17: Cl      Atomic mass:   35.4530

  Edge          keV         A
    K         2.8224    4.3929

Scattering factors as a function of energy: 

   1000.000     -0.5094036       2.264047    
   1100.000     -0.5836217       1.945573    
   1200.000     -0.6630585       1.691453    
   1300.000     -0.7447295       1.485183    
   1400.000     -0.8275102       1.315281    
   1500.000     -0.9113036       1.173547    
   1600.000     -0.9966324       1.053989    
   1700.000      -1.084461      0.9521433    
   1800.000      -1.176147      0.8646266    
   1900.000      -1.273495      0.7888333    
   2000.000      -1.378905      0.7227301    
   2100.000      -1.495669      0.6647105    
   2200.000      -1.628514      0.6134903    
   2300.000      -1.784649      0.5680335    
   2400.000      -1.975974      0.5274955    
   2500.000      -2.224379      0.4911827    
   2600.000      -2.577353      0.4585206    
   2700.000      -3.173811      0.4290297    
   2725.000      -3.410601      0.4221040    
   2730.000      -3.465830      0.4207391    
   2735.000      -3.524365      0.4193808    
   2740.000      -3.586611      0.4180291    
   2745.000      -3.653035      0.4166840    
   2750.000      -3.724212      0.4153453    
   2755.000      -3.800832      0.4140131    
   2760.000      -3.883744      0.4126875    
   2765.000      -3.974025      0.4113681    
   2770.000      -4.073030      0.4100551    
   2775.000      -4.182546      0.4087484    
   2780.000      -4.304938      0.4074480    
   2785.000      -4.443494      0.4061537    
   2790.000      -4.602899      0.4048657    
   2795.000      -4.790251      0.4035838    
   2800.000      -5.016938      0.4023080    
   2805.000      -5.303148      0.4010383    
   2810.000      -5.689918      0.3997746    
   2815.000      -6.284248      0.3985169    
   2820.000      -7.593381      0.3972651    
   2825.000      -7.487523       4.091132    
   2830.000      -6.210019       4.081799    
   2835.000      -5.602006       4.072425    
   2840.000      -5.196812       4.063012    
   2845.000      -4.891421       4.053560    
   2850.000      -4.645709       4.044070    
   2855.000      -4.439748       4.034542    
   2860.000      -4.262229       4.024978    
   2865.000      -4.106061       4.015378    
   2870.000      -3.966549       4.005743    
   2875.000      -3.840379       3.996073    
   2880.000      -3.725159       3.986368    
   2885.000      -3.619092       3.976631    
   2890.000      -3.520782       3.966861    
   2895.000      -3.429147       3.957059    
   2900.000      -3.343309       3.947226    
   2905.000      -3.262563       3.937362    
   2910.000      -3.186320       3.927468    
   2915.000      -3.114097       3.917545    
   2920.000      -3.045478       3.907593    
   3000.000      -2.253173       3.744969    
   3100.000      -1.672992       3.552518    
   3200.000      -1.283600       3.376419    
   3300.000     -0.9974625       3.214800    
   3400.000     -0.7763457       3.066056    
   3500.000     -0.5998362       2.928802    
   3600.000     -0.4556484       2.801837    
   3700.000     -0.3218608       2.682946    
   3800.000     -0.2202149       2.569443    
   3900.000     -0.1338592       2.463078    
   4000.000     -6.0256433E-02   2.363246    
   4100.000      2.8289550E-03   2.269413    
   4200.000      5.7141654E-02   2.181099    
   4300.000      0.1040675       2.097874    
   4400.000      0.1447227       2.019347    
   4500.000      0.1800185       1.945166    
   4600.000      0.2107062       1.875012    
   4700.000      0.2374109       1.808594    
   4800.000      0.2606572       1.745648    
   4900.000      0.2808881       1.685933    
   5000.000      0.2984809       1.629229    
   5100.000      0.3127290       1.575342    
   5200.000      0.3259596       1.524103    
   5300.000      0.3373913       1.475318    
   5400.000      0.3472326       1.428832    
   5500.000      0.3556640       1.384501    
   5600.000      0.3628433       1.342193    
   5700.000      0.3705744       1.301696    
   5800.000      0.3756659       1.262913    
   5900.000      0.3798597       1.225814    
   6000.000      0.3832512       1.190300    
   6100.000      0.3859250       1.156284    
   6200.000      0.3879561       1.123681    
   6300.000      0.3894114       1.092414    
   6400.000      0.3903505       1.062411    
   6500.000      0.3908268       1.033604    
   6600.000      0.3908879       1.005931    
   6700.000      0.3905766      0.9793319    
   6800.000      0.3899312      0.9537525    
   6900.000      0.3889863      0.9291412    
   7000.000      0.3877727      0.9054496    
   7100.000      0.3863186      0.8826324    
   7200.000      0.3846491      0.8606471    
   7300.000      0.3827869      0.8394537    
   7400.000      0.3807526      0.8190148    
   7500.000      0.3785648      0.7992949    
   7600.000      0.3762403      0.7802607    
   7700.000      0.3737943      0.7618809    
   7800.000      0.3712406      0.7441257    
   7900.000      0.3685916      0.7269674    
   8000.000      0.3657462      0.7103800    
   8100.000      0.3629403      0.6943383    
   8200.000      0.3600700      0.6788188    
   8300.000      0.3571436      0.6637985    
   8400.000      0.3541687      0.6492569    
   8500.000      0.3511521      0.6351735    
   8600.000      0.3481000      0.6215295    
   8700.000      0.3450179      0.6083070    
   8800.000      0.3419108      0.5954887    
   8900.000      0.3387833      0.5830586    
   9000.000      0.3356797      0.5711015    
   9100.000      0.3325737      0.5595018    
   9200.000      0.3294690      0.5482453    
   9300.000      0.3263683      0.5373185    
   9400.000      0.3232746      0.5267088    
   9500.000      0.3201903      0.5164040    
   9600.000      0.3171177      0.5063925    
   9700.000      0.3140588      0.4966634    
   9800.000      0.3110154      0.4872060    
   9900.000      0.3079892      0.4780105    
   10000.00      0.3049815      0.4690671    
   10100.00      0.3019938      0.4603669    
   10200.00      0.2990272      0.4519012    
   10300.00      0.2960827      0.4436614    
   10400.00      0.2931612      0.4356399    
   10500.00      0.2902635      0.4278287    
   10600.00      0.2873904      0.4202208    
   10700.00      0.2845424      0.4128093    
   10800.00      0.2817201      0.4055872    
   10900.00      0.2789240      0.3985484    
   11000.00      0.2761543      0.3916866    
   11100.00      0.2734115      0.3849961    
   11200.00      0.2706957      0.3784711    
   11300.00      0.2680073      0.3721063    
   11400.00      0.2653463      0.3658966    
   11500.00      0.2627129      0.3598368    
   11600.00      0.2601071      0.3539223    
   11700.00      0.2575291      0.3481486    
   11800.00      0.2549787      0.3425110    
   11900.00      0.2524560      0.3370056    
   12000.00      0.2499611      0.3316281    
   12100.00      0.2474941      0.3263747    
   12200.00      0.2450593      0.3212415    
   12300.00      0.2418357      0.3162387    
   12400.00      0.2394426      0.3113554    
   12500.00      0.2370759      0.3065820    
   12600.00      0.2347365      0.3019153    
   12700.00      0.2324245      0.2973523    
   12800.00      0.2301395      0.2928897    
   12900.00      0.2278814      0.2885248    
   13000.00      0.2256500      0.2842546    
   13100.00      0.2234449      0.2800766    
   13200.00      0.2212660      0.2759880    
   13300.00      0.2191131      0.2719864    
   13400.00      0.2169857      0.2680692    
   13500.00      0.2148837      0.2642342    
   13600.00      0.2128067      0.2604791    
   13700.00      0.2107546      0.2568017    
   13800.00      0.2087269      0.2531998    
   13900.00      0.2067235      0.2496714    
   14000.00      0.2047440      0.2462146    
   14100.00      0.2027881      0.2428274    
   14200.00      0.2008556      0.2395080    
   14300.00      0.1989462      0.2362545    
   14400.00      0.1970595      0.2330654    
   14500.00      0.1951953      0.2299387    
   14600.00      0.1933533      0.2268731    
   14700.00      0.1915333      0.2238669    
   14800.00      0.1897348      0.2209185    
   14900.00      0.1879577      0.2180266    
   15000.00      0.1862016      0.2151897    
   15100.00      0.1844664      0.2124064    
   15200.00      0.1827516      0.2096753    
   15300.00      0.1810570      0.2069953    
   15400.00      0.1793824      0.2043650    
   15500.00      0.1777275      0.2017832    
   15600.00      0.1760920      0.1992487    
   15700.00      0.1744756      0.1967604    
   15800.00      0.1728781      0.1943173    
   15900.00      0.1712992      0.1919181    
   16000.00      0.1697387      0.1895619    
   16100.00      0.1681963      0.1872476    
   16200.00      0.1666718      0.1849744    
   16300.00      0.1651648      0.1827412    
   16400.00      0.1636753      0.1805470    
   16500.00      0.1622028      0.1783910    
   16600.00      0.1607472      0.1762723    
   16700.00      0.1593083      0.1741901    
   16800.00      0.1578858      0.1721436    
   16900.00      0.1564795      0.1701319    
   17000.00      0.1550891      0.1681542    
   17100.00      0.1537145      0.1662098    
   17200.00      0.1523554      0.1642980    
   17300.00      0.1510116      0.1624181    
   17400.00      0.1496828      0.1605692    
   17500.00      0.1483690      0.1587509    
   17600.00      0.1470698      0.1569623    
   17700.00      0.1457850      0.1552029    
   17800.00      0.1445145      0.1534721    
   17900.00      0.1432581      0.1517691    
   18000.00      0.1420155      0.1500936    
   18100.00      0.1407866      0.1484447    
   18200.00      0.1395712      0.1468221    
   18300.00      0.1383691      0.1452251    
   18400.00      0.1371801      0.1436532    
   18500.00      0.1360040      0.1421060    
   18600.00      0.1348407      0.1405828    
   18700.00      0.1336899      0.1390832    
   18800.00      0.1325515      0.1376068    
   18900.00      0.1314254      0.1361530    
   19000.00      0.1303113      0.1347213    
   19100.00      0.1292091      0.1333115    
   19200.00      0.1281186      0.1319229    
   19300.00      0.1270397      0.1305553    
   19400.00      0.1259722      0.1292081    
   19500.00      0.1249160      0.1278809    
   19600.00      0.1238708      0.1265735    
   19700.00      0.1228366      0.1252854    
   19800.00      0.1218132      0.1240162    
   19900.00      0.1208005      0.1227655    
   20000.00      0.1197983      0.1215331    
   20100.00      0.1188064      0.1203185    
   20200.00      0.1178248      0.1191214    
   20300.00      0.1168533      0.1179415    
   20400.00      0.1158917      0.1167785    
   20500.00      0.1149400      0.1156320    
   20600.00      0.1139979      0.1145017    
   20700.00      0.1130654      0.1133874    
   20800.00      0.1121424      0.1122887    
   20900.00      0.1112287      0.1112054    
   21000.00      0.1103241      0.1101371    
   21100.00      0.1094286      0.1090836    
   21200.00      0.1085421      0.1080446    
   21300.00      0.1076644      0.1070200    
   21400.00      0.1067955      0.1060093    
   21500.00      0.1059351      0.1050123    
   21600.00      0.1050832      0.1040289    
   21700.00      0.1042397      0.1030587    
   21800.00      0.1034045      0.1021016    
   21900.00      0.1025774      0.1011573    
   22000.00      0.1017584      0.1002255    
   22100.00      0.1009474      9.9306099E-02
   22200.00      0.1001442      9.8398849E-02
   22300.00      9.9348783E-02  9.7503543E-02
   22400.00      9.8561004E-02  9.6619941E-02
   22500.00      9.7780786E-02  9.5747873E-02
   22600.00      9.7008027E-02  9.4887130E-02
   22700.00      9.6242636E-02  9.4037525E-02
   22800.00      9.5484540E-02  9.3198873E-02
   22900.00      9.4733603E-02  9.2370979E-02
   23000.00      9.3989767E-02  9.1553658E-02
   23100.00      9.3252927E-02  9.0746738E-02
   23200.00      9.2523009E-02  8.9950047E-02
   23300.00      9.1799937E-02  8.9163437E-02
   23400.00      9.1083594E-02  8.8386700E-02
   23500.00      9.0373911E-02  8.7619692E-02
   23600.00      8.9670807E-02  8.6862259E-02
   23700.00      8.8974208E-02  8.6114235E-02
   23800.00      8.8284031E-02  8.5375480E-02
   23900.00      8.7600186E-02  8.4645830E-02
   24000.00      8.6922601E-02  8.3925135E-02
   24100.00      8.6251199E-02  8.3213262E-02
   24200.00      8.5585915E-02  8.2510069E-02
   24300.00      8.4926672E-02  8.1815422E-02
   24400.00      8.4273383E-02  8.1129164E-02
   24500.00      8.3625987E-02  8.0451176E-02
   24600.00      8.2984410E-02  7.9781331E-02
   24700.00      8.2348585E-02  7.9119489E-02
   24800.00      8.1718445E-02  7.8465551E-02
   24900.00      8.1093915E-02  7.7819355E-02
