  Element 66: Dy      Atomic mass:  162.5000

  Edge          keV         A
    K        53.7885    0.2305
    L-I       9.0458    1.3706
    L-II      8.5806    1.4449
    L-III     7.7901    1.5916
    M1        2.0468    6.0575
    M2        1.8418    6.7317
    M3        1.6756    7.3994
    M4        1.3325    9.3046
    M5        1.2949    9.5748

Scattering factors as a function of energy: 

   1000.000      -30.30159       9.197296    
   1100.000      -32.61457       8.519276    
   1197.000      -37.94447       7.921163    
   1200.000      -38.24520       7.903587    
   1202.000      -38.45507       7.891899    
   1207.000      -39.01635       7.862778    
   1212.000      -39.63749       7.833799    
   1217.000      -40.32997       7.804963    
   1222.000      -41.10840       7.776267    
   1227.000      -41.99153       7.747712    
   1232.000      -43.00378       7.719296    
   1235.000      -43.68615       7.702313    
   1237.000      -44.17749       7.691019    
   1240.000      -44.97676       7.674119    
   1242.000      -45.55627       7.662880    
   1245.000      -46.50601       7.646062    
   1247.000      -47.20007       7.634878    
   1250.000      -48.34737       7.618142    
   1252.000      -49.19347       7.607012    
   1255.000      -50.60623       7.590358    
   1257.000      -51.65930       7.579282    
   1260.000      -53.43882       7.562709    
   1262.000      -54.78249       7.551687    
   1265.000      -57.08663       7.535194    
   1267.000      -58.85460       7.524226    
   1270.000      -61.94366       7.507814    
   1272.000      -64.36414       7.496899    
   1275.000      -68.70202       7.480566    
   1277.000      -72.20232       7.469704    
   1280.000      -78.71587       7.453450    
   1282.000      -84.21870       7.442641    
   1285.000      -95.14248       7.426466    
   1287.000      -105.2110       7.415709    
   1290.000      -128.4186       7.399612    
   1292.000      -156.1451       7.388907    
   1295.000      -370.7916       208.9730    
   1297.000      -160.7072       191.4681    
   1300.000      -96.39727       168.3245    
   1302.000      -74.05757       154.7186    
   1305.000      -53.06307       136.6775    
   1307.000      -44.07698       126.0400    
   1310.000      -35.42919       111.8944    
   1312.000      -32.04998       103.5296    
   1315.000      -29.75057       92.37431    
   1317.000      -29.82209       85.75961    
   1320.000      -32.24011       76.91300    
   1322.000      -35.54575       71.65251    
   1325.000      -43.90845       64.59771    
   1327.000      -53.04416       60.39106    
   1330.000      -79.57124       54.73433    
   1332.000      -139.8309       51.35211    
   1335.000      -68.90649       164.3109    
   1337.000      -41.15047       151.8316    
   1340.000      -18.45579       135.1807    
   1342.000      -9.080510       125.3029    
   1345.000      0.3095393       112.0866    
   1347.000       4.515838       104.2244    
   1350.000       8.775090       93.67619    
   1352.000       10.61948       87.38395    
   1355.000       12.32017       78.91934    
   1357.000       12.91690       73.85633    
   1360.000       13.21449       67.02733    
   1362.000       13.11387       62.93177    
   1365.000       12.62621       57.39330    
   1367.000       12.13014       54.06301    
   1370.000       11.19929       49.54791    
   1372.000       10.48567       46.82601    
   1375.000       9.317582       43.12647    
   1377.000       8.492854       40.89060    
   1380.000       7.212311       37.84418    
   1382.000       6.341340       35.99848    
   1385.000       5.024515       33.47761    
   1387.000       4.146812       31.94662    
   1390.000       2.839823       29.85063    
   1392.000       1.979076       28.57467    
   1395.000      0.7092299       26.82379    
   1400.000      -1.340020       24.28619    
   1405.000      -3.290394       22.14920    
   1410.000      -5.138105       20.34175    
   1415.000      -6.882701       18.80656    
   1420.000      -8.527506       17.49730    
   1425.000      -10.07790       16.37633    
   1430.000      -11.54035       15.41296    
   1500.000      -26.37013       9.881983    
   1578.000      -40.88742       9.628229    
   1583.000      -42.04639       9.735209    
   1588.000      -43.25799       9.861464    
   1593.000      -44.52805       10.00873    
   1598.000      -45.86304       10.17906    
   1600.000      -46.41678       10.25417    
   1603.000      -47.27010       10.37483    
   1608.000      -48.75716       10.59881    
   1613.000      -50.33306       10.85420    
   1618.000      -52.00773       11.14471    
   1623.000      -53.79241       11.47464    
   1628.000      -55.69991       11.84897    
   1633.000      -57.74498       12.27346    
   1638.000      -59.94487       12.75478    
   1643.000      -62.32014       13.30066    
   1648.000      -64.89608       13.92012    
   1653.000      -67.70526       14.62360    
   1658.000      -70.79319       15.42327    
   1663.000      -74.23312       16.33335    
   1668.000      -78.18595       17.37046    
   1673.000      -83.24677       18.55399    
   1678.000      -87.17263       24.50675    
   1683.000      -89.70359       26.02080    
   1688.000      -40.53446       26.29473    
   1693.000      -41.04499       26.49894    
   1698.000      -41.77598       26.74546    
   1700.000      -42.11943       26.85720    
   1703.000      -42.68492       27.04015    
   1708.000      -43.75708       27.38981    
   1713.000      -44.99036       27.80238    
   1718.000      -46.38980       28.28706    
   1723.000      -47.96547       28.85468    
   1728.000      -49.73153       29.51785    
   1733.000      -18.49899       30.14459    
   1738.000      -18.29611       30.00291    
   1743.000      -18.10707       29.86273    
   1744.000      -18.07079       29.83488    
   1748.000      -17.93042       29.72404    
   1749.000      -17.89648       29.69648    
   1753.000      -17.76510       29.58682    
   1754.000      -17.73332       29.55955    
   1758.000      -17.60955       29.45103    
   1759.000      -17.58065       29.42405    
   1763.000      -17.46550       29.31667    
   1764.000      -17.43769       29.28996    
   1768.000      -17.33017       29.18370    
   1769.000      -17.30422       29.15727    
   1773.000      -17.20408       29.05211    
   1774.000      -17.17996       29.02596    
   1779.000      -17.06485       28.89600    
   1784.000      -16.95896       28.76739    
   1789.000      -16.86260       28.64008    
   1794.000      -16.77630       28.51408    
   1799.000      -16.70095       28.38937    
   1800.000      -16.68730       28.36458    
   1804.000      -16.63788       28.26591    
   1809.000      -16.58916       28.14371    
   1814.000      -16.55805       28.02274    
   1819.000      -16.54992       27.90298    
   1824.000      -16.57437       27.78443    
   1829.000      -16.65086       27.66706    
   1834.000      -16.82918       27.55085    
   1839.000      -17.32730       27.43581    
   1844.000      -17.35619       29.21208    
   1849.000      -16.52626       29.08487    
   1854.000      -16.10052       28.95914    
   1859.000      -15.79075       28.83489    
   1864.000      -15.53853       28.71209    
   1869.000      -15.32153       28.59072    
   1874.000      -15.12879       28.47075    
   1879.000      -14.95406       28.35217    
   1884.000      -14.79345       28.23496    
   1889.000      -14.64432       28.11909    
   1894.000      -14.50484       28.00456    
   1899.000      -14.37367       27.89134    
   1900.000      -14.34833       27.86885    
   1904.000      -14.24976       27.77941    
   1909.000      -14.21368       27.66877    
   1914.000      -14.10152       27.55952    
   1919.000      -13.99512       27.45150    
   1924.000      -13.89370       27.34471    
   1929.000      -13.79694       27.23914    
   1934.000      -13.70454       27.13476    
   1939.000      -13.61632       27.03156    
   1949.000      -13.45174       26.82865    
   1954.000      -13.37516       26.72891    
   1959.000      -13.30229       26.63030    
   1964.000      -13.23312       26.53280    
   1969.000      -13.16765       26.43640    
   1974.000      -13.10594       26.34109    
   1979.000      -13.04811       26.24685    
   1984.000      -12.99432       26.15368    
   1989.000      -12.94481       26.06157    
   1994.000      -12.89993       25.97049    
   1999.000      -12.86016       25.88045    
   2000.000      -12.85287       25.86256    
   2004.000      -12.82615       25.79142    
   2009.000      -12.79886       25.70341    
   2014.000      -12.77969       25.61639    
   2019.000      -12.77077       25.53037    
   2024.000      -12.77554       25.44533    
   2029.000      -12.80008       25.36125    
   2034.000      -12.85668       25.27814    
   2039.000      -12.97656       25.19598    
   2044.000      -13.29623       25.11477    
   2049.000      -13.32247       26.21780    
   2054.000      -12.81189       26.13573    
   2059.000      -12.55132       26.05462    
   2064.000      -12.36157       25.97446    
   2069.000      -12.20643       25.89524    
   2074.000      -12.07217       25.81696    
   2079.000      -11.95202       25.73961    
   2084.000      -11.84218       25.66317    
   2089.000      -11.74027       25.58766    
   2094.000      -11.64470       25.51304    
   2099.000      -11.55435       25.43933    
   2100.000      -11.53683       25.42469    
   2104.000      -11.46840       25.36650    
   2109.000      -11.38624       25.29456    
   2114.000      -11.30738       25.22350    
   2119.000      -11.23144       25.15332    
   2124.000      -11.15812       25.08399    
   2129.000      -11.08716       25.01554    
   2134.000      -11.01833       24.94793    
   2139.000      -10.95147       24.88118    
   2144.000      -10.88641       24.81526    
   2200.000      -9.644308       24.07294    
   2300.000      -8.652822       22.75613    
   2400.000      -7.580132       21.61672    
   2500.000      -6.901272       20.49212    
   2600.000      -6.208828       19.46564    
   2700.000      -5.612243       18.48775    
   2800.000      -5.225668       17.56219    
   2900.000      -5.037875       16.70370    
   3000.000      -4.781608       15.91163    
   3100.000      -4.575285       15.18329    
   3200.000      -4.408186       14.50551    
   3300.000      -4.274214       13.87357    
   3400.000      -4.172260       13.28357    
   3500.000      -4.091360       12.73200    
   3600.000      -4.031115       12.21527    
   3700.000      -3.993972       11.73053    
   3800.000      -3.967738       11.27574    
   3900.000      -3.955024       10.84791    
   4000.000      -3.954206       10.44489    
   4100.000      -3.967155       10.06475    
   4200.000      -3.986485       9.706164    
   4300.000      -4.014207       9.367141    
   4400.000      -4.049522       9.046247    
   4500.000      -4.091766       8.742174    
   4600.000      -4.140390       8.453732    
   4700.000      -4.194950       8.179839    
   4800.000      -4.255088       7.919501    
   4900.000      -4.320530       7.671817    
   5000.000      -4.391074       7.435954    
   5100.000      -4.466585       7.211153    
   5200.000      -4.546993       6.996711    
   5300.000      -4.632292       6.791984    
   5400.000      -4.722532       6.596380    
   5500.000      -4.817337       6.409349    
   5600.000      -4.922089       6.230486    
   5700.000      -5.034343       6.059511    
   5800.000      -5.152984       5.895810    
   5900.000      -5.270915       5.739108    
   6000.000      -5.395549       5.588755    
   6100.000      -5.527516       5.444403    
   6200.000      -5.667585       5.305727    
   6300.000      -5.820279       5.172485    
   6400.000      -5.979591       5.044362    
   6500.000      -6.150515       4.921064    
   6600.000      -6.334831       4.802348    
   6700.000      -6.534794       4.687982    
   6800.000      -6.753316       4.577750    
   6900.000      -6.994233       4.471450    
   7000.000      -7.262747       4.368893    
   7100.000      -7.566160       4.269899    
   7200.000      -7.915189       4.174302    
   7300.000      -8.337425       4.082119    
   7400.000      -8.839304       3.993297    
   7500.000      -9.485448       3.907417    
   7600.000      -10.40024       3.824348    
   7693.000      -11.84685       3.749506    
   7698.000      -11.96067       3.745547    
   7700.000      -12.00794       3.743964    
   7703.000      -12.08086       3.741593    
   7708.000      -12.20820       3.737646    
   7713.000      -12.34356       3.733706    
   7718.000      -12.48807       3.729771    
   7723.000      -12.64303       3.725843    
   7728.000      -12.81008       3.721922    
   7733.000      -12.99125       3.718007    
   7738.000      -13.18916       3.714098    
   7743.000      -13.40722       3.710196    
   7748.000      -13.64997       3.706299    
   7753.000      -13.92366       3.702410    
   7758.000      -14.23739       3.698526    
   7763.000      -14.60478       3.694649    
   7768.000      -15.04789       3.690777    
   7773.000      -15.60594       3.686913    
   7778.000      -16.35977       3.683054    
   7783.000      -17.52405       3.679201    
   7788.000      -20.19125       3.675355    
   7793.000      -19.49522       10.58773    
   7798.000      -17.27531       10.57186    
   7800.000      -16.77412       10.56552    
   7803.000      -16.18579       10.55605    
   7808.000      -15.45669       10.54031    
   7813.000      -14.90783       10.52463    
   7818.000      -14.46999       10.50902    
   7823.000      -14.10250       10.49347    
   7828.000      -13.78716       10.47798    
   7833.000      -13.51111       10.46256    
   7838.000      -13.26577       10.44721    
   7843.000      -13.04505       10.43191    
   7848.000      -12.84456       10.41668    
   7853.000      -12.66098       10.40151    
   7858.000      -12.49179       10.38640    
   7863.000      -12.33494       10.37136    
   7868.000      -12.18883       10.35637    
   7873.000      -12.05216       10.34145    
   7878.000      -11.92384       10.32658    
   7883.000      -11.80296       10.31178    
   7888.000      -11.68877       10.29704    
   7900.000      -11.43830       10.26190    
   8000.000      -10.10876       9.982025    
   8100.000      -9.413468       9.724016    
   8200.000      -9.035774       9.485739    
   8300.000      -8.889932       9.265553    
   8400.000      -8.991825       9.062009    
   8483.000      -9.402267       8.904777    
   8488.000      -9.445181       8.895628    
   8493.000      -9.491412       8.886515    
   8498.000      -9.541336       8.877437    
   8500.000      -9.562433       8.873816    
   8503.000      -9.595395       8.868395    
   8508.000      -9.654123       8.859387    
   8513.000      -9.718158       8.850418    
   8518.000      -9.788321       8.841482    
   8523.000      -9.865601       8.832581    
   8528.000      -9.951271       8.823714    
   8533.000      -10.04699       8.814882    
   8538.000      -10.15496       8.806086    
   8543.000      -10.27824       8.797323    
   8548.000      -10.42118       8.788594    
   8553.000      -10.59031       8.779901    
   8558.000      -10.79609       8.771242    
   8563.000      -11.05706       8.762616    
   8568.000      -11.41050       8.754025    
   8573.000      -11.95219       8.745466    
   8578.000      -13.11714       8.736941    
   8583.000      -13.20575       12.19599    
   8588.000      -11.94353       12.17952    
   8593.000      -11.35723       12.16318    
   8598.000      -10.96837       12.14699    
   8600.000      -10.84255       12.14054    
   8603.000      -10.67566       12.13092    
   8608.000      -10.44025       12.11499    
   8613.000      -10.24296       12.09919    
   8618.000      -10.07293       12.08353    
   8623.000      -9.923385       12.06799    
   8628.000      -9.789836       12.05259    
   8633.000      -9.669134       12.03731    
   8638.000      -9.559011       12.02217    
   8643.000      -9.457713       12.00715    
   8648.000      -9.363941       11.99226    
   8653.000      -9.276657       11.97750    
   8658.000      -9.195033       11.96286    
   8663.000      -9.118392       11.94835    
   8668.000      -9.046179       11.93396    
   8673.000      -8.977931       11.91970    
   8678.000      -8.913256       11.90555    
   8700.000      -8.663672       11.84477    
   8800.000      -7.952034       11.59672    
   8900.000      -7.641448       11.39170    
   8948.000      -7.625759       11.29354    
   8953.000      -7.631599       11.28375    
   8958.000      -7.639289       11.27403    
   8963.000      -7.649009       11.26440    
   8968.000      -7.660976       11.25484    
   8973.000      -7.675446       11.24537    
   8978.000      -7.692743       11.23597    
   8983.000      -7.713256       11.22665    
   8988.000      -7.737479       11.21741    
   8993.000      -7.766037       11.20825    
   8998.000      -7.799749       11.19917    
   9000.000      -7.814909       11.19556    
   9003.000      -7.788055       11.19015    
   9008.000      -7.833290       11.18047    
   9013.000      -7.888250       11.17079    
   9018.000      -7.956326       11.16113    
   9023.000      -8.042657       11.15147    
   9028.000      -8.156266       11.14182    
   9033.000      -8.315261       11.13218    
   9038.000      -8.565537       11.12255    
   9043.000      -9.107335       11.11293    
   9048.000      -9.220518       12.83648    
   9053.000      -8.544319       12.82641    
   9058.000      -8.231636       12.81634    
   9063.000      -8.020573       12.80628    
   9068.000      -7.858433       12.79623    
   9073.000      -7.725209       12.78619    
   9078.000      -7.611134       12.77616    
   9083.000      -7.510701       12.76613    
   9088.000      -7.420496       12.75611    
   9093.000      -7.338257       12.74611    
   9098.000      -7.262418       12.73611    
   9100.000      -7.233587       12.73211    
   9103.000      -7.191807       12.72612    
   9108.000      -7.125581       12.71613    
   9113.000      -7.063083       12.70616    
   9118.000      -7.003794       12.69619    
   9123.000      -6.947302       12.68623    
   9128.000      -6.893271       12.67628    
   9133.000      -6.841424       12.66634    
   9138.000      -6.791541       12.65641    
   9143.000      -6.743407       12.64649    
   9200.000      -6.281121       12.53393    
   9300.000      -5.675074       12.33904    
   9400.000      -5.197264       12.14739    
   9500.000      -4.794222       11.95892    
   9600.000      -4.442872       11.77357    
   9700.000      -4.130569       11.59130    
   9800.000      -3.849382       11.41205    
   9900.000      -3.593900       11.23578    
   10000.00      -3.360194       11.06244    
   10100.00      -3.145294       10.89199    
   10200.00      -2.943672       10.72415    
   10300.00      -2.759695       10.55900    
   10400.00      -2.588836       10.39658    
   10500.00      -2.429818       10.23685    
   10600.00      -2.281566       10.07978    
   10700.00      -2.143158       9.925330    
   10800.00      -2.013794       9.773458    
   10900.00      -1.892779       9.624133    
   11000.00      -1.779499       9.477315    
   11100.00      -1.673412       9.332971    
   11200.00      -1.669857       9.194970    
   11300.00      -1.579410       9.064324    
   11400.00      -1.494199       8.936335    
   11500.00      -1.413865       8.810925    
   11600.00      -1.338087       8.688025    
   11700.00      -1.266571       8.567567    
   11800.00      -1.218977       8.450173    
   11900.00      -1.155919       8.336169    
   12000.00      -1.096492       8.224502    
   12100.00      -1.040052       8.115106    
   12200.00     -0.9866236       8.007919    
   12300.00     -0.9360286       7.902882    
   12400.00     -0.8881033       7.799936    
   12500.00     -0.8426948       7.699024    
   12600.00     -0.7996625       7.600092    
   12700.00     -0.7588755       7.503089    
   12800.00     -0.7202111       7.407962    
   12900.00     -0.6835562       7.314665    
   13000.00     -0.6488041       7.223148    
   13100.00     -0.6158558       7.133365    
   13200.00     -0.5846187       7.045274    
   13300.00     -0.5550053       6.958830    
   13400.00     -0.5269347       6.873993    
   13500.00     -0.5003296       6.790722    
   13600.00     -0.4751183       6.708977    
   13700.00     -0.4512335       6.628722    
   13800.00     -0.4286108       6.549919    
   13900.00     -0.4071907       6.472534    
   14000.00     -0.3869159       6.396531    
   14100.00     -0.3677333       6.321878    
   14200.00     -0.3495925       6.248543    
   14300.00     -0.3324454       6.176493    
   14400.00     -0.3162470       6.105699    
   14500.00     -0.3009544       6.036131    
   14600.00     -0.2865270       5.967760    
   14700.00     -0.2729267       5.900559    
   14800.00     -0.2601166       5.834501    
   14900.00     -0.2480626       5.769560    
   15000.00     -0.2367314       5.705710    
   15100.00     -0.2260921       5.642926    
   15200.00     -0.2161150       5.581186    
   15300.00     -0.2067717       5.520464    
   15400.00     -0.1980356       5.460739    
   15500.00     -0.1898810       5.401988    
   15600.00     -0.1868301       5.344223    
   15700.00     -0.1797878       5.287519    
   15800.00     -0.1732526       5.231726    
   15900.00     -0.1672034       5.176826    
   16000.00     -0.1616204       5.122797    
   16100.00     -0.1564843       5.069623    
   16200.00     -0.1517771       5.017284    
   16300.00     -0.1474814       4.965765    
   16400.00     -0.1435804       4.915044    
   16500.00     -0.1400583       4.865108    
   16600.00     -0.1369000       4.815940    
   16700.00     -0.1340909       4.767524    
   16800.00     -0.1316173       4.719844    
   16900.00     -0.1294656       4.672884    
   17000.00     -0.1276233       4.626632    
   17100.00     -0.1260782       4.581070    
   17200.00     -0.1292021       4.536242    
   17300.00     -0.1282379       4.492166    
   17400.00     -0.1275336       4.448739    
   17500.00     -0.1270788       4.405950    
   17600.00     -0.1268640       4.363787    
   17700.00     -0.1268797       4.322237    
   17800.00     -0.1271170       4.281288    
   17900.00     -0.1275673       4.240928    
   18000.00     -0.1282223       4.201145    
   18100.00     -0.1306200       4.161933    
   18200.00     -0.1316757       4.123320    
   18300.00     -0.1329121       4.085253    
   18400.00     -0.1343222       4.047721    
   18500.00     -0.1358994       4.010713    
   18600.00     -0.1376372       3.974220    
   18700.00     -0.1395294       3.938233    
   18800.00     -0.1415699       3.902742    
   18900.00     -0.1437532       3.867736    
   19000.00     -0.1460737       3.833209    
   19100.00     -0.1485260       3.799150    
   19200.00     -0.1511053       3.765551    
   19300.00     -0.1538064       3.732404    
   19400.00     -0.1566248       3.699701    
   19500.00     -0.1595559       3.667433    
   19600.00     -0.1625955       3.635592    
   19700.00     -0.1657392       3.604172    
   19800.00     -0.1689831       3.573165    
   19900.00     -0.1723233       3.542562    
   20000.00     -0.1757561       3.512358    
   20100.00     -0.1792779       3.482544    
   20200.00     -0.1828853       3.453115    
   20300.00     -0.1865748       3.424064    
   20400.00     -0.1903434       3.395384    
   20500.00     -0.1941879       3.367068    
   20600.00     -0.1981055       3.339110    
   20700.00     -0.2020932       3.311505    
   20800.00     -0.2061482       3.284246    
   20900.00     -0.2102680       3.257328    
   21000.00     -0.2144500       3.230744    
   21100.00     -0.2186917       3.204489    
   21200.00     -0.2229909       3.178557    
   21300.00     -0.2273450       3.152945    
   21400.00     -0.2317521       3.127645    
   21500.00     -0.2362101       3.102652    
   21600.00     -0.2407168       3.077962    
   21700.00     -0.2452703       3.053570    
   21800.00     -0.2498687       3.029471    
   21900.00     -0.2545102       3.005660    
   22000.00     -0.2591931       2.982132    
   22100.00     -0.2639157       2.958884    
   22200.00     -0.2686764       2.935910    
   22300.00     -0.2734735       2.913206    
   22400.00     -0.2783056       2.890768    
   22500.00     -0.2831714       2.868591    
   22600.00     -0.2880692       2.846672    
   22700.00     -0.2929979       2.825007    
   22800.00     -0.2979561       2.803591    
   22900.00     -0.3029426       2.782421    
   23000.00     -0.3079563       2.761492    
   23100.00     -0.3129959       2.740802    
   23200.00     -0.3180604       2.720346    
   23300.00     -0.3231487       2.700122    
   23400.00     -0.3282598       2.680124    
   23500.00     -0.3333927       2.660351    
   23600.00     -0.3385465       2.640798    
   23700.00     -0.3437203       2.621462    
   23800.00     -0.3489132       2.602340    
   23900.00     -0.3541244       2.583429    
   24000.00     -0.3593532       2.564726    
   24100.00     -0.3645988       2.546227    
   24200.00     -0.3698604       2.527930    
   24300.00     -0.3751372       2.509832    
   24400.00     -0.3804289       2.491929    
   24500.00     -0.3857347       2.474219    
   24600.00     -0.3910540       2.456699    
   24700.00     -0.3963862       2.439366    
   24800.00     -0.4017308       2.422218    
   24900.00     -0.4070874       2.405252    
