  Element 26: Fe      Atomic mass:   55.8470

  Edge          keV         A
    K         7.1120    1.7433

Scattering factors as a function of energy: 

   1000.000      -3.883686       11.72093    
   1100.000      -2.540634       10.27219    
   1200.000      -1.683888       9.094141    
   1300.000      -1.115846       8.105280    
   1400.000     -0.7409161       7.270536    
   1500.000     -0.4825158       6.558800    
   1600.000     -0.3094403       5.946830    
   1700.000     -0.1973658       5.416941    
   1800.000     -0.1252194       4.955040    
   1900.000     -8.0611087E-02   4.549855    
   2000.000     -5.7835694E-02   4.192333    
   2100.000     -5.1210735E-02   3.875228    
   2200.000     -5.6610510E-02   3.592631    
   2300.000     -7.1005285E-02   3.339681    
   2400.000     -9.2151552E-02   3.112349    
   2500.000     -0.1183800       2.907274    
   2600.000     -0.1484500       2.721632    
   2700.000     -0.1814508       2.553031    
   2800.000     -0.2167409       2.399444    
   2900.000     -0.2754607       2.260164    
   3000.000     -0.3138266       2.133553    
   3100.000     -0.3512698       2.018443    
   3200.000     -0.3889650       1.912562    
   3300.000     -0.4267831       1.814933    
   3400.000     -0.4656484       1.724720    
   3500.000     -0.5036982       1.641255    
   3600.000     -0.5416844       1.563825    
   3700.000     -0.5796130       1.491854    
   3800.000     -0.6175030       1.424833    
   3900.000     -0.6553892       1.362312    
   4000.000     -0.6933190       1.303891    
   4100.000     -0.7313522       1.249214    
   4200.000     -0.7695590       1.197964    
   4300.000     -0.8080203       1.149855    
   4400.000     -0.8468267       1.104634    
   4500.000     -0.8860803       1.062070    
   4600.000     -0.9258945       1.021956    
   4700.000     -0.9663954      0.9841050    
   4800.000      -1.007724      0.9483480    
   4900.000      -1.050038      0.9145314    
   5000.000      -1.093515      0.8825152    
   5100.000      -1.138356      0.8521724    
   5200.000      -1.184791      0.8233867    
   5300.000      -1.233086      0.7960520    
   5400.000      -1.283549      0.7700714    
   5500.000      -1.336541      0.7453558    
   5600.000      -1.392493      0.7218233    
   5700.000      -1.451924      0.6993986    
   5800.000      -1.515466      0.6780124    
   5900.000      -1.583903      0.6576009    
   6000.000      -1.658225      0.6381052    
   6100.000      -1.739707      0.6194704    
   6200.000      -1.830029      0.6016462    
   6300.000      -1.931474      0.5845856    
   6400.000      -2.047246      0.5682452    
   6500.000      -2.182048      0.5525846    
   6600.000      -2.343179      0.5375661    
   6700.000      -2.542853      0.5231548    
   6800.000      -2.803862      0.5093179    
   6900.000      -3.176651      0.4960252    
   7000.000      -3.815184      0.4832481    
   7015.000      -3.962510      0.4813744    
   7020.000      -4.017018      0.4807522    
   7025.000      -4.074730      0.4801312    
   7030.000      -4.136031      0.4795114    
   7035.000      -4.201370      0.4788930    
   7040.000      -4.271311      0.4782756    
   7045.000      -4.346515      0.4776594    
   7050.000      -4.427807      0.4770445    
   7055.000      -4.516212      0.4764308    
   7060.000      -4.613067      0.4758182    
   7065.000      -4.720086      0.4752068    
   7070.000      -4.839573      0.4745966    
   7075.000      -4.974701      0.4739876    
   7080.000      -5.130078      0.4733797    
   7085.000      -5.312624      0.4727730    
   7090.000      -5.533569      0.4721675    
   7095.000      -5.812904      0.4715632    
   7100.000      -6.192022      0.4709600    
   7105.000      -6.781595      0.4703580    
   7110.000      -8.159699      0.4697571    
   7115.000      -7.712439       3.950112    
   7120.000      -6.616264       3.944420    
   7125.000      -6.070572       3.938747    
   7130.000      -5.703087       3.933092    
   7135.000      -5.425135       3.927457    
   7140.000      -5.201268       3.921840    
   7145.000      -5.013628       3.916242    
   7150.000      -4.852008       3.910662    
   7155.000      -4.709988       3.905100    
   7160.000      -4.583281       3.899558    
   7165.000      -4.468844       3.894033    
   7170.000      -4.364488       3.888526    
   7175.000      -4.268559       3.883038    
   7180.000      -4.179786       3.877568    
   7185.000      -4.097149       3.872116    
   7190.000      -4.019849       3.866681    
   7195.000      -3.947231       3.861264    
   7200.000      -3.878759       3.855866    
   7205.000      -3.813970       3.850485    
   7210.000      -3.752487       3.845122    
   7300.000      -2.981344       3.751515    
   7400.000      -2.473042       3.653702    
   7500.000      -2.119659       3.561929    
   7600.000      -1.851138       3.475747    
   7700.000      -1.636519       3.394748    
   7800.000      -1.459201       3.318563    
   7900.000      -1.309163       3.246855    
   8000.000      -1.179836       3.179316    
   8100.000      -1.066637       3.115665    
   8200.000     -0.9662024       3.055648    
   8300.000     -0.8759362       2.999027    
   8400.000     -0.7937280       2.945588    
   8500.000     -0.7177295       2.895133    
   8600.000     -0.6461488       2.847481    
   8700.000     -0.5769566       2.802464    
   8800.000     -0.5073217       2.759927    
   8900.000     -0.4321914       2.719724    
   9000.000     -0.3795558       2.670229    
   9100.000     -0.3308405       2.621958    
   9200.000     -0.2856742       2.574870    
   9300.000     -0.2460591       2.529067    
   9400.000     -0.2075828       2.484574    
   9500.000     -0.1717504       2.441259    
   9600.000     -0.1383357       2.399079    
   9700.000     -0.1071374       2.357996    
   9800.000     -7.7975348E-02   2.317969    
   9900.000     -5.0689444E-02   2.278963    
   10000.00     -2.5135085E-02   2.240942    
   10100.00     -1.1827513E-03   2.203874    
   10200.00      2.1284632E-02   2.167727    
   10300.00      4.2373788E-02   2.132468    
   10400.00      6.2180921E-02   2.098070    
   10500.00      8.0794454E-02   2.064503    
   10600.00      9.8294608E-02   2.031741    
   10700.00      0.1147549       1.999758    
   10800.00      0.1302431       1.968529    
   10900.00      0.1448212       1.938030    
   11000.00      0.1585465       1.908239    
   11100.00      0.1714718       1.879132    
   11200.00      0.1836457       1.850690    
   11300.00      0.1951136       1.822892    
   11400.00      0.2059172       1.795717    
   11500.00      0.2160956       1.769148    
   11600.00      0.2256847       1.743166    
   11700.00      0.2347182       1.717755    
   11800.00      0.2432275       1.692896    
   11900.00      0.2512418       1.668574    
   12000.00      0.2587885       1.644774    
   12100.00      0.2658931       1.621480    
   12200.00      0.2725794       1.598678    
   12300.00      0.2788700       1.576354    
   12400.00      0.2847858       1.554494    
   12500.00      0.2903465       1.533087    
   12600.00      0.2955706       1.512118    
   12700.00      0.3004755       1.491577    
   12800.00      0.3050777       1.471451    
   12900.00      0.3093924       1.451729    
   13000.00      0.3134343       1.432400    
   13100.00      0.3172171       1.413455    
   13200.00      0.3207534       1.394882    
   13300.00      0.3238545       1.376672    
   13400.00      0.3269280       1.358817    
   13500.00      0.3297961       1.341307    
   13600.00      0.3323037       1.324133    
   13700.00      0.3347791       1.307287    
   13800.00      0.3370724       1.290759    
   13900.00      0.3391922       1.274541    
   14000.00      0.3411467       1.258626    
   14100.00      0.3429439       1.243005    
   14200.00      0.3445911       1.227673    
   14300.00      0.3472475       1.212587    
   14400.00      0.3486224       1.197764    
   14500.00      0.3498662       1.183208    
   14600.00      0.3509848       1.168913    
   14700.00      0.3519841       1.154873    
   14800.00      0.3528694       1.141080    
   14900.00      0.3536462       1.127531    
   15000.00      0.3543193       1.114218    
   15100.00      0.3548935       1.101136    
   15200.00      0.3553733       1.088281    
   15300.00      0.3557630       1.075646    
   15400.00      0.3560668       1.063227    
   15500.00      0.3562885       1.051018    
   15600.00      0.3564319       1.039016    
   15700.00      0.3565004       1.027215    
   15800.00      0.3564970       1.015611    
   15900.00      0.3556747       1.004201    
   16000.00      0.3555290      0.9929851    
   16100.00      0.3553298      0.9819533    
   16200.00      0.3550719      0.9711016    
   16300.00      0.3547578      0.9604263    
   16400.00      0.3543898      0.9499232    
   16500.00      0.3539705      0.9395887    
   16600.00      0.3535023      0.9294192    
   16700.00      0.3529873      0.9194114    
   16800.00      0.3524278      0.9095618    
   16900.00      0.3518257      0.8998668    
   17000.00      0.3511831      0.8903235    
   17100.00      0.3505019      0.8809285    
   17200.00      0.3497838      0.8716789    
   17300.00      0.3490306      0.8625718    
   17400.00      0.3482440      0.8536040    
   17500.00      0.3474255      0.8447728    
   17600.00      0.3465766      0.8360755    
   17700.00      0.3456989      0.8275093    
   17800.00      0.3447937      0.8190718    
   17900.00      0.3438623      0.8107600    
   18000.00      0.3429061      0.8025717    
   18100.00      0.3419262      0.7945045    
   18200.00      0.3409239      0.7865559    
   18300.00      0.3399003      0.7787237    
   18400.00      0.3388564      0.7710055    
   18500.00      0.3377933      0.7633992    
   18600.00      0.3367120      0.7559025    
   18700.00      0.3356135      0.7485135    
   18800.00      0.3344986      0.7412301    
   18900.00      0.3333683      0.7340502    
   19000.00      0.3322234      0.7269719    
   19100.00      0.3310647      0.7199932    
   19200.00      0.3298929      0.7131124    
   19300.00      0.3287089      0.7063277    
   19400.00      0.3275134      0.6996371    
   19500.00      0.3263070      0.6930390    
   19600.00      0.3250904      0.6865317    
   19700.00      0.3238642      0.6801136    
   19800.00      0.3226290      0.6737831    
   19900.00      0.3213855      0.6675384    
   20000.00      0.3201341      0.6613781    
   20100.00      0.3188755      0.6553007    
   20200.00      0.3176101      0.6493047    
   20300.00      0.3163384      0.6433887    
   20400.00      0.3150609      0.6375512    
   20500.00      0.3137780      0.6317909    
   20600.00      0.3124903      0.6261064    
   20700.00      0.3111981      0.6204963    
   20800.00      0.3099018      0.6149596    
   20900.00      0.3086018      0.6094946    
   21000.00      0.3072984      0.6041004    
   21100.00      0.3059921      0.5987756    
   21200.00      0.3046831      0.5935192    
   21300.00      0.3033719      0.5883300    
   21400.00      0.3020586      0.5832067    
   21500.00      0.3007437      0.5781482    
   21600.00      0.2994273      0.5731536    
   21700.00      0.2981098      0.5682216    
   21800.00      0.2967915      0.5633515    
   21900.00      0.2954725      0.5585420    
   22000.00      0.2941532      0.5537921    
   22100.00      0.2928337      0.5491009    
   22200.00      0.2915142      0.5444675    
   22300.00      0.2901951      0.5398909    
   22400.00      0.2888765      0.5353701    
   22500.00      0.2875585      0.5309043    
   22600.00      0.2862414      0.5264925    
   22700.00      0.2849253      0.5221340    
   22800.00      0.2836105      0.5178279    
   22900.00      0.2822970      0.5135733    
   23000.00      0.2809851      0.5093694    
   23100.00      0.2796748      0.5052155    
   23200.00      0.2783662      0.5011106    
   23300.00      0.2770597      0.4970542    
   23400.00      0.2757551      0.4930453    
   23500.00      0.2744527      0.4890833    
   23600.00      0.2731526      0.4851675    
   23700.00      0.2718549      0.4812971    
   23800.00      0.2705596      0.4774716    
   23900.00      0.2692669      0.4736900    
   24000.00      0.2679769      0.4699518    
   24100.00      0.2666895      0.4662563    
   24200.00      0.2654049      0.4626029    
   24300.00      0.2641232      0.4589911    
   24400.00      0.2628444      0.4554200    
   24500.00      0.2615686      0.4518891    
   24600.00      0.2601728      0.4483981    
   24700.00      0.2589039      0.4449462    
   24800.00      0.2576380      0.4415328    
   24900.00      0.2563753      0.4381573    
