  Element 87: Fr      Atomic mass:  223.0000

  Edge          keV         A
    K       101.1370    0.1226
    L-I      18.6390    0.6652
    L-II     17.9065    0.6924
    L-III    15.0312    0.8248
    M1        4.6520    2.6652
    M2        4.3270    2.8654
    M3        3.6630    3.3848
    M4        3.1362    3.9533
    M5        2.9997    4.1332
    N1        1.1530   10.7532

Scattering factors as a function of energy: 

   1000.000      -31.97428       30.75565    
   1100.000      -29.50444       28.53168    
   1200.000      -27.61695       27.07104    
   1300.000      -25.97748       25.23985    
   1400.000      -24.80924       23.58294    
   1500.000      -23.90657       22.08216    
   1600.000      -23.25157       20.69778    
   1700.000      -22.79789       19.42689    
   1800.000      -22.51041       18.25809    
   1900.000      -22.37539       17.18054    
   2000.000      -22.38257       16.18538    
   2100.000      -22.52826       15.26487    
   2200.000      -22.81564       14.41218    
   2300.000      -23.25640       13.62125    
   2400.000      -24.14418       12.91631    
   2500.000      -25.18504       12.28360    
   2600.000      -26.32689       11.69884    
   2700.000      -27.95692       11.15460    
   2800.000      -30.60322       10.64711    
   2900.000      -36.71459       10.17307    
   2902.000      -36.93545       10.16391    
   2907.000      -37.52148       10.14106    
   2912.000      -38.16147       10.11829    
   2917.000      -38.86376       10.09559    
   2922.000      -39.63834       10.07297    
   2927.000      -40.49761       10.05042    
   2932.000      -41.45676       10.02794    
   2937.000      -42.53506       10.00554    
   2942.000      -43.75687       9.983220    
   2947.000      -45.15400       9.960967    
   2952.000      -46.76828       9.938788    
   2957.000      -48.65675       9.916681    
   2962.000      -50.89864       9.894648    
   2967.000      -53.60929       9.872684    
   2972.000      -56.96336       9.850795    
   2977.000      -61.24445       9.828976    
   2982.000      -66.95406       9.807227    
   2987.000      -75.10893       9.785550    
   2992.000      -88.31825       9.763944    
   2997.000      -118.2232       9.742408    
   3000.000      -190.6488       110.6871    
   3002.000      -121.5999       107.5651    
   3007.000      -79.97753       100.2339    
   3012.000      -60.98831       93.52724    
   3017.000      -49.03288       87.38710    
   3022.000      -40.69323       81.76030    
   3027.000      -34.59387       76.60001    
   3032.000      -30.02594       71.86308    
   3037.000      -26.57201       67.51154    
   3039.000      -25.43869       65.87076    
   3042.000      -23.96298       63.51027    
   3044.000      -23.11304       62.00093    
   3047.000      -22.01610       59.82838    
   3049.000      -21.39233       58.43847    
   3052.000      -20.60169       56.43724    
   3054.000      -20.16316       55.15656    
   3057.000      -19.62612       53.31162    
   3059.000      -19.34269       52.13033    
   3062.000      -19.02072       50.42808    
   3064.000      -18.87055       49.33784    
   3067.000      -18.73575       47.76596    
   3069.000      -18.70321       46.75870    
   3072.000      -18.73625       45.30605    
   3074.000      -18.81097       44.37491    
   3077.000      -18.99982       43.03135    
   3079.000      -19.17611       42.16970    
   3082.000      -19.51565       40.92605    
   3084.000      -19.79240       40.12815    
   3087.000      -20.28457       38.97617    
   3089.000      -20.66569       38.23672    
   3092.000      -21.32077       37.16862    
   3094.000      -21.81632       36.48280    
   3097.000      -22.65502       35.49186    
   3099.000      -23.28336       34.85529    
   3100.000      -23.61996       34.54403    
   3104.000      -25.13365       33.34374    
   3109.000      -27.47793       31.93895    
   3114.000      -30.50600       30.63223    
   3119.000      -34.56551       29.41594    
   3124.000      -40.38421       28.28284    
   3129.000      -49.90194       27.22654    
   3134.000      -72.80537       26.24101    
   3139.000      -66.72576       89.99872    
   3144.000      -42.25076       84.50764    
   3149.000      -30.42266       79.45216    
   3154.000      -22.88351       74.79350    
   3159.000      -17.59784       70.49745    
   3164.000      -13.72097       66.53224    
   3169.000      -10.81013       62.86983    
   3174.000      -8.599662       59.48409    
   3179.000      -6.916872       56.35197    
   3184.000      -5.641741       53.45193    
   3189.000      -4.687807       50.76495    
   3194.000      -3.990329       48.27322    
   3199.000      -3.499884       45.96102    
   3200.000      -3.423065       45.51872    
   3204.000      -3.177788       43.81358    
   3209.000      -2.993426       41.81776    
   3214.000      -2.922193       39.96155    
   3219.000      -2.944117       38.23375    
   3224.000      -3.042860       36.62445    
   3229.000      -3.204970       35.12429    
   3234.000      -3.419277       33.72499    
   3300.000      -8.291472       21.81831    
   3400.000      -15.85051       14.91289    
   3500.000      -22.19510       12.48679    
   3566.000      -26.41133       11.86692    
   3571.000      -26.75402       11.84132    
   3576.000      -27.10227       11.81847    
   3581.000      -27.45679       11.79832    
   3586.000      -27.81833       11.78086    
   3591.000      -28.18782       11.76606    
   3596.000      -28.56631       11.75392    
   3600.000      -28.87645       11.74611    
   3601.000      -28.95512       11.74442    
   3606.000      -29.35579       11.73756    
   3611.000      -29.77034       11.73335    
   3616.000      -30.20128       11.73178    
   3621.000      -30.65198       11.73288    
   3626.000      -31.12698       11.73665    
   3631.000      -31.63283       11.74312    
   3636.000      -32.17925       11.75231    
   3641.000      -32.78202       11.76426    
   3646.000      -33.46901       11.77900    
   3651.000      -34.29779       11.79658    
   3656.000      -35.42202       11.81703    
   3661.000      -37.64421       11.84041    
   3666.000      -37.33041       16.69675    
   3671.000      -36.12409       16.70992    
   3676.000      -35.68935       16.72638    
   3681.000      -35.50841       16.74621    
   3686.000      -35.45795       16.76949    
   3691.000      -35.48873       16.79631    
   3696.000      -35.57611       16.82676    
   3700.000      -35.67711       16.85380    
   3701.000      -35.70603       16.86093    
   3706.000      -35.86976       16.89894    
   3711.000      -36.06154       16.94089    
   3716.000      -36.27740       16.98691    
   3721.000      -36.51451       17.03712    
   3726.000      -36.77085       17.09167    
   3731.000      -37.04490       17.15069    
   3736.000      -37.33558       17.21435    
   3741.000      -37.64201       17.28280    
   3746.000      -37.96366       17.35623    
   3751.000      -38.30005       17.43480    
   3756.000      -38.65093       17.51874    
   3761.000      -39.01610       17.60824    
   3800.000      -42.35950       18.52460    
   3900.000      -24.67889       23.64492    
   4000.000      -28.72875       24.42824    
   4100.000      -13.03591       26.31342    
   4200.000      -12.52465       25.32306    
   4230.000      -12.45090       25.04188    
   4235.000      -12.44386       24.99570    
   4240.000      -12.43865       24.94972    
   4245.000      -12.43542       24.90393    
   4250.000      -12.43438       24.85833    
   4255.000      -12.43577       24.81291    
   4260.000      -12.43988       24.76769    
   4265.000      -12.44709       24.72266    
   4270.000      -12.45784       24.67782    
   4275.000      -12.47272       24.63316    
   4280.000      -12.49250       24.58868    
   4285.000      -12.51818       24.54440    
   4290.000      -12.55120       24.50030    
   4295.000      -12.59359       24.45638    
   4300.000      -12.64841       24.41264    
   4305.000      -12.72065       24.36909    
   4310.000      -12.81921       24.32572    
   4315.000      -12.96244       24.28253    
   4320.000      -13.19951       24.23951    
   4325.000      -13.78714       24.19668    
   4330.000      -13.56207       25.69926    
   4335.000      -13.05300       25.65633    
   4340.000      -12.78805       25.61359    
   4345.000      -12.60226       25.57102    
   4350.000      -12.45633       25.52862    
   4355.000      -12.33458       25.48640    
   4360.000      -12.22913       25.44436    
   4365.000      -12.13547       25.40249    
   4370.000      -12.05074       25.36079    
   4375.000      -11.97305       25.31926    
   4380.000      -11.90108       25.27790    
   4385.000      -11.83386       25.23671    
   4390.000      -11.77067       25.19570    
   4395.000      -11.71092       25.15485    
   4400.000      -11.65419       25.11417    
   4405.000      -11.60013       25.07366    
   4410.000      -11.54845       25.03332    
   4415.000      -11.49891       24.99314    
   4420.000      -11.45131       24.95313    
   4425.000      -11.40551       24.91328    
   4500.000      -10.88060       24.33499    
   4555.000      -10.63442       23.93335    
   4560.000      -10.61855       23.89774    
   4565.000      -10.60401       23.86228    
   4570.000      -10.59089       23.82697    
   4575.000      -10.57933       23.79181    
   4580.000      -10.56947       23.75679    
   4585.000      -10.56149       23.72192    
   4590.000      -10.55564       23.68720    
   4595.000      -10.55219       23.65263    
   4600.000      -10.55154       23.61819    
   4605.000      -10.55416       23.58391    
   4610.000      -10.56074       23.54976    
   4615.000      -10.57218       23.51576    
   4620.000      -10.58982       23.48191    
   4625.000      -10.61567       23.44819    
   4630.000      -10.65945       23.41463    
   4635.000      -10.71408       23.38121    
   4640.000      -10.79802       23.34793    
   4645.000      -10.94354       23.31480    
   4650.000      -11.31905       23.28180    
   4655.000      -11.16151       24.26221    
   4660.000      -10.81791       24.22926    
   4665.000      -10.63433       24.19645    
   4670.000      -10.50264       24.16378    
   4675.000      -10.39710       24.13125    
   4680.000      -10.30741       24.09885    
   4685.000      -10.22840       24.06659    
   4690.000      -10.15710       24.03447    
   4695.000      -10.09164       24.00248    
   4700.000      -10.03079       23.97063    
   4705.000      -9.973661       23.93892    
   4710.000      -9.919615       23.90733    
   4715.000      -9.868169       23.87588    
   4720.000      -9.818958       23.84457    
   4725.000      -9.771680       23.81339    
   4730.000      -9.726104       23.78234    
   4735.000      -9.682035       23.75142    
   4740.000      -9.639322       23.72064    
   4745.000      -9.597823       23.68999    
   4750.000      -9.557428       23.65947    
   4800.000      -8.688217       23.32062    
   4900.000      -8.063573       22.64346    
   5000.000      -7.556241       21.99775    
   5100.000      -7.121896       21.38163    
   5200.000      -6.744274       20.79314    
   5300.000      -6.412197       20.23058    
   5400.000      -6.118002       19.69241    
   5500.000      -5.856015       19.17717    
   5600.000      -5.621826       18.68353    
   5700.000      -5.394772       18.20800    
   5800.000      -5.205087       17.75060    
   5900.000      -5.034709       17.31102    
   6000.000      -4.857559       16.88828    
   6100.000      -4.723835       16.47966    
   6200.000      -4.600448       16.08656    
   6300.000      -4.481340       15.70771    
   6400.000      -4.382202       15.34204    
   6500.000      -4.293653       14.98941    
   6600.000      -4.214771       14.64919    
   6700.000      -4.144736       14.32079    
   6800.000      -4.082815       14.00363    
   6900.000      -4.027988       13.69720    
   7000.000      -3.980396       13.40099    
   7100.000      -3.939143       13.11455    
   7200.000      -3.903752       12.83743    
   7300.000      -3.873791       12.56922    
   7400.000      -3.860097       12.31015    
   7500.000      -3.840059       12.05945    
   7600.000      -3.824333       11.81657    
   7700.000      -3.812630       11.58117    
   7800.000      -3.804685       11.35293    
   7900.000      -3.800259       11.13156    
   8000.000      -3.799134       10.91677    
   8100.000      -3.801115       10.70830    
   8200.000      -3.806022       10.50589    
   8300.000      -3.813695       10.30931    
   8400.000      -3.823992       10.11832    
   8500.000      -3.836784       9.932700    
   8600.000      -3.851964       9.752256    
   8700.000      -3.879967       9.577095    
   8800.000      -3.899886       9.407090    
   8900.000      -3.921988       9.241709    
   9000.000      -3.944241       9.082593    
   9100.000      -3.968158       8.927785    
   9200.000      -3.993669       8.777125    
   9300.000      -4.020712       8.630459    
   9400.000      -4.049716       8.487672    
   9500.000      -4.079752       8.348605    
   9600.000      -4.111169       8.213127    
   9700.000      -4.143929       8.081113    
   9800.000      -4.177998       7.952438    
   9900.000      -4.213351       7.826990    
   10000.00      -4.249966       7.704654    
   10100.00      -4.287825       7.585327    
   10200.00      -4.326918       7.468909    
   10300.00      -4.367237       7.355299    
   10400.00      -4.408778       7.244408    
   10500.00      -4.451547       7.136144    
   10600.00      -4.495547       7.030422    
   10700.00      -4.540792       6.927163    
   10800.00      -4.587297       6.826285    
   10900.00      -4.636654       6.727729    
   11000.00      -4.685791       6.631416    
   11100.00      -4.736265       6.537269    
   11200.00      -4.788116       6.445222    
   11300.00      -4.841392       6.355210    
   11400.00      -4.898312       6.267192    
   11500.00      -4.954616       6.181097    
   11600.00      -5.012506       6.096859    
   11700.00      -5.072053       6.014425    
   11800.00      -5.133342       5.933740    
   11900.00      -5.196460       5.854754    
   12000.00      -5.261512       5.777417    
   12100.00      -5.328609       5.701682    
   12200.00      -5.397880       5.627505    
   12300.00      -5.469467       5.554839    
   12400.00      -5.543530       5.483645    
   12500.00      -5.620250       5.413879    
   12600.00      -5.699832       5.345504    
   12700.00      -5.782579       5.278482    
   12800.00      -5.868609       5.212774    
   12900.00      -5.958295       5.148347    
   13000.00      -6.052299       5.085166    
   13100.00      -6.150888       5.023217    
   13200.00      -6.253832       4.962448    
   13300.00      -6.362177       4.902829    
   13400.00      -6.476563       4.844330    
   13500.00      -6.597755       4.786921    
   13600.00      -6.728938       4.730580    
   13700.00      -6.866671       4.675320    
   13800.00      -7.014679       4.621068    
   13900.00      -7.174668       4.567802    
   14000.00      -7.348877       4.515494    
   14100.00      -7.540230       4.464122    
   14200.00      -7.752665       4.413662    
   14300.00      -7.991661       4.364093    
   14400.00      -8.265139       4.315393    
   14500.00      -8.585204       4.267541    
   14600.00      -8.971664       4.220516    
   14700.00      -9.460361       4.174299    
   14800.00      -10.12694       4.128871    
   14900.00      -11.18181       4.084213    
   14934.00      -11.74282       4.069201    
   14939.00      -11.84177       4.067001    
   14944.00      -11.94631       4.064803    
   14949.00      -12.05708       4.062606    
   14954.00      -12.17487       4.060411    
   14959.00      -12.30061       4.058219    
   14964.00      -12.43549       4.056028    
   14969.00      -12.58090       4.053839    
   14974.00      -12.73862       4.051651    
   14979.00      -12.91090       4.049466    
   14984.00      -13.10069       4.047283    
   14989.00      -13.31192       4.045101    
   14994.00      -13.55003       4.042921    
   14999.00      -13.82276       4.040743    
   15000.00      -13.88243       4.040308    
   15004.00      -14.14196       4.038567    
   15009.00      -14.52659       4.036392    
   15014.00      -15.01033       4.034220    
   15019.00      -15.66223       4.032049    
   15024.00      -16.66451       4.029880    
   15029.00      -18.92179       4.027713    
   15034.00      -18.47486       10.02917    
   15039.00      -16.51234       10.02382    
   15044.00      -15.56148       10.01847    
   15049.00      -14.92753       10.01313    
   15054.00      -14.45100       10.00779    
   15059.00      -14.06892       10.00246    
   15064.00      -13.74988       9.997123    
   15069.00      -13.47595       9.991795    
   15074.00      -13.23590       9.986469    
   15079.00      -13.02225       9.981148    
   15084.00      -12.82977       9.975831    
   15089.00      -12.65458       9.970517    
   15094.00      -12.49384       9.965206    
   15099.00      -12.34534       9.959899    
   15100.00      -12.31694       9.958838    
   15104.00      -12.20735       9.954596    
   15109.00      -12.07848       9.949296    
   15114.00      -11.95758       9.943999    
   15119.00      -11.84374       9.938707    
   15124.00      -11.73619       9.933419    
   15129.00      -11.63424       9.928134    
   15200.00      -10.57299       9.853467    
   15300.00      -9.672022       9.749527    
   15400.00      -9.064155       9.646983    
   15500.00      -8.610112       9.545811    
   15600.00      -8.251819       9.445987    
   15700.00      -7.959615       9.347491    
   15800.00      -7.716303       9.250302    
   15900.00      -7.516179       9.154426    
   16000.00      -7.341843       9.059884    
   16100.00      -7.193359       8.966588    
   16200.00      -7.067186       8.874516    
   16300.00      -6.960774       8.783652    
   16400.00      -6.872300       8.693974    
   16500.00      -6.800515       8.605462    
   16600.00      -6.744639       8.518101    
   16700.00      -6.704318       8.431871    
   16800.00      -6.679615       8.346758    
   16900.00      -6.671042       8.262739    
   17000.00      -6.679658       8.179801    
   17100.00      -6.707221       8.097925    
   17200.00      -6.756495       8.017097    
   17300.00      -6.831780       7.937301    
   17400.00      -6.939970       7.858518    
   17500.00      -7.092750       7.780734    
   17600.00      -7.312013       7.703935    
   17700.00      -7.646265       7.628105    
   17800.00      -8.245095       7.553231    
   17809.00      -8.327049       7.546538    
   17814.00      -8.376061       7.542824    
   17819.00      -8.427938       7.539111    
   17824.00      -8.482972       7.535401    
   17829.00      -8.541602       7.531693    
   17834.00      -8.604258       7.527988    
   17839.00      -8.671564       7.524284    
   17844.00      -8.744180       7.520584    
   17849.00      -8.823050       7.516885    
   17854.00      -8.909247       7.513189    
   17859.00      -9.004271       7.509497    
   17864.00      -9.110126       7.505805    
   17869.00      -9.229440       7.502116    
   17874.00      -9.366176       7.498428    
   17879.00      -9.526052       7.494745    
   17884.00      -9.718554       7.491062    
   17889.00      -9.960018       7.487383    
   17894.00      -10.28393       7.483706    
   17899.00      -10.77687       7.480030    
   17900.00      -10.91502       7.479296    
   17904.00      -11.83891       7.476358    
   17909.00      -11.84591       10.52382    
   17914.00      -10.77636       10.51896    
   17919.00      -10.27774       10.51410    
   17924.00      -9.948832       10.50925    
   17929.00      -9.702679       10.50440    
   17934.00      -9.505923       10.49955    
   17939.00      -9.341913       10.49471    
   17944.00      -9.201205       10.48987    
   17949.00      -9.078056       10.48503    
   17954.00      -8.968481       10.48019    
   17959.00      -8.869843       10.47536    
   17964.00      -8.780089       10.47053    
   17969.00      -8.697810       10.46570    
   17974.00      -8.621802       10.46088    
   17979.00      -8.551230       10.45606    
   17984.00      -8.485350       10.45124    
   17989.00      -8.423557       10.44642    
   17994.00      -8.365420       10.44161    
   17999.00      -8.310498       10.43680    
   18000.00      -8.299880       10.43584    
   18004.00      -8.258496       10.43200    
   18100.00      -7.586731       10.34025    
   18200.00      -7.199218       10.24577    
   18300.00      -6.962530       10.15239    
   18400.00      -6.839083       10.06011    
   18500.00      -6.855640       9.968908    
   18542.00      -6.935401       9.930922    
   18547.00      -6.950122       9.926412    
   18552.00      -6.966337       9.921905    
   18557.00      -6.984221       9.917401    
   18562.00      -7.003983       9.912898    
   18567.00      -7.025851       9.908400    
   18572.00      -7.050134       9.903902    
   18577.00      -7.077179       9.899408    
   18582.00      -7.107461       9.894916    
   18587.00      -7.141539       9.890428    
   18592.00      -7.180182       9.885942    
   18597.00      -7.224423       9.881457    
   18600.00      -7.254207       9.878769    
   18602.00      -7.275632       9.876977    
   18607.00      -7.335867       9.872498    
   18612.00      -7.408136       9.868023    
   18617.00      -7.497439       9.863548    
   18622.00      -7.612521       9.859078    
   18627.00      -7.771674       9.854609    
   18632.00      -8.023482       9.850145    
   18637.00      -8.622153       9.845683    
   18642.00      -8.417857       11.37098    
   18647.00      -7.930301       11.36633    
   18652.00      -7.683912       11.36168    
   18657.00      -7.515642       11.35704    
   18662.00      -7.386488       11.35239    
   18667.00      -7.281019       11.34775    
   18672.00      -7.191355       11.34311    
   18677.00      -7.113091       11.33847    
   18682.00      -7.043386       11.33384    
   18687.00      -6.980340       11.32920    
   18692.00      -6.922685       11.32457    
   18697.00      -6.869414       11.31994    
   18700.00      -6.839263       11.31717    
   18702.00      -6.819847       11.31532    
   18707.00      -6.773390       11.31070    
   18712.00      -6.729640       11.30608    
   18717.00      -6.688228       11.30146    
   18722.00      -6.648855       11.29684    
   18727.00      -6.611316       11.29223    
   18732.00      -6.575386       11.28762    
   18737.00      -6.540928       11.28301    
   18800.00      -6.196907       11.22521    
   18900.00      -5.800650       11.13426    
   19000.00      -5.494659       11.04425    
   19100.00      -5.238462       10.95518    
   19200.00      -5.015123       10.86703    
   19300.00      -4.815708       10.77979    
   19400.00      -4.634809       10.69344    
   19500.00      -4.468860       10.60798    
   19600.00      -4.360846       10.52479    
   19700.00      -4.218700       10.44345    
   19800.00      -4.085629       10.36301    
   19900.00      -3.960511       10.28345    
   20000.00      -3.842455       10.20477    
   20100.00      -3.730723       10.12695    
   20200.00      -3.627764       10.05000    
   20300.00      -3.526950       9.973901    
   20400.00      -3.430886       9.898625    
   20500.00      -3.339190       9.824159    
   20600.00      -3.251530       9.750487    
   20700.00      -3.167612       9.677601    
   20800.00      -3.087179       9.605488    
   20900.00      -3.009997       9.534135    
   21000.00      -2.935862       9.463531    
   21100.00      -2.864588       9.393667    
   21200.00      -2.796007       9.324532    
   21300.00      -2.729968       9.256114    
   21400.00      -2.666329       9.188402    
   21500.00      -2.604966       9.121388    
   21600.00      -2.545760       9.055061    
   21700.00      -2.488606       8.989411    
   21800.00      -2.433404       8.924431    
   21900.00      -2.380061       8.860108    
   22000.00      -2.328493       8.796434    
   22100.00      -2.278621       8.733400    
   22200.00      -2.230370       8.670998    
   22300.00      -2.183673       8.609220    
   22400.00      -2.138464       8.548054    
   22500.00      -2.094683       8.487494    
   22600.00      -2.052273       8.427531    
   22700.00      -2.011180       8.368158    
   22800.00      -1.971356       8.309368    
   22900.00      -1.932751       8.251151    
   23000.00      -1.895321       8.193500    
   23100.00      -1.859023       8.136407    
   23200.00      -1.823814       8.079865    
   23300.00      -1.803585       8.023998    
   23400.00      -1.770657       7.969146    
   23500.00      -1.738719       7.914836    
   23600.00      -1.707713       7.861061    
   23700.00      -1.677608       7.807813    
   23800.00      -1.648374       7.755086    
   23900.00      -1.619982       7.702871    
   24000.00      -1.592405       7.651163    
   24100.00      -1.565617       7.599954    
   24200.00      -1.539594       7.549237    
   24300.00      -1.535909       7.499630    
   24400.00      -1.511738       7.450796    
   24500.00      -1.488236       7.402457    
   24600.00      -1.466622       7.354609    
   24700.00      -1.444392       7.307248    
   24800.00      -1.423262       7.260364    
   24900.00      -1.402226       7.213949    
