  Element 31: Ga      Atomic mass:   69.7200

  Edge          keV         A
    K        10.3671    1.1959
    L-I       1.2977    9.5542
    L-II      1.1423   10.8539
    L-III     1.1154   11.1157

Scattering factors as a function of energy: 

   1000.000      -12.78024       2.622440    
   1100.000      -23.67351       2.312109    
   1200.000      -2.682566       11.65662    
   1205.000      -3.065672       10.81520    
   1210.000      -3.465937       10.08000    
   1215.000      -3.875939       9.435927    
   1220.000      -4.290639       8.870313    
   1225.000      -4.706735       8.372511    
   1230.000      -5.122201       7.933538    
   1235.000      -5.535975       7.545800    
   1240.000      -5.947742       7.202854    
   1245.000      -6.357804       6.899230    
   1250.000      -6.766998       6.630270    
   1255.000      -7.176702       6.392002    
   1260.000      -7.588907       6.181035    
   1265.000      -8.006413       5.994472    
   1270.000      -8.433251       5.829834    
   1275.000      -8.875569       5.685009    
   1280.000      -9.343676       5.558189    
   1285.000      -9.857612       5.447840    
   1290.000      -10.46733       5.352658    
   1295.000      -11.39250       5.271546    
   1300.000      -11.80414       7.023297    
   1305.000      -11.45599       6.967597    
   1310.000      -11.47662       6.923607    
   1315.000      -11.60475       6.890850    
   1320.000      -11.78719       6.868974    
   1325.000      -12.00424       6.857738    
   1330.000      -12.24675       6.857008    
   1335.000      -12.51003       6.866754    
   1340.000      -12.79155       6.887047    
   1345.000      -13.09006       6.918058    
   1350.000      -13.40507       6.960057    
   1355.000      -13.73658       7.013420    
   1360.000      -14.08498       7.078628    
   1365.000      -14.45092       7.156275    
   1370.000      -14.83532       7.247075    
   1375.000      -15.23928       7.351871    
   1380.000      -15.66408       7.471646    
   1385.000      -16.11121       7.607537    
   1390.000      -16.58234       7.760849    
   1395.000      -17.07932       7.933075    
   1400.000      -17.60420       8.125916    
   1500.000      -4.018536       12.44893    
   1600.000      -2.885425       11.31038    
   1700.000      -2.145375       10.32254    
   1800.000      -1.592947       9.482872    
   1900.000      -1.184808       8.750233    
   2000.000     -0.8953396       8.107148    
   2100.000     -0.6709451       7.539242    
   2200.000     -0.4910424       7.033835    
   2300.000     -0.2669138       6.570822    
   2400.000     -0.1589576       6.143772    
   2500.000     -7.8631461E-02   5.756646    
   2600.000     -2.8784975E-02   5.404647    
   2700.000      1.1684831E-02   5.085346    
   2800.000      3.8398005E-02   4.793488    
   2900.000      5.4030951E-02   4.525991    
   3000.000      5.7593603E-02   4.280249    
   3100.000      5.6503318E-02   4.055951    
   3200.000      4.9936719E-02   3.849130    
   3300.000      3.8955834E-02   3.657989    
   3400.000      2.4415979E-02   3.480960    
   3500.000      7.0093237E-03   3.316668    
   3600.000     -1.2702152E-02   3.163903    
   3700.000     -3.4260809E-02   3.021596    
   3800.000     -5.7292998E-02   2.888803    
   3900.000     -8.1493519E-02   2.764682    
   4000.000     -0.1066125       2.648485    
   4100.000     -0.1324460       2.539543    
   4200.000     -0.1588271       2.437257    
   4300.000     -0.1856200       2.341089    
   4400.000     -0.2127144       2.250556    
   4500.000     -0.2400214       2.165220    
   4600.000     -0.2674696       2.084686    
   4700.000     -0.2950028       2.008598    
   4800.000     -0.3225760       1.936629    
   4900.000     -0.3527754       1.868593    
   5000.000     -0.3820444       1.804215    
   5100.000     -0.4095708       1.743193    
   5200.000     -0.4370374       1.685247    
   5300.000     -0.4644422       1.630172    
   5400.000     -0.4917867       1.577779    
   5500.000     -0.5190772       1.527894    
   5600.000     -0.5463270       1.480357    
   5700.000     -0.5766885       1.435150    
   5800.000     -0.6039156       1.392048    
   5900.000     -0.6311359       1.350885    
   6000.000     -0.6583713       1.311545    
   6100.000     -0.6856458       1.273920    
   6200.000     -0.7129853       1.237912    
   6300.000     -0.7404187       1.203427    
   6400.000     -0.7679761       1.170380    
   6500.000     -0.7956909       1.138691    
   6600.000     -0.8235986       1.108286    
   6700.000     -0.8517374       1.079096    
   6800.000     -0.8801485       1.051055    
   6900.000     -0.9088759       1.024103    
   7000.000     -0.9379674      0.9981853    
   7100.000     -0.9674743      0.9732476    
   7200.000     -0.9974524      0.9492409    
   7300.000      -1.027962      0.9261189    
   7400.000      -1.059070      0.9038382    
   7500.000      -1.090847      0.8823581    
   7600.000      -1.123374      0.8616402    
   7700.000      -1.156737      0.8416483    
   7800.000      -1.191034      0.8223487    
   7900.000      -1.226374      0.8037095    
   8000.000      -1.262904      0.7857007    
   8100.000      -1.300705      0.7682937    
   8200.000      -1.339959      0.7514619    
   8300.000      -1.380844      0.7351796    
   8400.000      -1.423561      0.7194232    
   8500.000      -1.468345      0.7041699    
   8600.000      -1.515470      0.6893983    
   8700.000      -1.565254      0.6750884    
   8800.000      -1.618083      0.6612206    
   8900.000      -1.674413      0.6477770    
   9000.000      -1.734817      0.6348592    
   9100.000      -1.799964      0.6223299    
   9200.000      -1.870713      0.6101736    
   9300.000      -1.948166      0.5983752    
   9400.000      -2.033750      0.5869208    
   9500.000      -2.129380      0.5757968    
   9600.000      -2.237686      0.5649906    
   9700.000      -2.362435      0.5544900    
   9800.000      -2.509282      0.5442833    
   9900.000      -2.687268      0.5343597    
   10000.00      -2.912190      0.5247084    
   10100.00      -3.215471      0.5153197    
   10200.00      -3.674937      0.5061839    
   10270.00      -4.222119      0.4999343    
   10275.00      -4.276143      0.4994925    
   10280.00      -4.333321      0.4990512    
   10285.00      -4.394018      0.4986105    
   10290.00      -4.458680      0.4981703    
   10295.00      -4.527843      0.4977308    
   10300.00      -4.602160      0.4972918    
   10305.00      -4.682434      0.4968535    
   10310.00      -4.769671      0.4964157    
   10315.00      -4.865138      0.4959786    
   10320.00      -4.970545      0.4955420    
   10325.00      -5.088117      0.4951059    
   10330.00      -5.220948      0.4946705    
   10335.00      -5.373483      0.4942356    
   10340.00      -5.552439      0.4938013    
   10345.00      -5.768679      0.4933676    
   10350.00      -6.041520      0.4929345    
   10355.00      -6.410619      0.4925020    
   10360.00      -6.981718      0.4920700    
   10365.00      -8.292125      0.4916386    
   10370.00      -7.948841       3.892291    
   10375.00      -6.856984       3.888264    
   10380.00      -6.320314       3.884248    
   10385.00      -5.960458       3.880240    
   10390.00      -5.688938       3.876241    
   10395.00      -5.470593       3.872252    
   10400.00      -5.287859       3.868273    
   10405.00      -5.130586       3.864302    
   10410.00      -4.992494       3.860340    
   10415.00      -4.869360       3.856387    
   10420.00      -4.758223       3.852444    
   10425.00      -4.656924       3.848509    
   10430.00      -4.563839       3.844584    
   10435.00      -4.477720       3.840667    
   10440.00      -4.397598       3.836760    
   10445.00      -4.322653       3.832861    
   10450.00      -4.252260       3.828971    
   10455.00      -4.185891       3.825090    
   10460.00      -4.123104       3.821218    
   10465.00      -4.063528       3.817355    
   10500.00      -3.714567       3.790558    
   10600.00      -3.067343       3.716298    
   10700.00      -2.652269       3.645302    
   10800.00      -2.347398       3.577394    
   10900.00      -2.107723       3.512410    
   11000.00      -1.911404       3.450194    
   11100.00      -1.746119       3.390604    
   11200.00      -1.604182       3.333506    
   11300.00      -1.480459       3.278773    
   11400.00      -1.371341       3.226288    
   11500.00      -1.274183       3.175941    
   11600.00      -1.186988       3.127628    
   11700.00      -1.108208       3.081252    
   11800.00      -1.036615       3.036722    
   11900.00     -0.9712204       2.993952    
   12000.00     -0.9112132       2.952861    
   12100.00     -0.8559216       2.913374    
   12200.00     -0.8047814       2.875419    
   12300.00     -0.7573131       2.838929    
   12400.00     -0.7131080       2.803839    
   12500.00     -0.6718121       2.770091    
   12600.00     -0.6331190       2.737627    
   12700.00     -0.5967606       2.706394    
   12800.00     -0.5624999       2.676341    
   12900.00     -0.5301288       2.647420    
   13000.00     -0.4994608       2.619587    
   13100.00     -0.4703301       2.592797    
   13200.00     -0.4425876       2.567012    
   13300.00     -0.4160981       2.542190    
   13400.00     -0.3907388       2.518298    
   13500.00     -0.2629591       2.493533    
   13600.00     -0.2365060       2.463472    
   13700.00     -0.2113342       2.433945    
   13800.00     -0.1873535       2.404938    
   13900.00     -0.1644931       2.376440    
   14000.00     -0.1426874       2.348438    
   14100.00     -0.1218766       2.320921    
   14200.00     -0.1020055       2.293878    
   14300.00     -8.3022378E-02   2.267297    
   14400.00     -6.4879976E-02   2.241168    
   14500.00     -4.7533680E-02   2.215482    
   14600.00     -3.0942462E-02   2.190227    
   14700.00     -1.5068039E-02   2.165395    
   14800.00      1.2577558E-04   2.140975    
   14900.00      1.4672253E-02   2.116958    
   15000.00      2.8603101E-02   2.093337    
   15100.00      4.1947644E-02   2.070101    
   15200.00      5.4733433E-02   2.047243    
   15300.00      6.6986710E-02   2.024754    
   15400.00      7.8731716E-02   2.002627    
   15500.00      8.9991711E-02   1.980853    
   15600.00      0.1007883       1.959426    
   15700.00      0.1111419       1.938337    
   15800.00      0.1210721       1.917580    
   15900.00      0.1305971       1.897147    
   16000.00      0.1397342       1.877033    
   16100.00      0.1484999       1.857229    
   16200.00      0.1569097       1.837731    
   16300.00      0.1649782       1.818532    
   16400.00      0.1727197       1.799624    
   16500.00      0.1801474       1.781004    
   16600.00      0.1872739       1.762664    
   16700.00      0.1941113       1.744599    
   16800.00      0.2006708       1.726804    
   16900.00      0.2069636       1.709274    
   17000.00      0.2130000       1.692002    
   17100.00      0.2187899       1.674985    
   17200.00      0.2243427       1.658216    
   17300.00      0.2296673       1.641692    
   17400.00      0.2347725       1.625407    
   17500.00      0.2396665       1.609357    
   17600.00      0.2443571       1.593537    
   17700.00      0.2488518       1.577943    
   17800.00      0.2531577       1.562572    
   17900.00      0.2572820       1.547417    
   18000.00      0.2612309       1.532475    
   18100.00      0.2650110       1.517744    
   18200.00      0.2686282       1.503217    
   18300.00      0.2720882       1.488893    
   18400.00      0.2753968       1.474766    
   18500.00      0.2785591       1.460833    
   18600.00      0.2815804       1.447092    
   18700.00      0.2844656       1.433537    
   18800.00      0.2872191       1.420167    
   18900.00      0.2898459       1.406977    
   19000.00      0.2923500       1.393965    
   19100.00      0.2947358       1.381127    
   19200.00      0.2970072       1.368460    
   19300.00      0.2991680       1.355961    
   19400.00      0.3012221       1.343627    
   19500.00      0.3031730       1.331455    
   19600.00      0.3050241       1.319443    
   19700.00      0.3067788       1.307588    
   19800.00      0.3084402       1.295886    
   19900.00      0.3100115       1.284336    
   20000.00      0.3114955       1.272934    
   20100.00      0.3128952       1.261679    
   20200.00      0.3142134       1.250567    
   20300.00      0.3154525       1.239597    
   20400.00      0.3166154       1.228765    
   20500.00      0.3177043       1.218071    
   20600.00      0.3187217       1.207510    
   20700.00      0.3196698       1.197081    
   20800.00      0.3165946       1.186852    
   20900.00      0.3173937       1.176786    
   21000.00      0.3181323       1.166845    
   21100.00      0.3188125       1.157028    
   21200.00      0.3194361       1.147333    
   21300.00      0.3200049       1.137757    
   21400.00      0.3205208       1.128299    
   21500.00      0.3209854       1.118956    
   21600.00      0.3214004       1.109727    
   21700.00      0.3217674       1.100609    
   21800.00      0.3220879       1.091602    
   21900.00      0.3223633       1.082703    
   22000.00      0.3225952       1.073911    
   22100.00      0.3227850       1.065223    
   22200.00      0.3229339       1.056639    
   22300.00      0.3230432       1.048156    
   22400.00      0.3231143       1.039773    
   22500.00      0.3231483       1.031489    
   22600.00      0.3231463       1.023301    
   22700.00      0.3231097       1.015209    
   22800.00      0.3230393       1.007210    
   22900.00      0.3229364      0.9993043    
   23000.00      0.3228019      0.9914892    
   23100.00      0.3226368      0.9837637    
   23200.00      0.3224420      0.9761264    
   23300.00      0.3222186      0.9685761    
   23400.00      0.3219673      0.9611112    
   23500.00      0.3216892      0.9537306    
   23600.00      0.3213849      0.9464331    
   23700.00      0.3210554      0.9392173    
   23800.00      0.3203978      0.9320825    
   23900.00      0.3200224      0.9250281    
   24000.00      0.3196232      0.9180520    
   24100.00      0.3192016      0.9111528    
   24200.00      0.3187584      0.9043294    
   24300.00      0.3182942      0.8975810    
   24400.00      0.3175611      0.8909068    
   24500.00      0.3170580      0.8843057    
   24600.00      0.3165355      0.8777761    
   24700.00      0.3159943      0.8713171    
   24800.00      0.3154348      0.8649277    
   24900.00      0.3148576      0.8586066    
