  Element 64: Gd      Atomic mass:  157.2500

  Edge          keV         A
    K        50.2391    0.2468
    L-I       8.3756    1.4803
    L-II      7.9303    1.5634
    L-III     7.2428    1.7118
    M1        1.8808    6.5921
    M2        1.6883    7.3437
    M3        1.5440    8.0301
    M4        1.2172   10.1860
    M5        1.1852   10.4610

Scattering factors as a function of energy: 

   1000.000      -33.46786       8.115235    
   1100.000      -39.44055       7.525385    
   1120.000      -42.43546       7.413871    
   1125.000      -43.47250       7.386317    
   1130.000      -44.68677       7.358892    
   1135.000      -46.12944       7.331595    
   1140.000      -47.87225       7.304426    
   1145.000      -50.01859       7.277384    
   1150.000      -52.72244       7.250468    
   1155.000      -56.22690       7.223689    
   1160.000      -60.91465       7.197076    
   1165.000      -67.47726       7.170591    
   1170.000      -77.25720       7.144233    
   1175.000      -93.35786       7.118001    
   1180.000      -125.7628       7.091894    
   1185.000      -321.0767       7.065912    
   1190.000      -98.05753       173.9026    
   1195.000      -52.17855       137.5898    
   1200.000      -36.02513       109.9570    
   1205.000      -34.15982       88.78057    
   1210.000      -44.64422       72.43880    
   1215.000      -84.23918       59.74153    
   1220.000      -60.94254       170.1389    
   1225.000      -12.42019       136.5851    
   1230.000       5.066685       110.7012    
   1235.000       12.17722       90.59761    
   1240.000       14.44571       74.87851    
   1245.000       14.22153       62.50657    
   1250.000       12.69173       52.70599    
   1255.000       10.49583       44.89301    
   1260.000       7.998490       38.62574    
   1265.000       5.408435       33.56774    
   1270.000       2.844439       29.46132    
   1275.000      0.3715805       26.10806    
   1280.000      -1.974711       23.35426    
   1285.000      -4.183632       21.08028    
   1290.000      -6.250950       19.19246    
   1295.000      -8.181133       17.61711    
   1300.000      -9.982208       16.29595    
   1305.000      -11.66407       15.18268    
   1310.000      -13.23734       14.24032    
   1315.000      -14.71277       13.43920    
   1400.000      -32.60393       8.941674    
   1447.000      -42.72799       9.289102    
   1452.000      -44.04169       9.420939    
   1457.000      -45.42545       9.576950    
   1462.000      -46.88769       9.759792    
   1467.000      -48.43782       9.972612    
   1472.000      -50.08633       10.21912    
   1477.000      -51.84502       10.50368    
   1482.000      -53.72719       10.83144    
   1487.000      -55.74792       11.20844    
   1492.000      -57.92442       11.64178    
   1497.000      -60.27643       12.13985    
   1500.000      -61.78125       12.47379    
   1502.000      -62.82681       12.71250    
   1507.000      -65.60735       13.37145    
   1512.000      -68.63958       14.13044    
   1517.000      -71.96695       15.00580    
   1522.000      -75.63771       16.01693    
   1527.000      -79.71653       17.18689    
   1532.000      -84.30165       18.54317    
   1537.000      -89.58843       20.11861    
   1542.000      -44.37981       21.52774    
   1547.000      -44.92319       26.32493    
   1552.000      -44.75356       26.60623    
   1557.000      -45.44156       26.94880    
   1562.000      -46.51418       27.36248    
   1567.000      -47.87321       27.85896    
   1572.000      -49.49335       28.45214    
   1577.000      -51.37595       29.15859    
   1582.000      -53.53492       29.99806    
   1587.000      -19.64092       29.92043    
   1591.000      -19.43663       29.79917    
   1592.000      -19.38781       29.76904    
   1596.000      -19.20066       29.64920    
   1597.000      -19.15579       29.61941    
   1600.000      -19.02546       29.53047    
   1601.000      -18.98339       29.50097    
   1602.000      -18.94197       29.47152    
   1606.000      -18.78257       29.35444    
   1607.000      -18.74422       29.32534    
   1611.000      -18.59652       29.20960    
   1612.000      -18.56096       29.18083    
   1616.000      -18.42402       29.06642    
   1617.000      -18.39106       29.03798    
   1621.000      -18.26416       28.92486    
   1622.000      -18.23367       28.89674    
   1626.000      -18.11643       28.78491    
   1627.000      -18.08830       28.75711    
   1631.000      -17.98048       28.64653    
   1632.000      -17.95469       28.61904    
   1636.000      -17.85629       28.50970    
   1637.000      -17.83288       28.48252    
   1641.000      -17.74415       28.37440    
   1642.000      -17.72322       28.34752    
   1646.000      -17.64474       28.24061    
   1651.000      -17.55927       28.10829    
   1656.000      -17.48971       27.97743    
   1661.000      -17.43933       27.84801    
   1666.000      -17.41363       27.72001    
   1671.000      -17.42266       27.59340    
   1676.000      -17.48734       27.46817    
   1681.000      -17.66302       27.34429    
   1686.000      -18.21957       27.22175    
   1691.000      -17.99074       28.97830    
   1696.000      -17.23356       28.84299    
   1700.000      -16.88543       28.73599    
   1701.000      -16.81256       28.70941    
   1706.000      -16.49833       28.57753    
   1711.000      -16.23891       28.44731    
   1716.000      -16.01375       28.31873    
   1721.000      -15.81256       28.19177    
   1726.000      -15.62939       28.06640    
   1731.000      -15.46048       27.94260    
   1736.000      -15.30331       27.82034    
   1741.000      -15.15607       27.69959    
   1746.000      -15.01745       27.58035    
   1751.000      -14.88644       27.46258    
   1756.000      -14.76226       27.34627    
   1761.000      -14.64431       27.23138    
   1766.000      -14.53209       27.11792    
   1771.000      -14.42518       27.00585    
   1776.000      -14.32335       26.89515    
   1781.000      -14.22626       26.78581    
   1783.000      -14.18871       26.74245    
   1786.000      -14.13374       26.67781    
   1788.000      -14.09798       26.63498    
   1793.000      -14.01164       26.52883    
   1798.000      -13.92959       26.42397    
   1800.000      -13.89797       26.38239    
   1803.000      -13.85181       26.32040    
   1808.000      -13.77831       26.21810    
   1813.000      -13.70915       26.11705    
   1818.000      -13.64447       26.01723    
   1823.000      -13.58448       25.91864    
   1828.000      -13.52949       25.82126    
   1833.000      -13.47994       25.72507    
   1838.000      -13.43649       25.63006    
   1843.000      -13.40005       25.53622    
   1848.000      -13.37199       25.44354    
   1853.000      -13.35442       25.35200    
   1858.000      -13.35073       25.26160    
   1863.000      -13.36696       25.17232    
   1868.000      -13.41529       25.08414    
   1873.000      -13.52672       24.99706    
   1878.000      -13.83686       24.91108    
   1883.000      -13.85558       26.00166    
   1888.000      -13.34146       25.91536    
   1893.000      -13.07583       25.83016    
   1898.000      -12.88069       25.74604    
   1900.000      -12.81331       25.71269    
   1903.000      -12.72009       25.66299    
   1908.000      -12.58036       25.58101    
   1913.000      -12.45480       25.50009    
   1918.000      -12.33963       25.42021    
   1923.000      -12.23245       25.34138    
   1928.000      -12.13171       25.26357    
   1933.000      -12.03627       25.18679    
   1938.000      -11.94532       25.11102    
   1943.000      -11.85825       25.03626    
   1948.000      -11.77457       24.96251    
   1953.000      -11.69389       24.88974    
   1958.000      -11.61591       24.81796    
   1963.000      -11.54036       24.74716    
   1968.000      -11.46704       24.67734    
   1973.000      -11.39576       24.60848    
   1978.000      -11.32632       24.54058    
   2000.000      -11.03995       24.25312    
   2100.000      -9.266932       22.83527    
   2200.000      -8.067221       21.60059    
   2300.000      -7.287893       20.38973    
   2400.000      -6.553362       19.28477    
   2500.000      -5.930980       18.24248    
   2600.000      -5.506133       17.27158    
   2700.000      -5.274565       16.37917    
   2800.000      -4.995455       15.55574    
   2900.000      -4.773122       14.79217    
   3000.000      -4.604299       14.08267    
   3100.000      -4.465585       13.43341    
   3200.000      -4.357546       12.82975    
   3300.000      -4.275568       12.26738    
   3400.000      -4.218933       11.74261    
   3500.000      -4.179085       11.25245    
   3600.000      -4.155788       10.79357    
   3700.000      -4.146925       10.36330    
   3800.000      -4.152894       9.959338    
   3900.000      -4.168166       9.579653    
   4000.000      -4.193388       9.222132    
   4100.000      -4.227594       8.885030    
   4200.000      -4.269965       8.566776    
   4300.000      -4.320029       8.265952    
   4400.000      -4.376868       7.981273    
   4500.000      -4.440259       7.711568    
   4600.000      -4.509894       7.455777    
   4700.000      -4.585555       7.212930    
   4800.000      -4.667118       6.982144    
   4900.000      -4.754539       6.762614    
   5000.000      -4.847859       6.553597    
   5100.000      -4.949931       6.354425    
   5200.000      -5.060665       6.164727    
   5300.000      -5.178604       5.983846    
   5400.000      -5.297624       5.811301    
   5500.000      -5.426826       5.646410    
   5600.000      -5.561400       5.488671    
   5700.000      -5.704897       5.337653    
   5800.000      -5.858343       5.192967    
   5900.000      -6.023009       5.054254    
   6000.000      -6.200491       4.921180    
   6100.000      -6.392799       4.793435    
   6200.000      -6.602510       4.670730    
   6300.000      -6.832990       4.552794    
   6400.000      -7.088728       4.439380    
   6500.000      -7.375911       4.330251    
   6600.000      -7.703385       4.225189    
   6700.000      -8.094620       4.124030    
   6800.000      -8.550743       4.026953    
   6900.000      -9.119932       3.933357    
   7000.000      -9.880404       3.843073    
   7100.000      -11.04277       3.755961    
   7145.000      -11.86692       3.717760    
   7150.000      -11.98113       3.713552    
   7155.000      -12.10168       3.709352    
   7160.000      -12.22929       3.705159    
   7165.000      -12.36488       3.700974    
   7170.000      -12.50951       3.696795    
   7175.000      -12.66448       3.692624    
   7180.000      -12.83135       3.688461    
   7185.000      -13.01217       3.684304    
   7190.000      -13.20944       3.680154    
   7195.000      -13.42647       3.676012    
   7200.000      -13.66763       3.671877    
   7205.000      -13.93902       3.667749    
   7210.000      -14.24923       3.663628    
   7215.000      -14.61121       3.659515    
   7220.000      -15.04560       3.655408    
   7225.000      -15.58876       3.651309    
   7230.000      -16.31337       3.647216    
   7235.000      -17.40386       3.643131    
   7240.000      -19.66451       3.639053    
   7245.000      -20.21270       10.60912    
   7250.000      -17.56646       10.59248    
   7255.000      -16.38587       10.57590    
   7260.000      -15.61562       10.55939    
   7265.000      -15.04289       10.54294    
   7270.000      -14.58679       10.52654    
   7275.000      -14.20792       10.51021    
   7280.000      -13.88402       10.49393    
   7285.000      -13.60130       10.47772    
   7290.000      -13.35055       10.46156    
   7295.000      -13.12541       10.44546    
   7300.000      -12.92124       10.42942    
   7305.000      -12.73460       10.41344    
   7310.000      -12.56276       10.39752    
   7315.000      -12.40361       10.38165    
   7320.000      -12.26405       10.36586    
   7325.000      -12.12574       10.35013    
   7330.000      -11.99601       10.33445    
   7335.000      -11.87394       10.31883    
   7340.000      -11.75873       10.30326    
   7400.000      -10.73854       10.12079    
   7500.000      -9.802902       9.833458    
   7600.000      -9.328610       9.565565    
   7700.000      -9.165067       9.315501    
   7800.000      -9.354633       9.081825    
   7833.000      -9.549619       9.008086    
   7838.000      -9.589045       8.997055    
   7843.000      -9.631816       8.986059    
   7848.000      -9.678300       8.975101    
   7853.000      -9.728935       8.964177    
   7858.000      -9.784244       8.953292    
   7863.000      -9.844878       8.942441    
   7868.000      -9.911626       8.931626    
   7873.000      -9.985480       8.920847    
   7878.000      -10.06770       8.910105    
   7883.000      -10.15994       8.899397    
   7888.000      -10.26441       8.888723    
   7893.000      -10.38415       8.878086    
   7898.000      -10.52350       8.867485    
   7900.000      -10.58612       8.863253    
   7903.000      -10.68907       8.856916    
   7908.000      -10.89146       8.846384    
   7913.000      -11.14943       8.835886    
   7918.000      -11.50134       8.825422    
   7923.000      -12.04763       8.814994    
   7928.000      -13.27573       8.804598    
   7933.000      -13.09524       12.18524    
   7938.000      -11.94688       12.17106    
   7943.000      -11.39102       12.15692    
   7948.000      -11.01771       12.14282    
   7953.000      -10.73479       12.12877    
   7958.000      -10.50607       12.11476    
   7963.000      -10.31359       12.10080    
   7968.000      -10.14704       12.08688    
   7973.000      -10.00004       12.07300    
   7978.000      -9.868302       12.05917    
   7983.000      -9.748855       12.04538    
   7988.000      -9.639492       12.03163    
   7993.000      -9.538590       12.01793    
   7998.000      -9.444892       12.00427    
   8000.000      -9.409204       11.99881    
   8003.000      -9.357407       11.99065    
   8008.000      -9.275343       11.97707    
   8013.000      -9.198071       11.96354    
   8018.000      -9.125031       11.95004    
   8023.000      -9.055796       11.93659    
   8028.000      -8.989994       11.92318    
   8100.000      -8.294728       11.73462    
   8200.000      -7.773439       11.48629    
   8278.000      -7.634830       11.30290    
   8283.000      -7.636971       11.29144    
   8288.000      -7.641008       11.28001    
   8293.000      -7.647123       11.26862    
   8298.000      -7.655536       11.25726    
   8300.000      -7.659601       11.25273    
   8303.000      -7.666509       11.24593    
   8308.000      -7.680362       11.23465    
   8313.000      -7.697499       11.22339    
   8318.000      -7.718428       11.21217    
   8323.000      -7.743711       11.20098    
   8328.000      -7.774306       11.18982    
   8333.000      -7.811246       11.17870    
   8338.000      -7.856073       11.16761    
   8343.000      -7.910979       11.15656    
   8348.000      -7.979244       11.14554    
   8353.000      -8.066183       11.13455    
   8358.000      -8.181087       11.12359    
   8363.000      -8.342763       11.11267    
   8368.000      -8.599504       11.10178    
   8373.000      -9.170609       11.09092    
   8378.000      -9.194186       12.82393    
   8383.000      -8.546262       12.81263    
   8388.000      -8.237179       12.80136    
   8393.000      -8.026788       12.79012    
   8398.000      -7.864470       12.77891    
   8400.000      -7.808221       12.77444    
   8403.000      -7.730738       12.76773    
   8408.000      -7.616009       12.75659    
   8413.000      -7.514854       12.74547    
   8418.000      -7.423898       12.73439    
   8423.000      -7.340897       12.72334    
   8428.000      -7.264283       12.71232    
   8433.000      -7.192931       12.70134    
   8438.000      -7.125960       12.69038    
   8443.000      -7.062728       12.67946    
   8448.000      -7.002718       12.66856    
   8453.000      -6.945518       12.65770    
   8458.000      -6.890792       12.64686    
   8463.000      -6.838263       12.63606    
   8468.000      -6.787699       12.62529    
   8473.000      -6.738915       12.61455    
   8500.000      -6.499931       12.55706    
   8600.000      -5.819720       12.35158    
   8700.000      -5.297190       12.15726    
   8800.000      -4.852252       11.97341    
   8900.000      -4.448730       11.79941    
   9000.000      -4.120497       11.59798    
   9100.000      -3.827585       11.40135    
   9200.000      -3.563534       11.20937    
   9300.000      -3.323714       11.02188    
   9400.000      -3.104584       10.83874    
   9500.000      -2.906575       10.66009    
   9600.000      -2.721674       10.48565    
   9700.000      -2.550751       10.31525    
   9800.000      -2.392317       10.14875    
   9900.000      -2.245123       9.986033    
   10000.00      -2.108101       9.826982    
   10100.00      -1.980332       9.671480    
   10200.00      -1.861020       9.519423    
   10300.00      -1.749462       9.370701    
   10400.00      -1.650775       9.225722    
   10500.00      -1.553215       9.083977    
   10600.00      -1.461713       8.945320    
   10700.00      -1.375834       8.809662    
   10800.00      -1.295181       8.676910    
   10900.00      -1.243302       8.547243    
   11000.00      -1.173105       8.422345    
   11100.00      -1.107003       8.300242    
   11200.00      -1.044728       8.180852    
   11300.00     -0.9860294       8.064089    
   11400.00     -0.9306801       7.949877    
   11500.00     -0.8784689       7.838140    
   11600.00     -0.8292034       7.728805    
   11700.00     -0.7827057       7.621804    
   11800.00     -0.7388104       7.517066    
   11900.00     -0.6973661       7.414531    
   12000.00     -0.6582307       7.314133    
   12100.00     -0.6212735       7.215812    
   12200.00     -0.5863727       7.119511    
   12300.00     -0.5534141       7.025173    
   12400.00     -0.5222925       6.932745    
   12500.00     -0.4929083       6.842173    
   12600.00     -0.4651694       6.753407    
   12700.00     -0.4389894       6.666400    
   12800.00     -0.4142868       6.581103    
   12900.00     -0.3909861       6.497472    
   13000.00     -0.3690154       6.415461    
   13100.00     -0.3483079       6.335029    
   13200.00     -0.3288007       6.256136    
   13300.00     -0.3104341       6.178740    
   13400.00     -0.2931525       6.102804    
   13500.00     -0.2769029       6.028289    
   13600.00     -0.2616357       5.955162    
   13700.00     -0.2473041       5.883386    
   13800.00     -0.2338635       5.812927    
   13900.00     -0.2212722       5.743754    
   14000.00     -0.2094902       5.675833    
   14100.00     -0.1984802       5.609136    
   14200.00     -0.1882066       5.543632    
   14300.00     -0.1786356       5.479291    
   14400.00     -0.1697355       5.416087    
   14500.00     -0.1608481       5.353989    
   14600.00     -0.1531967       5.292952    
   14700.00     -0.1461304       5.232974    
   14800.00     -0.1396231       5.174027    
   14900.00     -0.1336503       5.116091    
   15000.00     -0.1281883       5.059138    
   15100.00     -0.1232148       5.003149    
   15200.00     -0.1187087       4.948101    
   15300.00     -0.1146495       4.893972    
   15400.00     -0.1110180       4.840742    
   15500.00     -0.1077958       4.788390    
   15600.00     -0.1049651       4.736897    
   15700.00     -0.1025090       4.686245    
   15800.00     -0.1004080       4.636415    
   15900.00     -0.1018228       4.587430    
   16000.00     -0.1004074       4.539299    
   16100.00     -9.9311963E-02   4.491935    
   16200.00     -9.8516650E-02   4.445324    
   16300.00     -9.8008171E-02   4.399450    
   16400.00     -9.7768158E-02   4.354296    
   16500.00     -9.7795121E-02   4.309847    
   16600.00     -9.8076724E-02   4.266088    
   16700.00     -9.8600119E-02   4.223006    
   16800.00     -9.9933587E-02   4.180595    
   16900.00     -0.1009163       4.138841    
   17000.00     -0.1021114       4.097722    
   17100.00     -0.1035099       4.057224    
   17200.00     -0.1051034       4.017336    
   17300.00     -0.1068839       3.978045    
   17400.00     -0.1088437       3.939338    
   17500.00     -0.1109753       3.901204    
   17600.00     -0.1132717       3.863631    
   17700.00     -0.1157260       3.826609    
   17800.00     -0.1183316       3.790127    
   17900.00     -0.1210825       3.754172    
   18000.00     -0.1239725       3.718737    
   18100.00     -0.1269960       3.683809    
   18200.00     -0.1301473       3.649380    
   18300.00     -0.1334212       3.615441    
   18400.00     -0.1368128       3.581980    
   18500.00     -0.1403170       3.548990    
   18600.00     -0.1439292       3.516462    
   18700.00     -0.1476449       3.484386    
   18800.00     -0.1514598       3.452755    
   18900.00     -0.1553698       3.421559    
   19000.00     -0.1593710       3.390791    
   19100.00     -0.1634594       3.360443    
   19200.00     -0.1676315       3.330507    
   19300.00     -0.1718836       3.300977    
   19400.00     -0.1762126       3.271843    
   19500.00     -0.1806151       3.243099    
   19600.00     -0.1850879       3.214738    
   19700.00     -0.1896282       3.186753    
   19800.00     -0.1942329       3.159138    
   19900.00     -0.1988995       3.131886    
   20000.00     -0.2036252       3.104990    
   20100.00     -0.2084075       3.078444    
   20200.00     -0.2132439       3.052241    
   20300.00     -0.2181320       3.026377    
   20400.00     -0.2230697       3.000845    
   20500.00     -0.2280547       2.975639    
   20600.00     -0.2330850       2.950754    
   20700.00     -0.2381586       2.926184    
   20800.00     -0.2432734       2.901924    
   20900.00     -0.2484277       2.877969    
   21000.00     -0.2536198       2.854312    
   21100.00     -0.2588479       2.830950    
   21200.00     -0.2641104       2.807878    
   21300.00     -0.2694055       2.785090    
   21400.00     -0.2747320       2.762582    
   21500.00     -0.2800884       2.740349    
   21600.00     -0.2854732       2.718387    
   21700.00     -0.2908851       2.696691    
   21800.00     -0.2963228       2.675257    
   21900.00     -0.3017851       2.654081    
   22000.00     -0.3072709       2.633157    
   22100.00     -0.3127790       2.612484    
   22200.00     -0.3183084       2.592055    
   22300.00     -0.3238578       2.571869    
   22400.00     -0.3294265       2.551919    
   22500.00     -0.3350134       2.532204    
   22600.00     -0.3406177       2.512718    
   22700.00     -0.3462384       2.493459    
   22800.00     -0.3518746       2.474424    
   22900.00     -0.3575259       2.455607    
   23000.00     -0.3631911       2.437007    
   23100.00     -0.3688698       2.418619    
   23200.00     -0.3745611       2.400441    
   23300.00     -0.3802643       2.382469    
   23400.00     -0.3859790       2.364700    
   23500.00     -0.3917045       2.347131    
   23600.00     -0.3974402       2.329759    
   23700.00     -0.4031856       2.312582    
   23800.00     -0.4089400       2.295595    
   23900.00     -0.4147033       2.278796    
   24000.00     -0.4204748       2.262183    
   24100.00     -0.4262541       2.245752    
   24200.00     -0.4320409       2.229502    
   24300.00     -0.4378345       2.213429    
   24400.00     -0.4436350       2.197530    
   24500.00     -0.4494418       2.181803    
   24600.00     -0.4552547       2.166247    
   24700.00     -0.4610733       2.150857    
   24800.00     -0.4668973       2.135632    
   24900.00     -0.4727267       2.120569    
