  Element 32: Ge      Atomic mass:   72.5900

  Edge          keV         A
    K        11.1031    1.1167
    L-I       1.4143    8.7665
    L-II      1.2478    9.9362
    L-III     1.2167   10.1902

Scattering factors as a function of energy: 

   1000.000      -10.62158       3.030499    
   1100.000      -12.66404       2.669826    
   1119.000      -13.31215       2.608961    
   1124.000      -13.51035       2.593306    
   1129.000      -13.72315       2.577797    
   1134.000      -13.95276       2.562434    
   1139.000      -14.20188       2.547213    
   1144.000      -14.47385       2.532134    
   1149.000      -14.77293       2.517194    
   1150.000      -14.83644       2.514223    
   1154.000      -15.10455       2.502392    
   1155.000      -15.17537       2.499448    
   1159.000      -15.47582       2.487725    
   1160.000      -15.55560       2.484808    
   1164.000      -15.89615       2.473193    
   1165.000      -15.98715       2.470302    
   1169.000      -16.37834       2.458792    
   1170.000      -16.48365       2.455928    
   1174.000      -16.94024       2.444523    
   1175.000      -17.06425       2.441684    
   1179.000      -17.60748       2.430382    
   1180.000      -17.75663       2.427569    
   1184.000      -18.41835       2.416368    
   1185.000      -18.60248       2.413581    
   1189.000      -19.43279       2.402480    
   1190.000      -19.66787       2.399718    
   1194.000      -20.75075       2.388717    
   1195.000      -21.06450       2.385978    
   1199.000      -22.55417       2.375075    
   1200.000      -23.00038       2.372362    
   1204.000      -25.22126       2.361555    
   1205.000      -25.92340       2.358865    
   1209.000      -29.74165       2.348154    
   1210.000      -31.08956       2.345488    
   1214.000      -40.59650       2.334872    
   1215.000      -45.75535       2.332229    
   1219.000      -40.05423       38.66073    
   1220.000      -35.11284       37.61993    
   1224.000      -24.47836       33.79915    
   1225.000      -22.87158       32.92305    
   1229.000      -18.43995       29.70095    
   1230.000      -17.69080       28.96072    
   1234.000      -15.70668       26.23334    
   1235.000      -15.43150       25.60559    
   1239.000      -15.18346       23.28854    
   1240.000      -15.36201       22.75426    
   1244.000      -17.68896       20.77874    
   1245.000      -19.04809       20.32239    
   1249.000      -22.45259       36.98869    
   1250.000      -18.27637       36.08654    
   1254.000      -10.77829       32.75563    
   1255.000      -9.691400       31.98735    
   1259.000      -6.604685       29.14585    
   1260.000      -6.045783       28.48930    
   1264.000      -4.344215       26.05686    
   1265.000      -4.022351       25.49393    
   1269.000      -3.030843       23.40468    
   1270.000      -2.843606       22.92036    
   1274.000      -2.278430       21.11996    
   1275.000      -2.175849       20.70192    
   1279.000      -1.886088       19.14545    
   1280.000      -1.839533       18.78348    
   1284.000      -1.735373       17.43369    
   1285.000      -1.727018       17.11930    
   1289.000      -1.750371       15.94520    
   1290.000      -1.768489       15.67131    
   1294.000      -1.880554       14.64704    
   1295.000      -1.917141       14.40776    
   1299.000      -2.091136       13.51166    
   1300.000      -2.140607       13.30202    
   1304.000      -2.357686       12.51592    
   1305.000      -2.416079       12.33177    
   1309.000      -2.662071       11.64036    
   1310.000      -2.727632       11.47818    
   1314.000      -2.994300       10.86854    
   1315.000      -3.062876       10.72535    
   1317.000      -3.201844       10.44936    
   1320.000      -3.414099       10.05986    
   1322.000      -3.557615       9.815493    
   1325.000      -3.775179       9.470255    
   1327.000      -3.921379       9.253436    
   1330.000      -4.141913       8.946815    
   1332.000      -4.289505       8.754067    
   1335.000      -4.511414       8.481242    
   1337.000      -4.659535       8.309590    
   1340.000      -4.881787       8.066434    
   1342.000      -5.029904       7.913333    
   1345.000      -5.251901       7.696306    
   1347.000      -5.399736       7.559569    
   1352.000      -5.768707       7.243377    
   1357.000      -6.136958       6.960516    
   1362.000      -6.505039       6.707329    
   1367.000      -6.873913       6.480655    
   1372.000      -7.244992       6.277761    
   1377.000      -7.620259       6.096280    
   1382.000      -8.002501       5.934162    
   1387.000      -8.395780       5.789632    
   1392.000      -8.806411       5.661152    
   1397.000      -9.245219       5.547394    
   1400.000      -9.530142       5.485722    
   1402.000      -9.733787       5.447213    
   1407.000      -10.32781       5.359623    
   1412.000      -11.29540       5.283784    
   1417.000      -11.48348       7.081266    
   1422.000      -11.14675       7.024066    
   1427.000      -11.13699       6.976806    
   1432.000      -11.22964       6.939084    
   1437.000      -11.37470       6.910584    
   1442.000      -11.55296       6.891078    
   1447.000      -11.75523       6.880406    
   1452.000      -11.97659       6.878489    
   1457.000      -12.21429       6.885314    
   1462.000      -12.46675       6.900941    
   1467.000      -12.73313       6.925497    
   1472.000      -13.01309       6.959180    
   1477.000      -13.30662       7.002259    
   1482.000      -13.61397       7.055077    
   1487.000      -13.93558       7.118052    
   1492.000      -14.27205       7.191684    
   1497.000      -14.62415       7.276561    
   1500.000      -14.84328       7.333163    
   1502.000      -14.99277       7.373362    
   1507.000      -15.37893       7.482864    
   1512.000      -15.78376       7.605958    
   1600.000      -10.27940       11.88454    
   1700.000      -3.207281       11.63209    
   1800.000      -2.386197       10.68658    
   1900.000      -1.788472       9.858903    
   2000.000      -1.342155       9.129433    
   2100.000      -1.003056       8.482606    
   2200.000     -0.7423921       7.905884    
   2300.000     -0.5568449       7.389423    
   2400.000     -0.3995557       6.925211    
   2500.000     -0.2302962       6.500311    
   2600.000     -0.1344576       6.107816    
   2700.000     -6.2074747E-02   5.749597    
   2800.000     -8.5888319E-03   5.421735    
   2900.000      2.3451893E-02   5.121695    
   3000.000      4.8767202E-02   4.846118    
   3100.000      6.3620761E-02   4.593814    
   3200.000      7.0713162E-02   4.361057    
   3300.000      7.1480252E-02   4.145850    
   3400.000      6.6862978E-02   3.946445    
   3500.000      5.8196381E-02   3.761320    
   3600.000      4.6079945E-02   3.589118    
   3700.000      3.1142050E-02   3.428647    
   3800.000      1.3900141E-02   3.278851    
   3900.000     -5.2193115E-03   3.138790    
   4000.000     -2.5863744E-02   3.007629    
   4100.000     -4.7741450E-02   2.884619    
   4200.000     -7.0610680E-02   2.769090    
   4300.000     -9.4271116E-02   2.660440    
   4400.000     -0.1185564       2.558127    
   4500.000     -0.1433292       2.461661    
   4600.000     -0.1684759       2.370600    
   4700.000     -0.1939028       2.284544    
   4800.000     -0.2195335       2.203127    
   4900.000     -0.2453051       2.126019    
   5000.000     -0.2711675       2.052918    
   5100.000     -0.2970806       1.983548    
   5200.000     -0.3230130       1.917656    
   5300.000     -0.3519367       1.855058    
   5400.000     -0.3778405       1.795616    
   5500.000     -0.4056142       1.739108    
   5600.000     -0.4314050       1.685259    
   5700.000     -0.4571384       1.633896    
   5800.000     -0.4828167       1.584865    
   5900.000     -0.5084445       1.538026    
   6000.000     -0.5340299       1.493248    
   6100.000     -0.5595821       1.450412    
   6200.000     -0.5885249       1.409523    
   6300.000     -0.6140725       1.370404    
   6400.000     -0.6396246       1.332913    
   6500.000     -0.6651999       1.296957    
   6600.000     -0.6908189       1.262454    
   6700.000     -0.7165040       1.229325    
   6800.000     -0.7422794       1.197497    
   6900.000     -0.7681707       1.166902    
   7000.000     -0.7942058       1.137477    
   7100.000     -0.8204144       1.109162    
   7200.000     -0.8468280       1.081901    
   7300.000     -0.8734810       1.055642    
   7400.000     -0.9004092       1.030336    
   7500.000     -0.9276519       1.005936    
   7600.000     -0.9552510      0.9824002    
   7700.000     -0.9832515      0.9596870    
   7800.000      -1.011702      0.9377580    
   7900.000      -1.040656      0.9165775    
   8000.000      -1.070171      0.8961113    
   8100.000      -1.100308      0.8763272    
   8200.000      -1.131137      0.8571951    
   8300.000      -1.162734      0.8386861    
   8400.000      -1.195180      0.8207734    
   8500.000      -1.228569      0.8034312    
   8600.000      -1.263003      0.7866353    
   8700.000      -1.298597      0.7703631    
   8800.000      -1.335481      0.7545924    
   8900.000      -1.373800      0.7393029    
   9000.000      -1.413757      0.7245964    
   9100.000      -1.455503      0.7103315    
   9200.000      -1.499257      0.6964907    
   9300.000      -1.545279      0.6830568    
   9400.000      -1.593869      0.6700141    
   9500.000      -1.645387      0.6573470    
   9600.000      -1.700259      0.6450412    
   9700.000      -1.759004      0.6330830    
   9800.000      -1.822258      0.6214591    
   9900.000      -1.890811      0.6101570    
   10000.00      -1.965667      0.5991648    
   10100.00      -2.048121      0.5884711    
   10200.00      -2.139886      0.5780650    
   10300.00      -2.243296      0.5679362    
   10400.00      -2.361639      0.5580749    
   10500.00      -2.499763      0.5484714    
   10600.00      -2.665225      0.5391168    
   10700.00      -2.870762      0.5300026    
   10800.00      -3.140395      0.5211203    
   10900.00      -3.528218      0.5124621    
   11000.00      -4.205992      0.5040203    
   11006.00      -4.266994      0.5035205    
   11011.00      -4.320911      0.5031046    
   11016.00      -4.377961      0.5026892    
   11021.00      -4.438517      0.5022744    
   11026.00      -4.503024      0.5018600    
   11031.00      -4.572016      0.5014462    
   11036.00      -4.646142      0.5010329    
   11041.00      -4.726201      0.5006201    
   11046.00      -4.813180      0.5002078    
   11051.00      -4.908392      0.4997961    
   11056.00      -5.013487      0.4993848    
   11061.00      -5.130698      0.4989741    
   11066.00      -5.263105      0.4985639    
   11071.00      -5.415135      0.4981541    
   11076.00      -5.593476      0.4977449    
   11081.00      -5.808942      0.4973362    
   11086.00      -6.080768      0.4969280    
   11091.00      -6.448435      0.4965204    
   11096.00      -7.017218      0.4961132    
   11100.00      -7.904553      0.4957878    
   11101.00      -8.322044      0.4957066    
   11106.00      -7.981026       3.881473    
   11111.00      -6.894247       3.877661    
   11116.00      -6.360167       3.873858    
   11121.00      -6.002096       3.870063    
   11126.00      -5.731955       3.866276    
   11131.00      -5.514780       3.862499    
   11136.00      -5.332972       3.858728    
   11141.00      -5.176540       3.854967    
   11146.00      -5.039197       3.851213    
   11151.00      -4.916740       3.847468    
   11156.00      -4.806220       3.843730    
   11161.00      -4.705488       3.840002    
   11166.00      -4.612930       3.836281    
   11171.00      -4.527317       3.832569    
   11176.00      -4.447638       3.828864    
   11181.00      -4.373125       3.825168    
   11186.00      -4.303141       3.821479    
   11191.00      -4.237158       3.817799    
   11196.00      -4.174738       3.814127    
   11200.00      -4.127122       3.811195    
   11201.00      -4.115511       3.810462    
   11300.00      -3.318580       3.739527    
   11400.00      -2.844707       3.670888    
   11500.00      -2.509037       3.605119    
   11600.00      -2.250185       3.542075    
   11700.00      -2.040637       3.481617    
   11800.00      -1.865557       3.423618    
   11900.00      -1.716007       3.367956    
   12000.00      -1.586144       3.314517    
   12100.00      -1.471932       3.263196    
   12200.00      -1.370456       3.213894    
   12300.00      -1.279537       3.166514    
   12400.00      -1.197503       3.120970    
   12500.00      -1.123035       3.077178    
   12600.00      -1.055080       3.035059    
   12700.00     -0.9927797       2.994541    
   12800.00     -0.9354227       2.955552    
   12900.00     -0.8824168       2.918027    
   13000.00     -0.8332598       2.881903    
   13100.00     -0.7875505       2.847123    
   13200.00     -0.7448688       2.813630    
   13300.00     -0.7049212       2.781372    
   13400.00     -0.6674306       2.750299    
   13500.00     -0.6321517       2.720364    
   13600.00     -0.5988694       2.691522    
   13700.00     -0.5673925       2.663731    
   13800.00     -0.5375495       2.636950    
   13900.00     -0.5091881       2.611142    
   14000.00     -0.4821700       2.586271    
   14100.00     -0.4563711       2.562301    
   14200.00     -0.4316786       2.539200    
   14300.00     -0.4079891       2.516937    
   14400.00     -0.3852072       2.495484    
   14500.00     -0.2533353       2.469764    
   14600.00     -0.2293020       2.441971    
   14700.00     -0.2063449       2.414638    
   14800.00     -0.1844023       2.387755    
   14900.00     -0.1634184       2.361314    
   15000.00     -0.1433408       2.335302    
   15100.00     -0.1241215       2.309712    
   15200.00     -0.1057160       2.284534    
   15300.00     -8.8082366E-02   2.259760    
   15400.00     -7.1181998E-02   2.235380    
   15500.00     -5.4978356E-02   2.211387    
   15600.00     -3.9437689E-02   2.187772    
   15700.00     -2.4528386E-02   2.164526    
   15800.00     -1.0220394E-02   2.141644    
   15900.00      3.5139702E-03   2.119115    
   16000.00      1.6701240E-02   2.096935    
   16100.00      2.9366011E-02   2.075094    
   16200.00      4.1531574E-02   2.053587    
   16300.00      5.3219676E-02   2.032407    
   16400.00      6.4451501E-02   2.011546    
   16500.00      7.5246409E-02   1.990999    
   16600.00      8.5622936E-02   1.970759    
   16700.00      9.5598623E-02   1.950820    
   16800.00      0.1051899       1.931176    
   16900.00      0.1144129       1.911821    
   17000.00      0.1232824       1.892750    
   17100.00      0.1318125       1.873956    
   17200.00      0.1400168       1.855436    
   17300.00      0.1479080       1.837183    
   17400.00      0.1554985       1.819191    
   17500.00      0.1627998       1.801457    
   17600.00      0.1698230       1.783976    
   17700.00      0.1765786       1.766741    
   17800.00      0.1830766       1.749750    
   17900.00      0.1893269       1.732997    
   18000.00      0.1953384       1.716477    
   18100.00      0.2011200       1.700187    
   18200.00      0.2066800       1.684122    
   18300.00      0.2120263       1.668279    
   18400.00      0.2171669       1.652652    
   18500.00      0.2221089       1.637239    
   18600.00      0.2268593       1.622034    
   18700.00      0.2314250       1.607035    
   18800.00      0.2358122       1.592238    
   18900.00      0.2400274       1.577639    
   19000.00      0.2440763       1.563234    
   19100.00      0.2479647       1.549021    
   19200.00      0.2516980       1.534995    
   19300.00      0.2552815       1.521154    
   19400.00      0.2587202       1.507494    
   19500.00      0.2620190       1.494012    
   19600.00      0.2651826       1.480705    
   19700.00      0.2682153       1.467571    
   19800.00      0.2711215       1.454605    
   19900.00      0.2739054       1.441805    
   20000.00      0.2765709       1.429169    
   20100.00      0.2791220       1.416693    
   20200.00      0.2815622       1.404375    
   20300.00      0.2838951       1.392213    
   20400.00      0.2861242       1.380203    
   20500.00      0.2882529       1.368343    
   20600.00      0.2902842       1.356630    
   20700.00      0.2922212       1.345063    
   20800.00      0.2940669       1.333638    
   20900.00      0.2958243       1.322354    
   21000.00      0.2974959       1.311208    
   21100.00      0.2990846       1.300198    
   21200.00      0.3005928       1.289321    
   21300.00      0.3020231       1.278577    
   21400.00      0.3033778       1.267961    
   21500.00      0.3046594       1.257473    
   21600.00      0.3058699       1.247110    
   21700.00      0.3070116       1.236871    
   21800.00      0.3080865       1.226753    
   21900.00      0.3090967       1.216755    
   22000.00      0.3100442       1.206874    
   22100.00      0.3109308       1.197109    
   22200.00      0.3117583       1.187458    
   22300.00      0.3088040       1.178005    
   22400.00      0.3095039       1.168669    
   22500.00      0.3101518       1.159442    
   22600.00      0.3107493       1.150322    
   22700.00      0.3112979       1.141307    
   22800.00      0.3117990       1.132397    
   22900.00      0.3122542       1.123588    
   23000.00      0.3126647       1.114880    
   23100.00      0.3130320       1.106272    
   23200.00      0.3133572       1.097761    
   23300.00      0.3136417       1.089346    
   23400.00      0.3138867       1.081025    
   23500.00      0.3140932       1.072798    
   23600.00      0.3142626       1.064664    
   23700.00      0.3143958       1.056619    
   23800.00      0.3144939       1.048664    
   23900.00      0.3145579       1.040796    
   24000.00      0.3145889       1.033015    
   24100.00      0.3145878       1.025320    
   24200.00      0.3145556       1.017708    
   24300.00      0.3144930       1.010180    
   24400.00      0.3144011       1.002733    
   24500.00      0.3142807      0.9953660    
   24600.00      0.3141325      0.9880787    
   24700.00      0.3139574      0.9808696    
   24800.00      0.3137561      0.9737376    
   24900.00      0.3135295      0.9666815    
