  Element  2: He      Atomic mass:    4.0026

Scattering factors as a function of energy:

   1000.000      0.0000000E+00  6.1604935E-03
   1100.000      0.0000000E+00  4.9475231E-03
   1200.000      0.0000000E+00  4.0433416E-03
   1300.000      0.0000000E+00  3.3537855E-03
   1400.000      0.0000000E+00  2.8175698E-03
   1500.000      0.0000000E+00  2.3935304E-03
   1600.000      0.0000000E+00  2.0532431E-03
   1700.000      0.0000000E+00  1.7766188E-03
   1800.000      0.0000000E+00  1.5491541E-03
   1900.000      0.0000000E+00  1.3601896E-03
   2000.000      0.0000000E+00  1.2017547E-03
   2100.000      0.0000000E+00  1.0678086E-03
   2200.000      0.0000000E+00  9.5370482E-04
   2300.000      0.0000000E+00  8.5583178E-04
   2400.000      0.0000000E+00  7.7134714E-04
   2500.000      0.0000000E+00  6.9799443E-04
   2600.000      0.0000000E+00  6.3396344E-04
   2700.000      0.0000000E+00  5.7779072E-04
   2800.000      0.0000000E+00  5.2828377E-04
   2900.000      0.0000000E+00  4.8446370E-04
   3000.000      0.0000000E+00  4.4552071E-04
   3100.000      0.0000000E+00  4.1078203E-04
   3200.000      0.0000000E+00  3.7968444E-04
   3300.000      0.0000000E+00  3.5175361E-04
   3400.000      0.0000000E+00  3.2658887E-04
   3500.000      0.0000000E+00  3.0384961E-04
   3600.000      0.0000000E+00  2.8324471E-04
   3700.000      0.0000000E+00  2.6452489E-04
   3800.000      0.0000000E+00  2.4747511E-04
   3900.000      0.0000000E+00  2.3190952E-04
   4000.000      0.0000000E+00  2.1766720E-04
   4100.000      0.0000000E+00  2.0460768E-04
   4200.000      0.0000000E+00  1.9260819E-04
   4300.000      0.0000000E+00  1.8156113E-04
   4400.000      0.0000000E+00  1.7137235E-04
   4500.000      0.0000000E+00  1.6195825E-04
   4600.000      0.0000000E+00  1.5324524E-04
   4700.000      0.0000000E+00  1.4516794E-04
   4800.000      0.0000000E+00  1.3766826E-04
   4900.000      0.0000000E+00  1.3069451E-04
   5000.000      0.0000000E+00  1.2420041E-04
   5100.000      0.0000000E+00  1.1814475E-04
   5200.000      0.0000000E+00  1.1249033E-04
   5300.000      0.0000000E+00  1.0720378E-04
   5400.000      0.0000000E+00  1.0225518E-04
   5500.000      0.0000000E+00  9.7617347E-05
   5600.000      0.0000000E+00  9.3265742E-05
   5700.000      0.0000000E+00  8.9178342E-05
   5800.000      0.0000000E+00  8.5334839E-05
   5900.000      0.0000000E+00  8.1716986E-05
   6000.000      0.0000000E+00  7.8308207E-05
   6100.000      0.0000000E+00  7.5093238E-05
   6200.000      0.0000000E+00  7.2058298E-05
   6300.000      0.0000000E+00  6.9190617E-05
   6400.000      0.0000000E+00  6.6478722E-05
   6500.000      0.0000000E+00  6.3911837E-05
   6600.000      0.0000000E+00  6.1480307E-05
   6700.000      0.0000000E+00  5.9175069E-05
   6800.000      0.0000000E+00  5.6987879E-05
   6900.000      0.0000000E+00  5.4911186E-05
   7000.000      0.0000000E+00  5.2937907E-05
   7100.000      0.0000000E+00  5.1061557E-05
   7200.000      0.0000000E+00  4.9276139E-05
   7300.000      0.0000000E+00  4.7576126E-05
   7400.000      0.0000000E+00  4.5956320E-05
   7500.000      0.0000000E+00  4.4412020E-05
   7600.000      0.0000000E+00  4.2938729E-05
   7700.000      0.0000000E+00  4.1532370E-05
   7800.000      0.0000000E+00  4.0189050E-05
   7900.000      0.0000000E+00  3.8905226E-05
   8000.000      0.0000000E+00  3.7677608E-05
   8100.000      0.0000000E+00  3.6503072E-05
   8200.000      0.0000000E+00  3.5378733E-05
   8300.000      0.0000000E+00  3.4301840E-05
   8400.000      0.0000000E+00  3.3269898E-05
   8500.000      0.0000000E+00  3.2280550E-05
   8600.000      0.0000000E+00  3.1331536E-05
   8700.000      0.0000000E+00  3.0420817E-05
   8800.000      0.0000000E+00  2.9546396E-05
   8900.000      0.0000000E+00  2.8706518E-05
   9000.000      0.0000000E+00  2.7899365E-05
   9100.000      0.0000000E+00  2.7123415E-05
   9200.000      0.0000000E+00  2.6377074E-05
   9300.000      0.0000000E+00  2.5658957E-05
   9400.000      0.0000000E+00  2.4967709E-05
   9500.000      0.0000000E+00  2.4302017E-05
   9600.000      0.0000000E+00  2.3660743E-05
   9700.000      0.0000000E+00  2.3042714E-05
   9800.000      0.0000000E+00  2.2446888E-05
   9900.000      0.0000000E+00  2.1872249E-05
   10000.00      0.0000000E+00  2.1317841E-05
   10100.00      0.0000000E+00  2.0782763E-05
   10200.00      0.0000000E+00  2.0266170E-05
   10300.00      0.0000000E+00  1.9767234E-05
   10400.00      0.0000000E+00  1.9285226E-05
   10500.00      0.0000000E+00  1.8819370E-05
   10600.00      0.0000000E+00  1.8369014E-05
   10700.00      0.0000000E+00  1.7933502E-05
   10800.00      0.0000000E+00  1.7512210E-05
   10900.00      0.0000000E+00  1.7104561E-05
   11000.00      0.0000000E+00  1.6709957E-05
   11100.00      0.0000000E+00  1.6327915E-05
   11200.00      0.0000000E+00  1.5957903E-05
   11300.00      0.0000000E+00  1.5599458E-05
   11400.00      0.0000000E+00  1.5252116E-05
   11500.00      0.0000000E+00  1.4915416E-05
   11600.00      0.0000000E+00  1.4588963E-05
   11700.00      0.0000000E+00  1.4272391E-05
   11800.00      0.0000000E+00  1.3965277E-05
   11900.00      0.0000000E+00  1.3667279E-05
   12000.00      0.0000000E+00  1.3378063E-05
   12100.00      0.0000000E+00  1.3097283E-05
   12200.00      0.0000000E+00  1.2824639E-05
   12300.00      0.0000000E+00  1.2559835E-05
   12400.00      0.0000000E+00  1.2302577E-05
   12500.00      0.0000000E+00  1.2052586E-05
   12600.00      0.0000000E+00  1.1809618E-05
   12700.00      0.0000000E+00  1.1573419E-05
   12800.00      0.0000000E+00  1.1343736E-05
   12900.00      0.0000000E+00  1.1120355E-05
   13000.00      0.0000000E+00  1.0903057E-05
   13100.00      0.0000000E+00  1.0691616E-05
   13200.00      0.0000000E+00  1.0485841E-05
   13300.00      0.0000000E+00  1.0285553E-05
   13400.00      0.0000000E+00  1.0090547E-05
   13500.00      0.0000000E+00  9.9006447E-06
   13600.00      0.0000000E+00  9.7157035E-06
   13700.00      0.0000000E+00  9.5355217E-06
   13800.00      0.0000000E+00  9.3599747E-06
   13900.00      0.0000000E+00  9.1888933E-06
   14000.00      0.0000000E+00  9.0221356E-06
   14100.00      0.0000000E+00  8.8595652E-06
   14200.00      0.0000000E+00  8.7010540E-06
   14300.00      0.0000000E+00  8.5464644E-06
   14400.00      0.0000000E+00  8.3956802E-06
   14500.00      0.0000000E+00  8.2485758E-06
   14600.00      0.0000000E+00  8.1050375E-06
   14700.00      0.0000000E+00  7.9649681E-06
   14800.00      0.0000000E+00  7.8282383E-06
   14900.00      0.0000000E+00  7.6947636E-06
   15000.00      0.0000000E+00  7.5644448E-06
   15100.00      0.0000000E+00  7.4371815E-06
   15200.00      0.0000000E+00  7.3128895E-06
   15300.00      0.0000000E+00  7.1914674E-06
   15400.00      0.0000000E+00  7.0728497E-06
   15500.00      0.0000000E+00  6.9569355E-06
   15600.00      0.0000000E+00  6.8436630E-06
   15700.00      0.0000000E+00  6.7329347E-06
   15800.00      0.0000000E+00  6.6246980E-06
   15900.00      0.0000000E+00  6.5188801E-06
   16000.00      0.0000000E+00  6.4153965E-06
   16100.00      0.0000000E+00  6.3141974E-06
   16200.00      0.0000000E+00  6.2152080E-06
   16300.00      0.0000000E+00  6.1183737E-06
   16400.00      0.0000000E+00  6.0236407E-06
   16500.00      0.0000000E+00  5.9309309E-06
   16600.00      0.0000000E+00  5.8402097E-06
   16700.00      0.0000000E+00  5.7514098E-06
   16800.00      0.0000000E+00  5.6644835E-06
   16900.00      0.0000000E+00  5.5793876E-06
   17000.00      0.0000000E+00  5.4960647E-06
   17100.00      0.0000000E+00  5.4144662E-06
   17200.00      0.0000000E+00  5.3345475E-06
   17300.00      0.0000000E+00  5.2562791E-06
   17400.00      0.0000000E+00  5.1795978E-06
   17500.00      0.0000000E+00  5.1044690E-06
   17600.00      0.0000000E+00  5.0308572E-06
   17700.00      0.0000000E+00  4.9587188E-06
   17800.00      0.0000000E+00  4.8880220E-06
   17900.00      0.0000000E+00  4.8187212E-06
   18000.00      0.0000000E+00  4.7507879E-06
   18100.00      0.0000000E+00  4.6841838E-06
   18200.00      0.0000000E+00  4.6188829E-06
   18300.00      0.0000000E+00  4.5548441E-06
   18400.00      0.0000000E+00  4.4920384E-06
   18500.00      0.0000000E+00  4.4304406E-06
   18600.00      0.0000000E+00  4.3700188E-06
   18700.00      0.0000000E+00  4.3107384E-06
   18800.00      0.0000000E+00  4.2525826E-06
   18900.00      0.0000000E+00  4.1955122E-06
   19000.00      0.0000000E+00  4.1395128E-06
   19100.00      0.0000000E+00  4.0845466E-06
   19200.00      0.0000000E+00  4.0306040E-06
   19300.00      0.0000000E+00  3.9776523E-06
   19400.00      0.0000000E+00  3.9256633E-06
   19500.00      0.0000000E+00  3.8746243E-06
   19600.00      0.0000000E+00  3.8245053E-06
   19700.00      0.0000000E+00  3.7752914E-06
   19800.00      0.0000000E+00  3.7269594E-06
   19900.00      0.0000000E+00  3.6794909E-06
   20000.00      0.0000000E+00  3.6328627E-06
   20100.00      0.0000000E+00  3.5870607E-06
   20200.00      0.0000000E+00  3.5420576E-06
   20300.00      0.0000000E+00  3.4978448E-06
   20400.00      0.0000000E+00  3.4544021E-06
   20500.00      0.0000000E+00  3.4117095E-06
   20600.00      0.0000000E+00  3.3697488E-06
   20700.00      0.0000000E+00  3.3285128E-06
   20800.00      0.0000000E+00  3.2879793E-06
   20900.00      0.0000000E+00  3.2481291E-06
   21000.00      0.0000000E+00  3.2089561E-06
   21100.00      0.0000000E+00  3.1704440E-06
   21200.00      0.0000000E+00  3.1325701E-06
   21300.00      0.0000000E+00  3.0953331E-06
   21400.00      0.0000000E+00  3.0587109E-06
   21500.00      0.0000000E+00  3.0226925E-06
   21600.00      0.0000000E+00  2.9872699E-06
   21700.00      0.0000000E+00  2.9524215E-06
   21800.00      0.0000000E+00  2.9181419E-06
   21900.00      0.0000000E+00  2.8844181E-06
   22000.00      0.0000000E+00  2.8512382E-06
   22100.00      0.0000000E+00  2.8185900E-06
   22200.00      0.0000000E+00  2.7864617E-06
   22300.00      0.0000000E+00  2.7548501E-06
   22400.00      0.0000000E+00  2.7237356E-06
   22500.00      0.0000000E+00  2.6931132E-06
   22600.00      0.0000000E+00  2.6629702E-06
   22700.00      0.0000000E+00  2.6332964E-06
   22800.00      0.0000000E+00  2.6040900E-06
   22900.00      0.0000000E+00  2.5753302E-06
   23000.00      0.0000000E+00  2.5470167E-06
   23100.00      0.0000000E+00  2.5191373E-06
   23200.00      0.0000000E+00  2.4916851E-06
   23300.00      0.0000000E+00  2.4646508E-06
   23400.00      0.0000000E+00  2.4380256E-06
   23500.00      0.0000000E+00  2.4118046E-06
   23600.00      0.0000000E+00  2.3859741E-06
   23700.00      0.0000000E+00  2.3605319E-06
   23800.00      0.0000000E+00  2.3354685E-06
   23900.00      0.0000000E+00  2.3107793E-06
   24000.00      0.0000000E+00  2.2864515E-06
   24100.00      0.0000000E+00  2.2624833E-06
   24200.00      0.0000000E+00  2.2388665E-06
   24300.00      0.0000000E+00  2.2155955E-06
   24400.00      0.0000000E+00  2.1926612E-06
   24500.00      0.0000000E+00  2.1700614E-06
   24600.00      0.0000000E+00  2.1477836E-06
   24700.00      0.0000000E+00  2.1258290E-06
   24800.00      0.0000000E+00  2.1041867E-06
   24900.00      0.0000000E+00  2.0828522E-06
