  Element 72: Hf      Atomic mass:  178.4900

  Edge          keV         A
    K        65.3508    0.1897
    L-I      11.2707    1.1001
    L-II     10.7394    1.1545
    L-III     9.5607    1.2968
    M1        2.6009    4.7670
    M2        2.3654    5.2416
    M3        2.1076    5.8827
    M4        1.7164    7.2235
    M5        1.6617    7.4613

Scattering factors as a function of energy: 

   1000.000      -28.30131       13.48371    
   1100.000      -28.34660       12.43040    
   1200.000      -28.80245       11.49405    
   1300.000      -29.75377       10.65733    
   1400.000      -31.43159       9.906065    
   1500.000      -34.59272       9.228657    
   1564.000      -39.03387       8.830997    
   1569.000      -39.59194       8.801043    
   1574.000      -40.20601       8.771237    
   1579.000      -40.88584       8.741578    
   1584.000      -41.64357       8.712065    
   1589.000      -42.49442       8.682695    
   1594.000      -43.45771       8.653470    
   1599.000      -44.55830       8.624387    
   1600.000      -44.79760       8.618587    
   1604.000      -45.82865       8.595447    
   1609.000      -47.31192       8.566646    
   1614.000      -49.06666       8.537986    
   1619.000      -51.17425       8.509464    
   1619.000      -51.17425       8.509464    
   1624.000      -53.75113       8.481080    
   1624.000      -53.75113       8.481080    
   1629.000      -56.97018       8.452834    
   1629.000      -56.97018       8.452834    
   1634.000      -61.10018       8.424724    
   1634.000      -61.10018       8.424724    
   1639.000      -66.58599       8.396749    
   1639.000      -66.58599       8.396749    
   1644.000      -74.23024       8.368908    
   1644.000      -74.23024       8.368908    
   1649.000      -85.68839       8.341201    
   1649.000      -85.68839       8.341201    
   1654.000      -105.2615       8.313626    
   1654.000      -105.2615       8.313626    
   1659.000      -152.3228       8.286184    
   1659.000      -152.3228       8.286184    
   1664.000      -150.9503       166.5463    
   1664.000      -150.9503       166.5463    
   1669.000      -80.27728       142.4046    
   1669.000      -80.27728       142.4046    
   1674.000      -51.82075       122.3516    
   1674.000      -51.82075       122.3516    
   1679.000      -37.00642       105.6388    
   1679.000      -37.00642       105.6388    
   1684.000      -29.25129       91.66353    
   1684.000      -29.25129       91.66353    
   1689.000      -25.93835       79.93905    
   1689.000      -25.93835       79.93905    
   1694.000      -25.91103       70.07088    
   1694.000      -25.91103       70.07088    
   1699.000      -28.86023       61.73842    
   1699.000      -28.86023       61.73842    
   1700.000      -29.83757       60.23225    
   1704.000      -35.37789       54.68034    
   1704.000      -35.37789       54.68034    
   1709.000      -48.09103       48.68295    
   1709.000      -48.09103       48.68295    
   1714.000      -81.03500       43.57104    
   1714.000      -81.03500       43.57104    
   1719.000      -72.04607       140.6936    
   1719.000      -72.04607       140.6936    
   1724.000      -29.89422       122.0561    
   1724.000      -29.89422       122.0561    
   1729.000      -12.22776       106.3779    
   1729.000      -12.22776       106.3779    
   1734.000      -2.788627       93.14709    
   1734.000      -2.788627       93.14709    
   1739.000       2.479271       81.94640    
   1739.000       2.479271       81.94640    
   1744.000       5.308886       72.43483    
   1744.000       5.308886       72.43483    
   1749.000       6.595772       64.33284    
   1749.000       6.595772       64.33284    
   1754.000       6.915022       57.41068    
   1754.000       6.915022       57.41068    
   1759.000       6.587150       51.47875    
   1759.000       6.587150       51.47875    
   1764.000       5.834306       46.38025    
   1769.000       4.806198       41.98552    
   1774.000       3.605379       38.18644    
   1779.000       2.302846       34.89299    
   1784.000      0.9479408       32.02991    
   1789.000     -0.4250955       29.53415    
   1794.000      -1.792666       27.35273    
   1799.000      -3.138465       25.44102    
   1800.000      -3.403420       25.08764    
   1804.000      -4.453781       23.76132    
   1809.000      -5.729327       22.28175    
   1814.000      -6.962680       20.97521    
   1900.000      -22.45078       11.61614    
   2000.000      -35.83227       10.16749    
   2010.000      -37.35605       10.22702    
   2015.000      -38.14943       10.27059    
   2020.000      -38.96658       10.32384    
   2025.000      -39.80991       10.38726    
   2030.000      -40.68184       10.46136    
   2035.000      -41.58523       10.54678    
   2040.000      -42.52302       10.64421    
   2045.000      -43.49868       10.75445    
   2050.000      -44.51594       10.87840    
   2055.000      -45.57925       11.01708    
   2060.000      -46.69356       11.17163    
   2065.000      -47.86502       11.34334    
   2070.000      -49.10089       11.53362    
   2075.000      -50.41075       11.74409    
   2080.000      -51.80716       11.97652    
   2085.000      -53.30866       12.23293    
   2090.000      -54.94476       12.51554    
   2095.000      -56.77139       12.82687    
   2100.000      -58.92466       13.16968    
   2105.000      -62.00616       13.54712    
   2110.000      -63.67213       18.70356    
   2115.000      -63.59979       19.13415    
   2120.000      -64.55387       19.61166    
   2125.000      -65.88536       20.14107    
   2130.000      -67.46388       20.72785    
   2135.000      -69.24542       21.37816    
   2140.000      -71.21436       22.09902    
   2145.000      -73.36725       22.89821    
   2150.000      -75.70782       23.78462    
   2155.000      -78.25407       24.76814    
   2160.000      -80.99326       25.86010    
   2165.000      -35.88168       25.99761    
   2170.000      -36.39082       26.11024    
   2175.000      -36.95061       26.24201    
   2180.000      -37.56278       26.39481    
   2185.000      -38.22955       26.57070    
   2190.000      -38.95378       26.77203    
   2195.000      -39.73872       27.00139    
   2200.000      -40.58828       27.26172    
   2205.000      -41.50675       27.55625    
   2268.000      -16.69044       29.07980    
   2273.000      -16.59810       28.97982    
   2278.000      -16.51812       28.88059    
   2283.000      -16.44253       28.78209    
   2288.000      -16.37146       28.68432    
   2293.000      -16.30511       28.58728    
   2298.000      -16.24375       28.49096    
   2300.000      -16.22067       28.45263    
   2303.000      -16.18771       28.39534    
   2308.000      -16.13747       28.30043    
   2313.000      -16.09365       28.20621    
   2318.000      -16.05708       28.11268    
   2323.000      -16.02890       28.01984    
   2328.000      -16.01071       27.92768    
   2333.000      -16.00485       27.83619    
   2338.000      -16.01485       27.74536    
   2343.000      -16.04647       27.65519    
   2348.000      -16.10994       27.56567    
   2353.000      -16.22610       27.47680    
   2358.000      -16.44946       27.38857    
   2363.000      -17.03864       27.30099    
   2368.000      -16.90646       29.09816    
   2373.000      -16.17677       29.00027    
   2378.000      -15.79265       28.90326    
   2383.000      -15.51482       28.80711    
   2388.000      -15.29028       28.71181    
   2393.000      -15.09833       28.61736    
   2398.000      -14.92863       28.52373    
   2400.000      -14.86558       28.48651    
   2403.000      -14.77530       28.43093    
   2408.000      -14.63465       28.33896    
   2413.000      -14.50419       28.24778    
   2418.000      -14.38220       28.15741    
   2423.000      -14.26738       28.06782    
   2428.000      -14.15880       27.97902    
   2433.000      -14.05570       27.89099    
   2438.000      -13.95750       27.80372    
   2443.000      -13.86373       27.71721    
   2448.000      -13.77403       27.63146    
   2453.000      -13.68806       27.54644    
   2458.000      -13.60558       27.46217    
   2463.000      -13.52638       27.37861    
   2500.000      -13.02913       26.78232    
   2503.000      -12.99514       26.73562    
   2508.000      -12.94055       26.65833    
   2513.000      -12.88856       26.58170    
   2518.000      -12.83922       26.50573    
   2523.000      -12.79261       26.43041    
   2528.000      -12.74886       26.35574    
   2533.000      -12.70811       26.28171    
   2538.000      -12.67059       26.20832    
   2543.000      -12.63656       26.13556    
   2548.000      -12.60641       26.06343    
   2553.000      -12.58064       25.99192    
   2558.000      -12.55993       25.92102    
   2563.000      -12.54523       25.85074    
   2568.000      -12.53794       25.78106    
   2573.000      -12.54014       25.71200    
   2578.000      -12.55520       25.64352    
   2583.000      -12.58903       25.57565    
   2588.000      -12.65348       25.50835    
   2593.000      -12.77846       25.44165    
   2598.000      -13.09222       25.37553    
   2600.000      -13.50075       25.34924    
   2603.000      -13.15736       26.46765    
   2608.000      -12.65458       26.40073    
   2613.000      -12.40570       26.33441    
   2618.000      -12.22689       26.26869    
   2623.000      -12.08196       26.20357    
   2628.000      -11.95725       26.13904    
   2633.000      -11.84612       26.07510    
   2638.000      -11.74481       26.01174    
   2643.000      -11.65099       25.94896    
   2648.000      -11.56310       25.88675    
   2653.000      -11.48007       25.82512    
   2658.000      -11.40111       25.76406    
   2663.000      -11.32560       25.70357    
   2668.000      -11.25311       25.64364    
   2673.000      -11.18325       25.58426    
   2678.000      -11.11573       25.52545    
   2683.000      -11.05032       25.46718    
   2688.000      -10.98680       25.40947    
   2693.000      -10.92502       25.35230    
   2698.000      -10.86483       25.29567    
   2700.000      -10.84116       25.27317    
   2800.000      -9.256486       24.12470    
   2900.000      -8.401327       23.03940    
   3000.000      -7.551613       22.07948    
   3100.000      -6.934665       21.10193    
   3200.000      -6.417728       20.18919    
   3300.000      -5.981533       19.33554    
   3400.000      -5.617692       18.53633    
   3500.000      -5.309125       17.78806    
   3600.000      -5.043689       17.08581    
   3700.000      -4.818000       16.42557    
   3800.000      -4.626410       15.80397    
   3900.000      -4.464266       15.21794    
   4000.000      -4.327698       14.66474    
   4100.000      -4.226798       14.14231    
   4200.000      -4.132532       13.64806    
   4300.000      -4.077033       13.18130    
   4400.000      -4.015771       12.73900    
   4500.000      -3.967802       12.31928    
   4600.000      -3.931671       11.92056    
   4700.000      -3.906126       11.54142    
   4800.000      -3.900740       11.18142    
   4900.000      -3.893566       10.83892    
   5000.000      -3.894027       10.51245    
   5100.000      -3.901419       10.20099    
   5200.000      -3.915130       9.903606    
   5300.000      -3.939755       9.619963    
   5400.000      -3.964724       9.348771    
   5500.000      -3.994582       9.089280    
   5600.000      -4.028989       8.840807    
   5700.000      -4.067655       8.602720    
   5800.000      -4.110333       8.374430    
   5900.000      -4.156818       8.155392    
   6000.000      -4.206942       7.945099    
   6100.000      -4.260569       7.743078    
   6200.000      -4.317597       7.548889    
   6300.000      -4.377953       7.362120    
   6400.000      -4.441593       7.182388    
   6500.000      -4.508500       7.009335    
   6600.000      -4.578687       6.842624    
   6700.000      -4.652192       6.681940    
   6800.000      -4.729084       6.526989    
   6900.000      -4.809458       6.377494    
   7000.000      -4.893444       6.233196    
   7100.000      -4.981204       6.093849    
   7200.000      -5.078408       5.959293    
   7300.000      -5.183014       5.829640    
   7400.000      -5.283340       5.704274    
   7500.000      -5.397057       5.583215    
   7600.000      -5.507362       5.466185    
   7700.000      -5.623377       5.352881    
   7800.000      -5.746906       5.243145    
   7900.000      -5.876118       5.136827    
   8000.000      -6.013099       5.033778    
   8100.000      -6.158830       4.933858    
   8200.000      -6.314507       4.836943    
   8300.000      -6.486829       4.742995    
   8400.000      -6.667191       4.651816    
   8500.000      -6.863189       4.563288    
   8600.000      -7.077907       4.477307    
   8700.000      -7.315497       4.393775    
   8800.000      -7.581793       4.312594    
   8900.000      -7.885535       4.233679    
   9000.000      -8.231882       4.158149    
   9100.000      -8.644058       4.084710    
   9200.000      -9.155126       4.013293    
   9300.000      -9.829758       3.943822    
   9400.000      -10.83333       3.876225    
   9463.000      -11.86863       3.834569    
   9468.000      -11.97825       3.831293    
   9473.000      -12.09400       3.828022    
   9478.000      -12.21667       3.824755    
   9483.000      -12.34708       3.821492    
   9488.000      -12.48629       3.818234    
   9493.000      -12.63555       3.814980    
   9498.000      -12.79643       3.811730    
   9500.000      -12.86444       3.810431    
   9503.000      -12.97085       3.808485    
   9508.000      -13.16130       3.805243    
   9513.000      -13.37096       3.802007    
   9518.000      -13.60418       3.798775    
   9523.000      -13.86683       3.795547    
   9528.000      -14.16734       3.792323    
   9533.000      -14.51837       3.789104    
   9538.000      -14.94017       3.785889    
   9543.000      -15.46831       3.782678    
   9548.000      -16.17441       3.779471    
   9553.000      -17.24116       3.776269    
   9558.000      -19.48058       3.773072    
   9563.000      -19.84301       10.52684    
   9568.000      -17.34546       10.51419    
   9573.000      -16.21348       10.50158    
   9578.000      -15.47160       10.48900    
   9583.000      -14.91841       10.47645    
   9588.000      -14.47698       10.46394    
   9593.000      -14.10959       10.45146    
   9598.000      -13.79498       10.43901    
   9600.000      -13.68069       10.43404    
   9603.000      -13.51978       10.42659    
   9608.000      -13.27528       10.41421    
   9613.000      -13.05533       10.40185    
   9618.000      -12.85548       10.38953    
   9623.000      -12.67238       10.37724    
   9628.000      -12.50349       10.36499    
   9633.000      -12.34677       10.35276    
   9638.000      -12.20066       10.34057    
   9643.000      -12.06377       10.32841    
   9648.000      -11.93508       10.31627    
   9653.000      -11.81367       10.30418    
   9658.000      -11.69879       10.29211    
   9700.000      -10.92240       10.19195    
   9800.000      -9.787429       9.961950    
   9900.000      -9.107787       9.743266    
   10000.00      -8.659792       9.535177    
   10100.00      -8.361710       9.337030    
   10200.00      -8.177968       9.148220    
   10300.00      -8.096814       8.968207    
   10400.00      -8.119578       8.796484    
   10500.00      -8.277813       8.632548    
   10600.00      -8.672213       8.475959    
   10642.00      -8.986313       8.412283    
   10647.00      -9.034711       8.404782    
   10652.00      -9.086307       8.397299    
   10657.00      -9.141459       8.389833    
   10662.00      -9.200627       8.382383    
   10667.00      -9.264332       8.374949    
   10672.00      -9.333213       8.367534    
   10677.00      -9.408061       8.360133    
   10682.00      -9.489865       8.352750    
   10687.00      -9.579887       8.345384    
   10692.00      -9.679769       8.338033    
   10697.00      -9.791677       8.330701    
   10700.00      -9.865833       8.326308    
   10702.00      -9.918677       8.323383    
   10707.00      -10.06508       8.316082    
   10712.00      -10.23739       8.308798    
   10717.00      -10.44611       8.301529    
   10722.00      -10.70976       8.294277    
   10727.00      -11.06604       8.287041    
   10732.00      -11.61307       8.279821    
   10737.00      -12.81588       8.272617    
   10742.00      -12.73308       11.65463    
   10747.00      -11.56495       11.64345    
   10752.00      -11.01007       11.63230    
   10757.00      -10.64081       11.62117    
   10762.00      -10.36286       11.61007    
   10767.00      -10.13948       11.59900    
   10772.00      -9.952464       11.58796    
   10777.00      -9.791451       11.57694    
   10782.00      -9.650002       11.56595    
   10787.00      -9.523758       11.55498    
   10792.00      -9.409735       11.54404    
   10797.00      -9.305741       11.53313    
   10800.00      -9.247455       11.52660    
   10802.00      -9.210134       11.52224    
   10807.00      -9.121648       11.51138    
   10812.00      -9.039289       11.50055    
   10817.00      -8.962263       11.48974    
   10822.00      -8.889936       11.47896    
   10827.00      -8.821749       11.46820    
   10832.00      -8.757272       11.45747    
   10837.00      -8.696131       11.44677    
   10900.00      -8.118601       11.31405    
   11000.00      -7.592642       11.11138    
   11100.00      -7.339936       10.91804    
   11173.00      -7.341967       10.78250    
   11178.00      -7.351305       10.77338    
   11183.00      -7.362374       10.76429    
   11188.00      -7.375356       10.75521    
   11193.00      -7.390464       10.74616    
   11198.00      -7.407954       10.73713    
   11200.00      -7.415684       10.73352    
   11203.00      -7.428139       10.72812    
   11208.00      -7.451406       10.71912    
   11213.00      -7.478238       10.71015    
   11218.00      -7.509251       10.70120    
   11223.00      -7.545239       10.69228    
   11228.00      -7.587287       10.68337    
   11233.00      -7.636860       10.67448    
   11238.00      -7.696063       10.66561    
   11243.00      -7.768057       10.65677    
   11248.00      -7.857907       10.64794    
   11253.00      -7.974502       10.63913    
   11258.00      -8.135738       10.63035    
   11263.00      -8.387218       10.62158    
   11268.00      -8.926018       10.61284    
   11273.00      -9.005539       12.28996    
   11278.00      -8.369414       12.28092    
   11283.00      -8.073467       12.27190    
   11288.00      -7.874636       12.26290    
   11293.00      -7.722776       12.25392    
   11298.00      -7.598742       12.24495    
   11300.00      -7.554657       12.24137    
   11303.00      -7.493159       12.23601    
   11308.00      -7.400742       12.22709    
   11313.00      -7.318167       12.21818    
   11318.00      -7.243268       12.20929    
   11323.00      -7.174524       12.20043    
   11328.00      -7.110826       12.19158    
   11333.00      -7.051348       12.18275    
   11338.00      -6.995452       12.17394    
   11343.00      -6.942640       12.16515    
   11348.00      -6.892520       12.15638    
   11353.00      -6.844749       12.14762    
   11358.00      -6.799070       12.13889    
   11363.00      -6.755260       12.13017    
   11368.00      -6.713129       12.12147    
   11400.00      -6.474450       12.06625    
   11500.00      -5.921042       11.89843    
   11600.00      -5.509787       11.73754    
   11700.00      -5.173702       11.58325    
   11800.00      -4.886690       11.43521    
   11900.00      -4.635211       11.29314    
   12000.00      -4.411066       11.15674    
   12100.00      -4.208775       11.02576    
   12200.00      -4.024435       10.89994    
   12300.00      -3.855118       10.77905    
   12400.00      -3.698570       10.66287    
   12500.00      -3.280325       10.53557    
   12600.00      -3.136673       10.40550    
   12700.00      -3.002627       10.27874    
   12800.00      -2.877181       10.15516    
   12900.00      -2.759478       10.03467    
   13000.00      -2.648780       9.917151    
   13100.00      -2.544447       9.802507    
   13200.00      -2.445919       9.690645    
   13300.00      -2.352700       9.581472    
   13400.00      -2.264353       9.474904    
   13500.00      -2.180484       9.370857    
   13600.00      -2.100743       9.269256    
   13700.00      -2.024813       9.170025    
   13800.00      -1.952406       9.073093    
   13900.00      -1.883266       8.978395    
   14000.00      -1.667892       8.881682    
   14100.00      -1.600376       8.780199    
   14200.00      -1.536041       8.680356    
   14300.00      -1.474714       8.582116    
   14400.00      -1.416233       8.485446    
   14500.00      -1.360450       8.390308    
   14600.00      -1.307227       8.296671    
   14700.00      -1.281269       8.205323    
   14800.00      -1.233513       8.116348    
   14900.00      -1.187869       8.028851    
   15000.00      -1.144231       7.942793    
   15100.00      -1.102501       7.858147    
   15200.00      -1.062587       7.774879    
   15300.00      -1.024401       7.692960    
   15400.00     -0.9878616       7.612360    
   15500.00     -0.9528926       7.533050    
   15600.00     -0.9194220       7.455001    
   15700.00     -0.8873823       7.378188    
   15800.00     -0.8567091       7.302582    
   15900.00     -0.8273423       7.228160    
   16000.00     -0.7992247       7.154894    
   16100.00     -0.7723024       7.082762    
   16200.00     -0.7465247       7.011739    
   16300.00     -0.7218434       6.941804    
   16400.00     -0.6982120       6.872931    
   16500.00     -0.6755875       6.805100    
   16600.00     -0.6539286       6.738289    
   16700.00     -0.6331962       6.672479    
   16800.00     -0.6133533       6.607648    
   16900.00     -0.5943639       6.543777    
   17000.00     -0.5761945       6.480846    
   17100.00     -0.5588130       6.418836    
   17200.00     -0.5421888       6.357730    
   17300.00     -0.5262919       6.297511    
   17400.00     -0.5114318       6.238160    
   17500.00     -0.4969097       6.179661    
   17600.00     -0.4830361       6.121996    
   17700.00     -0.4697866       6.065150    
   17800.00     -0.4571382       6.009108    
   17900.00     -0.4450684       5.953853    
   18000.00     -0.4335560       5.899370    
   18100.00     -0.4225809       5.845645    
   18200.00     -0.4121236       5.792664    
   18300.00     -0.4021656       5.740414    
   18400.00     -0.3926888       5.688879    
   18500.00     -0.3836762       5.638047    
   18600.00     -0.3751114       5.587905    
   18700.00     -0.3669787       5.538440    
   18800.00     -0.3592631       5.489642    
   18900.00     -0.3519499       5.441495    
   19000.00     -0.3450252       5.393989    
   19100.00     -0.3384757       5.347113    
   19200.00     -0.3335712       5.300884    
   19300.00     -0.3277386       5.255271    
   19400.00     -0.3222430       5.210254    
   19500.00     -0.3170732       5.165822    
   19600.00     -0.3122182       5.121966    
   19700.00     -0.3076676       5.078675    
   19800.00     -0.3034110       5.035941    
   19900.00     -0.2994387       4.993752    
   20000.00     -0.2957413       4.952099    
   20100.00     -0.2923097       4.910974    
   20200.00     -0.2891352       4.870367    
   20300.00     -0.2862093       4.830270    
   20400.00     -0.2835239       4.790673    
   20500.00     -0.2810712       4.751569    
   20600.00     -0.2788437       4.712948    
   20700.00     -0.2768340       4.674804    
   20800.00     -0.2750351       4.637128    
   20900.00     -0.2734403       4.599912    
   21000.00     -0.2720430       4.563149    
   21100.00     -0.2708369       4.526831    
   21200.00     -0.2698158       4.490951    
   21300.00     -0.2689740       4.455502    
   21400.00     -0.2683057       4.420476    
   21500.00     -0.2717841       4.385890    
   21600.00     -0.2714631       4.351794    
   21700.00     -0.2712974       4.318101    
   21800.00     -0.2712822       4.284807    
   21900.00     -0.2714127       4.251903    
   22000.00     -0.2716842       4.219383    
   22100.00     -0.2720924       4.187242    
   22200.00     -0.2726329       4.155473    
   22300.00     -0.2733016       4.124072    
   22400.00     -0.2740945       4.093031    
   22500.00     -0.2750077       4.062346    
   22600.00     -0.2766312       4.032019    
   22700.00     -0.2777782       4.002042    
   22800.00     -0.2790343       3.972405    
   22900.00     -0.2803960       3.943102    
   23000.00     -0.2818602       3.914128    
   23100.00     -0.2834235       3.885478    
   23200.00     -0.2850830       3.857147    
   23300.00     -0.2868356       3.829131    
   23400.00     -0.2886785       3.801424    
   23500.00     -0.2906088       3.774021    
   23600.00     -0.2926239       3.746919    
   23700.00     -0.2947210       3.720114    
   23800.00     -0.2968977       3.693599    
   23900.00     -0.2991516       3.667372    
   24000.00     -0.3014802       3.641428    
   24100.00     -0.3038811       3.615763    
   24200.00     -0.3063523       3.590373    
   24300.00     -0.3088914       3.565254    
   24400.00     -0.3114965       3.540402    
   24500.00     -0.3141655       3.515813    
   24600.00     -0.3168963       3.491483    
   24700.00     -0.3196872       3.467409    
   24800.00     -0.3225362       3.443587    
   24900.00     -0.3254415       3.420013    
