  Element 80: Hg      Atomic mass:  200.5900

  Edge          keV         A
    K        83.1023    0.1492
    L-I      14.8393    0.8355
    L-II     14.2087    0.8726
    L-III    12.2839    1.0093
    M1        3.5616    3.4811
    M2        3.2785    3.7817
    M3        2.8471    4.3548
    M4        2.3849    5.1987
    M5        2.2949    5.4026

Scattering factors as a function of energy: 

   1000.000      -27.43150       22.03594    
   1100.000      -26.13155       20.38313    
   1200.000      -25.22730       18.85389    
   1300.000      -24.64605       17.44462    
   1400.000      -24.35248       16.15044    
   1500.000      -24.54519       14.99216    
   1600.000      -24.95460       13.98501    
   1700.000      -25.42835       13.07968    
   1800.000      -26.17240       12.25983    
   1900.000      -27.42907       11.52153    
   2000.000      -29.17369       10.86199    
   2100.000      -31.83452       10.25966    
   2197.000      -37.68285       9.722104    
   2200.000      -38.00961       9.706155    
   2202.000      -38.23710       9.695545    
   2207.000      -38.84315       9.669092    
   2212.000      -39.50924       9.642749    
   2217.000      -40.24557       9.616510    
   2222.000      -41.06463       9.590380    
   2227.000      -41.98215       9.564353    
   2232.000      -43.01794       9.538431    
   2237.000      -44.19742       9.512615    
   2242.000      -45.55400       9.486902    
   2247.000      -47.13197       9.461293    
   2252.000      -48.99211       9.435785    
   2257.000      -51.21955       9.410380    
   2262.000      -53.94162       9.385081    
   2267.000      -57.34266       9.359889    
   2272.000      -61.73476       9.334795    
   2277.000      -67.66575       9.309802    
   2282.000      -76.24630       9.284906    
   2287.000      -90.32956       9.260228    
   2287.000      -90.32956       9.260228    
   2292.000      -122.0077       9.235723    
   2292.000      -122.0077       9.235723    
   2297.000      -130.0630       119.5914    
   2297.000      -130.0630       119.5914    
   2300.000      -93.60511       112.8701    
   2302.000      -79.86235       108.6499    
   2302.000      -79.86235       108.6499    
   2307.000      -58.29607       98.93655    
   2307.000      -58.29607       98.93655    
   2312.000      -45.42810       90.29965    
   2312.000      -45.42810       90.29965    
   2317.000      -37.01143       82.60908    
   2317.000      -37.01143       82.60908    
   2322.000      -31.33744       75.75027    
   2322.000      -31.33744       75.75027    
   2327.000      -27.53385       69.62478    
   2327.000      -27.53385       69.62478    
   2332.000      -25.09616       64.14565    
   2332.000      -25.09616       64.14565    
   2337.000      -23.71587       59.23800    
   2337.000      -23.71587       59.23800    
   2342.000      -23.20350       54.83545    
   2342.000      -23.20350       54.83545    
   2347.000      -23.45412       50.88073    
   2347.000      -23.45412       50.88073    
   2352.000      -24.43425       47.32288    
   2352.000      -24.43425       47.32288    
   2357.000      -26.18649       44.11773    
   2357.000      -26.18649       44.11773    
   2362.000      -28.85776       41.22639    
   2362.000      -28.85776       41.22639    
   2367.000      -32.77781       38.61427    
   2367.000      -32.77781       38.61427    
   2372.000      -38.67913       36.25138    
   2372.000      -38.67913       36.25138    
   2377.000      -48.49789       34.11082    
   2377.000      -48.49789       34.11082    
   2382.000      -70.68409       32.16922    
   2382.000      -70.68409       32.16922    
   2387.000      -76.56947       107.5307    
   2387.000      -76.56947       107.5307    
   2392.000      -41.55102       98.24060    
   2392.000      -41.55102       98.24060    
   2397.000      -26.56977       89.97000    
   2400.000      -20.75378       85.44500    
   2402.000      -17.66595       82.59568    
   2407.000      -11.84971       76.00920    
   2412.000      -7.903836       70.11753    
   2417.000      -5.205619       64.83849    
   2422.000      -3.379476       60.10140    
   2427.000      -2.184611       55.84362    
   2432.000      -1.456933       52.01115    
   2437.000      -1.079847       48.55593    
   2442.000     -0.9683223       45.43646    
   2447.000      -1.058911       42.61567    
   2452.000      -1.303535       40.06149    
   2457.000      -1.665340       37.74517    
   2462.000      -2.115742       35.64175    
   2467.000      -2.632521       33.72883    
   2472.000      -3.198179       31.98691    
   2477.000      -3.799053       30.39840    
   2482.000      -4.424308       28.94792    
   2500.000      -6.762260       24.67163    
   2600.000      -18.01355       14.49522    
   2700.000      -26.56165       12.12463    
   2750.000      -30.92804       11.95607    
   2755.000      -31.39203       11.96819    
   2760.000      -31.86401       11.98567    
   2765.000      -32.34486       12.00859    
   2770.000      -32.83545       12.03705    
   2775.000      -33.33689       12.07116    
   2780.000      -33.85032       12.11105    
   2785.000      -34.37719       12.15689    
   2790.000      -34.91915       12.20885    
   2795.000      -35.47827       12.26711    
   2800.000      -36.05708       12.33190    
   2805.000      -36.65895       12.40345    
   2810.000      -37.28827       12.48202    
   2815.000      -37.95136       12.56791    
   2820.000      -38.65741       12.66142    
   2825.000      -39.42126       12.76289    
   2830.000      -40.26882       12.87270    
   2835.000      -41.25332       12.99124    
   2840.000      -42.51538       13.11894    
   2845.000      -44.77028       13.25628    
   2850.000      -44.82260       17.92483    
   2855.000      -43.90369       18.07633    
   2860.000      -43.73412       18.23918    
   2865.000      -43.81082       18.41405    
   2870.000      -44.01629       18.60159    
   2875.000      -44.30396       18.80257    
   2880.000      -44.65054       19.01777    
   2885.000      -45.04269       19.24803    
   2890.000      -45.47209       19.49431    
   2895.000      -45.93303       19.75757    
   2900.000      -46.42149       20.03892    
   2905.000      -46.93430       20.33948    
   2910.000      -47.35852       20.66048    
   2915.000      -47.91286       21.00321    
   2920.000      -48.48483       21.36923    
   2925.000      -49.07235       21.76006    
   2930.000      -49.67340       22.17743    
   2935.000      -50.28565       22.62312    
   2940.000      -50.90657       23.09915    
   2945.000      -51.53316       23.60760    
   3000.000      -16.74667       29.90291    
   3100.000      -15.06784       28.50541    
   3181.000      -14.21920       27.44377    
   3186.000      -14.18268       27.38024    
   3191.000      -14.14858       27.31694    
   3196.000      -14.11707       27.25386    
   3200.000      -14.09386       27.20356    
   3201.000      -14.08836       27.19101    
   3206.000      -14.06327       27.12838    
   3211.000      -14.04102       27.06598    
   3216.000      -14.02256       27.00379    
   3221.000      -14.00839       26.94183    
   3226.000      -13.99914       26.88008    
   3231.000      -13.99568       26.81856    
   3236.000      -13.99911       26.75725    
   3241.000      -14.01101       26.69615    
   3246.000      -14.03362       26.63527    
   3251.000      -14.07031       26.57461    
   3256.000      -14.12654       26.51415    
   3261.000      -14.21191       26.45391    
   3266.000      -14.34592       26.39388    
   3271.000      -14.57903       26.33406    
   3276.000      -15.14544       26.27445    
   3281.000      -15.09139       27.99957    
   3286.000      -14.40946       27.93381    
   3291.000      -14.06439       27.86834    
   3296.000      -13.82013       27.80316    
   3300.000      -13.66174       27.75123    
   3301.000      -13.62567       27.73828    
   3306.000      -13.46123       27.67369    
   3311.000      -13.31700       27.60939    
   3316.000      -13.18743       27.54538    
   3321.000      -13.06903       27.48165    
   3326.000      -12.95950       27.41821    
   3331.000      -12.85721       27.35505    
   3336.000      -12.76098       27.29217    
   3341.000      -12.66992       27.22956    
   3346.000      -12.58337       27.16724    
   3351.000      -12.50076       27.10518    
   3356.000      -12.42169       27.04340    
   3361.000      -12.34580       26.98189    
   3366.000      -12.27280       26.92065    
   3371.000      -12.20246       26.85968    
   3376.000      -12.13459       26.79897    
   3400.000      -11.83847       26.51120    
   3464.000      -11.24125       25.77217    
   3469.000      -11.20569       25.71610    
   3474.000      -11.17191       25.66027    
   3479.000      -11.14000       25.60468    
   3484.000      -11.11009       25.54931    
   3489.000      -11.08230       25.49418    
   3494.000      -11.05683       25.43927    
   3499.000      -11.03390       25.38460    
   3500.000      -11.02965       25.37369    
   3504.000      -11.01381       25.33015    
   3509.000      -10.99691       25.27592    
   3514.000      -10.98376       25.22193    
   3519.000      -10.97502       25.16815    
   3524.000      -10.97161       25.11460    
   3529.000      -10.97488       25.06126    
   3534.000      -10.98687       25.00815    
   3539.000      -11.01085       24.95525    
   3544.000      -11.05258       24.90257    
   3549.000      -11.12373       24.85011    
   3554.000      -11.25427       24.79786    
   3559.000      -11.58044       24.74582    
   3564.000      -11.56596       25.77780    
   3569.000      -11.13518       25.72557    
   3574.000      -10.91545       25.67355    
   3579.000      -10.75748       25.62175    
   3584.000      -10.62976       25.57015    
   3589.000      -10.52016       25.51876    
   3594.000      -10.42271       25.46758    
   3599.000      -10.33403       25.41661    
   3600.000      -10.31715       25.40644    
   3604.000      -10.25202       25.36584    
   3609.000      -10.17526       25.31528    
   3614.000      -10.10279       25.26492    
   3619.000      -10.03388       25.21476    
   3624.000      -9.967999       25.16480    
   3629.000      -9.904738       25.11505    
   3634.000      -9.843764       25.06549    
   3639.000      -9.784821       25.01613    
   3644.000      -9.727689       24.96696    
   3649.000      -9.672196       24.91800    
   3654.000      -9.618192       24.86922    
   3659.000      -9.565554       24.82064    
   3700.000      -9.174394       24.42949    
   3800.000      -8.387491       23.52104    
   3900.000      -7.780957       22.67934    
   4000.000      -7.279778       21.89911    
   4100.000      -6.856180       21.17586    
   4200.000      -6.492429       20.50582    
   4300.000      -5.917031       19.86287    
   4400.000      -5.608676       19.22111    
   4500.000      -5.338575       18.61180    
   4600.000      -5.092822       18.03260    
   4700.000      -4.872039       17.47886    
   4800.000      -4.684630       16.95026    
   4900.000      -4.522783       16.44574    
   5000.000      -4.380927       15.96402    
   5100.000      -4.256869       15.50369    
   5200.000      -4.148718       15.06347    
   5300.000      -4.054834       14.64215    
   5400.000      -3.973785       14.23864    
   5500.000      -3.904318       13.85191    
   5600.000      -3.845333       13.48101    
   5700.000      -3.810203       13.12513    
   5800.000      -3.769764       12.78471    
   5900.000      -3.737105       12.45769    
   6000.000      -3.711549       12.14335    
   6100.000      -3.692497       11.84102    
   6200.000      -3.679414       11.55008    
   6300.000      -3.671822       11.26995    
   6400.000      -3.669294       11.00007    
   6500.000      -3.671449       10.73994    
   6600.000      -3.691248       10.48956    
   6700.000      -3.702109       10.24866    
   6800.000      -3.733766       10.01634    
   6900.000      -3.751586       9.792267    
   7000.000      -3.772622       9.575825    
   7100.000      -3.796685       9.366666    
   7200.000      -3.844943       9.165119    
   7300.000      -3.874554       8.970326    
   7400.000      -3.906704       8.781874    
   7500.000      -3.941278       8.599480    
   7600.000      -3.978177       8.422881    
   7700.000      -4.017318       8.251826    
   7800.000      -4.058629       8.086079    
   7900.000      -4.102053       7.925416    
   8000.000      -4.147546       7.769625    
   8100.000      -4.195076       7.618505    
   8200.000      -4.244621       7.471868    
   8300.000      -4.296175       7.329530    
   8400.000      -4.349743       7.191323    
   8500.000      -4.405342       7.057082    
   8600.000      -4.463005       6.926652    
   8700.000      -4.522777       6.799889    
   8800.000      -4.584726       6.676650    
   8900.000      -4.648936       6.556805    
   9000.000      -4.713477       6.442005    
   9100.000      -4.780076       6.330348    
   9200.000      -4.848815       6.221716    
   9300.000      -4.919792       6.115997    
   9400.000      -4.993120       6.013086    
   9500.000      -5.068928       5.912878    
   9600.000      -5.147365       5.815277    
   9700.000      -5.228599       5.720192    
   9800.000      -5.312825       5.627532    
   9900.000      -5.400265       5.537214    
   10000.00      -5.491528       5.449162    
   10100.00      -5.586210       5.363300    
   10200.00      -5.684974       5.279549    
   10300.00      -5.788202       5.197836    
   10400.00      -5.897391       5.118115    
   10500.00      -6.011024       5.040311    
   10600.00      -6.130713       4.964354    
   10700.00      -6.257178       4.890182    
   10800.00      -6.391848       4.817744    
   10900.00      -6.534707       4.746982    
   11000.00      -6.687580       4.677839    
   11100.00      -6.852080       4.610267    
   11200.00      -7.030251       4.544215    
   11300.00      -7.224740       4.479638    
   11400.00      -7.439041       4.416489    
   11500.00      -7.677930       4.354726    
   11600.00      -7.948151       4.294306    
   11700.00      -8.259688       4.235191    
   11800.00      -8.628258       4.177341    
   11900.00      -9.080698       4.120719    
   12000.00      -9.668805       4.065290    
   12100.00      -10.51439       4.011019    
   12186.00      -11.74534       3.965247    
   12191.00      -11.84798       3.962611    
   12196.00      -11.95635       3.959978    
   12200.00      -12.04762       3.957873    
   12201.00      -12.07113       3.957347    
   12206.00      -12.19311       3.954719    
   12211.00      -12.32327       3.952094    
   12216.00      -12.46273       3.949472    
   12221.00      -12.61298       3.946852    
   12226.00      -12.77580       3.944236    
   12231.00      -12.95346       3.941621    
   12236.00      -13.14892       3.939010    
   12241.00      -13.36613       3.936401    
   12246.00      -13.61050       3.933795    
   12251.00      -13.88975       3.931191    
   12256.00      -14.21538       3.928591    
   12261.00      -14.60599       3.925993    
   12266.00      -15.09379       3.923398    
   12271.00      -15.74328       3.920805    
   12276.00      -16.71696       3.918215    
   12281.00      -18.71031       3.915627    
   12286.00      -19.36986       10.19152    
   12291.00      -16.92830       10.18432    
   12296.00      -15.85758       10.17712    
   12300.00      -15.28287       10.17137    
   12301.00      -15.16162       10.16993    
   12306.00      -14.64480       10.16275    
   12311.00      -14.23338       10.15558    
   12316.00      -13.89150       10.14841    
   12321.00      -13.59896       10.14126    
   12326.00      -13.34329       10.13411    
   12331.00      -13.11623       10.12697    
   12336.00      -12.91212       10.11983    
   12341.00      -12.72973       10.11271    
   12346.00      -12.55971       10.10560    
   12351.00      -12.40279       10.09849    
   12356.00      -12.25711       10.09140    
   12361.00      -12.12118       10.08431    
   12366.00      -11.99378       10.07722    
   12371.00      -11.87392       10.07015    
   12376.00      -11.76075       10.06308    
   12381.00      -11.65360       10.05603    
   12400.00      -11.29147       10.02927    
   12500.00      -10.03956       9.890304    
   12600.00      -9.288731       9.754332    
   12700.00      -8.763557       9.621273    
   12800.00      -8.371441       9.491055    
   12900.00      -8.066598       9.363585    
   13000.00      -7.827031       9.238782    
   13100.00      -7.638956       9.116570    
   13200.00      -7.494076       8.996879    
   13300.00      -7.387465       8.879635    
   13400.00      -7.316681       8.764771    
   13500.00      -7.281461       8.652223    
   13600.00      -7.283899       8.541924    
   13700.00      -7.329288       8.433818    
   13800.00      -7.428218       8.327841    
   13900.00      -7.601961       8.223939    
   14000.00      -7.898947       8.122055    
   14100.00      -8.468826       8.022137    
   14111.00      -8.567195       8.011264    
   14116.00      -8.616000       8.006329    
   14121.00      -8.667751       8.001399    
   14126.00      -8.722793       7.996473    
   14131.00      -8.781520       7.991554    
   14136.00      -8.844443       7.986638    
   14141.00      -8.912146       7.981727    
   14146.00      -8.985356       7.976820    
   14151.00      -9.064990       7.971919    
   14156.00      -9.152205       7.967022    
   14161.00      -9.248515       7.962130    
   14166.00      -9.355929       7.957242    
   14171.00      -9.477192       7.952361    
   14176.00      -9.616302       7.947483    
   14181.00      -9.779172       7.942609    
   14186.00      -9.975306       7.937740    
   14191.00      -10.22138       7.932876    
   14196.00      -10.55096       7.928017    
   14200.00      -10.92778       7.924133    
   14201.00      -11.04970       7.923162    
   14206.00      -12.09869       7.918312    
   14211.00      -12.26960       11.07771    
   14216.00      -11.10141       11.07109    
   14221.00      -10.57141       11.06448    
   14226.00      -10.22368       11.05788    
   14231.00      -9.964054       11.05128    
   14236.00      -9.756578       11.04469    
   14241.00      -9.583635       11.03810    
   14246.00      -9.435270       11.03152    
   14251.00      -9.305304       11.02495    
   14256.00      -9.189656       11.01839    
   14261.00      -9.085422       11.01183    
   14266.00      -8.990548       11.00527    
   14271.00      -8.903481       10.99873    
   14276.00      -8.823026       10.99218    
   14281.00      -8.748247       10.98565    
   14286.00      -8.678395       10.97912    
   14291.00      -8.612863       10.97260    
   14296.00      -8.551160       10.96608    
   14300.00      -8.504250       10.96087    
   14301.00      -8.492848       10.95957    
   14306.00      -8.437589       10.95307    
   14400.00      -7.733453       10.83193    
   14500.00      -7.323398       10.70539    
   14600.00      -7.095176       10.58119    
   14700.00      -7.040454       10.45928    
   14742.00      -7.100241       10.40875    
   14747.00      -7.112992       10.40276    
   14752.00      -7.127346       10.39677    
   14757.00      -7.143477       10.39079    
   14762.00      -7.161597       10.38482    
   14767.00      -7.181955       10.37885    
   14772.00      -7.204858       10.37289    
   14777.00      -7.230683       10.36693    
   14782.00      -7.259898       10.36098    
   14787.00      -7.293116       10.35503    
   14792.00      -7.331117       10.34909    
   14797.00      -7.374953       10.34315    
   14800.00      -7.404637       10.33960    
   14802.00      -7.426072       10.33722    
   14807.00      -7.486553       10.33130    
   14812.00      -7.559528       10.32538    
   14817.00      -7.650050       10.31947    
   14822.00      -7.767035       10.31356    
   14827.00      -7.928784       10.30766    
   14832.00      -8.183125       10.30176    
   14837.00      -8.761988       10.29587    
   14842.00      -8.669857       11.90261    
   14847.00      -8.119075       11.89646    
   14852.00      -7.849563       11.89031    
   14857.00      -7.666625       11.88416    
   14862.00      -7.526479       11.87802    
   14867.00      -7.411977       11.87189    
   14872.00      -7.314545       11.86576    
   14877.00      -7.229344       11.85963    
   14882.00      -7.153335       11.85351    
   14887.00      -7.084493       11.84740    
   14892.00      -7.021399       11.84129    
   14897.00      -6.963021       11.83519    
   14900.00      -6.929933       11.83153    
   14902.00      -6.908575       11.82909    
   14907.00      -6.857318       11.82299    
   14912.00      -6.809402       11.81690    
   14917.00      -6.763672       11.81082    
   14922.00      -6.720166       11.80474    
   14927.00      -6.678613       11.79867    
   14932.00      -6.638800       11.79260    
   14937.00      -6.600550       11.78653    
   15000.00      -6.208257       11.71057    
   15100.00      -5.760926       11.59160    
   15200.00      -5.412697       11.47459    
   15300.00      -5.120500       11.35947    
   15400.00      -4.865824       11.24621    
   15500.00      -4.640821       11.13479    
   15600.00      -4.435335       11.02515    
   15700.00      -4.247364       10.91724    
   15800.00      -4.074021       10.81102    
   15900.00      -3.913169       10.70645    
   16000.00      -3.748187       10.60320    
   16100.00      -3.607373       10.50086    
   16200.00      -3.475063       10.40005    
   16300.00      -3.350391       10.30072    
   16400.00      -3.232617       10.20284    
   16500.00      -3.121121       10.10639    
   16600.00      -3.015365       10.01134    
   16700.00      -2.914886       9.917647    
   16800.00      -2.819279       9.825300    
   16900.00      -2.728180       9.734264    
   17000.00      -2.641274       9.644513    
   17100.00      -2.558277       9.556022    
   17200.00      -2.478933       9.468766    
   17300.00      -2.403013       9.382722    
   17400.00      -2.330307       9.297864    
   17500.00      -2.260627       9.214169    
   17600.00      -2.193799       9.131616    
   17700.00      -2.129666       9.050181    
   17800.00      -2.068082       8.969847    
   17900.00      -2.008910       8.890588    
   18000.00      -1.952030       8.812385    
   18100.00      -1.897324       8.735219    
   18200.00      -1.844688       8.659072    
   18300.00      -1.794022       8.583923    
   18400.00      -1.745228       8.509755    
   18500.00      -1.687282       8.436376    
   18600.00      -1.641754       8.363505    
   18700.00      -1.597901       8.291547    
   18800.00      -1.555642       8.220487    
   18900.00      -1.514906       8.150306    
   19000.00      -1.475631       8.080992    
   19100.00      -1.437760       8.012528    
   19200.00      -1.401236       7.944902    
   19300.00      -1.385169       7.878191    
   19400.00      -1.351643       7.813217    
   19500.00      -1.319275       7.749071    
   19600.00      -1.288020       7.685739    
   19700.00      -1.257836       7.623206    
   19800.00      -1.228681       7.561460    
   19900.00      -1.200517       7.500485    
   20000.00      -1.173307       7.440269    
   20100.00      -1.147015       7.380800    
   20200.00      -1.121608       7.322064    
   20300.00      -1.097055       7.264050    
   20400.00      -1.073325       7.206745    
   20500.00      -1.050388       7.150137    
   20600.00      -1.028218       7.094215    
   20700.00      -1.006786       7.038967    
   20800.00     -0.9860699       6.984384    
   20900.00     -0.9660429       6.930452    
   21000.00     -0.9466828       6.877162    
   21100.00     -0.9279670       6.824503    
   21200.00     -0.9098744       6.772466    
   21300.00     -0.8923848       6.721040    
   21400.00     -0.8754780       6.670216    
   21500.00     -0.8591356       6.619983    
   21600.00     -0.8433393       6.570333    
   21700.00     -0.8280718       6.521256    
   21800.00     -0.8133168       6.472744    
   21900.00     -0.7990577       6.424787    
   22000.00     -0.7852792       6.377376    
   22100.00     -0.7719666       6.330504    
   22200.00     -0.7591056       6.284162    
   22300.00     -0.7466825       6.238342    
   22400.00     -0.7346839       6.193036    
   22500.00     -0.7230970       6.148235    
   22600.00     -0.7119097       6.103932    
   22700.00     -0.7011099       6.060121    
   22800.00     -0.6906865       6.016793    
   22900.00     -0.6806281       5.973940    
   23000.00     -0.6709242       5.931557    
   23100.00     -0.6615645       5.889635    
   23200.00     -0.6525391       5.848168    
   23300.00     -0.6438386       5.807151    
   23400.00     -0.6354533       5.766575    
   23500.00     -0.6273746       5.726434    
   23600.00     -0.6195937       5.686721    
   23700.00     -0.6121024       5.647432    
   23800.00     -0.6048926       5.608560    
   23900.00     -0.5979562       5.570097    
   24000.00     -0.5912858       5.532040    
   24100.00     -0.5848742       5.494381    
   24200.00     -0.5787143       5.457115    
   24300.00     -0.5727992       5.420238    
   24400.00     -0.5671222       5.383741    
   24500.00     -0.5616770       5.347622    
   24600.00     -0.5546589       5.311862    
   24700.00     -0.5496534       5.276440    
   24800.00     -0.5448623       5.241379    
   24900.00     -0.5402801       5.206675    
