  Element 67: Ho      Atomic mass:  164.9304

  Edge          keV         A
    K        55.6177    0.2229
    L-I       9.3942    1.3198
    L-II      8.9178    1.3903
    L-III     8.0711    1.5362
    M1        2.1283    5.8255
    M2        1.9228    6.4481
    M3        1.7412    7.1206
    M4        1.3915    8.9101
    M5        1.3514    9.1745

Scattering factors as a function of energy: 

   1000.000      -29.02143       9.786136    
   1100.000      -30.70775       9.055165    
   1200.000      -34.02211       8.394039    
   1254.000      -37.77095       8.064120    
   1259.000      -38.29542       8.034527    
   1264.000      -38.87186       8.005080    
   1269.000      -39.50959       7.975783    
   1274.000      -40.22037       7.946632    
   1279.000      -41.01904       7.917628    
   1284.000      -41.92466       7.888769    
   1289.000      -42.96202       7.860054    
   1294.000      -44.16389       7.831482    
   1294.000      -44.16389       7.831482    
   1299.000      -45.57440       7.803053    
   1299.000      -45.57440       7.803053    
   1300.000      -45.88647       7.797385    
   1304.000      -47.25415       7.774766    
   1304.000      -47.25415       7.774766    
   1309.000      -49.28857       7.746620    
   1309.000      -49.28857       7.746620    
   1314.000      -51.80165       7.718613    
   1314.000      -51.80165       7.718613    
   1319.000      -54.98020       7.690746    
   1319.000      -54.98020       7.690746    
   1324.000      -59.11921       7.663016    
   1324.000      -59.11921       7.663016    
   1329.000      -64.71474       7.635425    
   1329.000      -64.71474       7.635425    
   1334.000      -72.67819       7.607969    
   1334.000      -72.67819       7.607969    
   1339.000      -84.92703       7.580650    
   1339.000      -84.92703       7.580650    
   1344.000      -106.5838       7.553465    
   1344.000      -106.5838       7.553465    
   1349.000      -162.3598       7.526414    
   1349.000      -162.3598       7.526414    
   1354.000      -142.8426       179.4054    
   1354.000      -142.8426       179.4054    
   1359.000      -70.94893       147.0414    
   1359.000      -70.94893       147.0414    
   1364.000      -43.93805       121.4035    
   1364.000      -43.93805       121.4035    
   1369.000      -32.45814       100.9880    
   1369.000      -32.45814       100.9880    
   1374.000      -29.87304       84.64746    
   1374.000      -29.87304       84.64746    
   1379.000      -33.45345       71.50236    
   1379.000      -33.45345       71.50236    
   1384.000      -45.76313       60.87490    
   1384.000      -45.76313       60.87490    
   1389.000      -81.61911       52.24041    
   1389.000      -81.61911       52.24041    
   1394.000      -71.51875       162.5839    
   1394.000      -71.51875       162.5839    
   1399.000      -21.05967       135.0019    
   1399.000      -21.05967       135.0019    
   1400.000      -15.90068       130.1868    
   1404.000      -1.848714       112.9080    
   1404.000      -1.848714       112.9080    
   1409.000       7.154743       95.11977    
   1409.000       7.154743       95.11977    
   1414.000       11.22286       80.72609    
   1414.000       11.22286       80.72609    
   1419.000       12.58886       69.02146    
   1419.000       12.58886       69.02146    
   1424.000       12.40257       59.45712    
   1424.000       12.40257       59.45712    
   1429.000       11.31307       51.60422    
   1429.000       11.31307       51.60422    
   1434.000       9.708816       45.12613    
   1434.000       9.708816       45.12613    
   1439.000       7.828561       39.75742    
   1439.000       7.828561       39.75742    
   1444.000       5.821227       35.28790    
   1444.000       5.821227       35.28790    
   1449.000       3.779856       31.55039    
   1449.000       3.779856       31.55039    
   1454.000       1.761960       28.41138    
   1459.000     -0.1967923       25.76377    
   1464.000      -2.081614       23.52133    
   1469.000      -3.876937       21.61436    
   1474.000      -5.581768       19.98628    
   1479.000      -7.196560       18.59097    
   1484.000      -8.724401       17.39075    
   1489.000      -10.16991       16.35467    
   1500.000      -13.08771       14.53395    
   1600.000      -31.59826       9.531073    
   1644.000      -39.76137       9.741879    
   1649.000      -40.83884       9.834049    
   1654.000      -41.96095       9.943110    
   1659.000      -43.13258       10.07042    
   1664.000      -44.35900       10.21756    
   1669.000      -45.64606       10.38638    
   1674.000      -47.00021       10.57899    
   1679.000      -48.42864       10.79786    
   1684.000      -50.05786       11.04591    
   1689.000      -51.65975       11.32638    
   1694.000      -53.36338       11.64288    
   1699.000      -55.18075       11.99968    
   1700.000      -55.55909       12.07631    
   1704.000      -57.12598       12.40171    
   1709.000      -59.21609       12.85460    
   1714.000      -61.47247       13.36486    
   1719.000      -63.92348       13.93998    
   1724.000      -66.61056       14.58858    
   1729.000      -69.60451       15.32063    
   1734.000      -73.06651       16.14765    
   1739.000      -77.72453       17.08298    
   1744.000      -80.49680       22.82768    
   1749.000      -82.35954       23.99083    
   1754.000      -85.32503       25.31753    
   1759.000      -39.04924       26.20636    
   1764.000      -39.58481       26.37123    
   1769.000      -40.27325       26.57132    
   1774.000      -41.09726       26.81115    
   1779.000      -42.05121       27.09597    
   1784.000      -43.13589       27.43184    
   1789.000      -44.35630       27.82577    
   1794.000      -45.72067       28.28586    
   1799.000      -47.23996       28.82155    
   1800.000      -47.56353       28.93868    
   1804.000      -48.92776       29.44378    
   1809.000      -18.05201       30.15447    
   1814.000      -17.87095       30.01642    
   1819.000      -17.70197       29.87984    
   1824.000      -17.54308       29.74471    
   1825.000      -17.51245       29.71785    
   1829.000      -17.39361       29.61101    
   1830.000      -17.36479       29.58443    
   1834.000      -17.25300       29.47871    
   1835.000      -17.22590       29.45242    
   1839.000      -17.12084       29.34780    
   1840.000      -17.09540       29.32178    
   1845.000      -16.97303       29.19251    
   1850.000      -16.85863       29.06457    
   1855.000      -16.75216       28.93796    
   1860.000      -16.65372       28.81265    
   1865.000      -16.56352       28.68863    
   1870.000      -16.48199       28.56588    
   1875.000      -16.40977       28.44437    
   1880.000      -16.34782       28.32410    
   1885.000      -16.29757       28.20504    
   1890.000      -16.26118       28.08719    
   1895.000      -16.24198       27.97052    
   1900.000      -16.24545       27.85501    
   1905.000      -16.28133       27.74067    
   1910.000      -16.36933       27.62745    
   1915.000      -16.55977       27.51537    
   1920.000      -17.07298       27.40440    
   1925.000      -17.11185       29.20449    
   1930.000      -16.28208       29.08055    
   1935.000      -15.86058       28.95807    
   1940.000      -15.55605       28.83702    
   1945.000      -15.30945       28.71740    
   1950.000      -15.09822       28.59918    
   1955.000      -14.91128       28.48234    
   1960.000      -14.74233       28.36686    
   1965.000      -14.58743       28.25272    
   1970.000      -14.44395       28.13990    
   1975.000      -14.31003       28.02839    
   1980.000      -14.18431       27.91816    
   1985.000      -14.06577       27.80920    
   1990.000      -13.95362       27.70149    
   1995.000      -13.84725       27.59501    
   2000.000      -13.74614       27.48976    
   2005.000      -13.64990       27.38570    
   2010.000      -13.55821       27.28284    
   2015.000      -13.47080       27.18115    
   2020.000      -13.38747       27.08063    
   2031.000      -13.21766       26.86348    
   2036.000      -13.14640       26.76657    
   2041.000      -13.07875       26.67076    
   2046.000      -13.01469       26.57604    
   2051.000      -12.95426       26.48240    
   2056.000      -12.89751       26.38983    
   2061.000      -12.84457       26.29831    
   2066.000      -12.79561       26.20784    
   2071.000      -12.75088       26.11840    
   2076.000      -12.71075       26.02999    
   2081.000      -12.67570       25.94258    
   2086.000      -12.64643       25.85618    
   2091.000      -12.62393       25.77076    
   2096.000      -12.60965       25.68633    
   2100.000      -12.60561       25.61949    
   2101.000      -12.60583       25.60287    
   2106.000      -12.61609       25.52038    
   2111.000      -12.64692       25.43884    
   2116.000      -12.71161       25.35825    
   2121.000      -12.84517       25.27859    
   2126.000      -13.21749       25.19986    
   2131.000      -13.09634       26.30473    
   2136.000      -12.64156       26.22514    
   2141.000      -12.39487       26.14650    
   2146.000      -12.21310       26.06879    
   2151.000      -12.06393       25.99201    
   2156.000      -11.93470       25.91616    
   2161.000      -11.81907       25.84122    
   2166.000      -11.71341       25.76718    
   2171.000      -11.61544       25.69405    
   2176.000      -11.52364       25.62181    
   2181.000      -11.43693       25.55047    
   2186.000      -11.35452       25.48000    
   2191.000      -11.27580       25.41041    
   2196.000      -11.20030       25.34169    
   2200.000      -11.14198       25.28734    
   2201.000      -11.12767       25.27384    
   2206.000      -11.05758       25.20684    
   2211.000      -10.98980       25.14070    
   2216.000      -10.92411       25.07541    
   2221.000      -10.86033       25.01096    
   2226.000      -10.79831       24.94734    
   2300.000      -9.314965       23.98751    
   2400.000      -8.404665       22.72313    
   2500.000      -7.366650       21.63336    
   2600.000      -6.725880       20.54142    
   2700.000      -6.202948       19.54444    
   2800.000      -5.507018       18.59674    
   2900.000      -5.147164       17.69350    
   3000.000      -4.949905       16.85344    
   3100.000      -4.703870       16.08553    
   3200.000      -4.502169       15.37079    
   3300.000      -4.337918       14.70424    
   3400.000      -4.205415       14.08150    
   3500.000      -4.104743       13.49880    
   3600.000      -4.023357       12.95329    
   3700.000      -3.961943       12.44134    
   3800.000      -3.917859       11.96015    
   3900.000      -3.895432       11.50774    
   4000.000      -3.880215       11.08186    
   4100.000      -3.876580       10.68009    
   4200.000      -3.883209       10.30057    
   4300.000      -3.902409       9.941839    
   4400.000      -3.926575       9.602468    
   4500.000      -3.958122       9.280841    
   4600.000      -3.996388       8.975704    
   4700.000      -4.040821       8.685919    
   4800.000      -4.090965       8.410440    
   4900.000      -4.146450       8.148317    
   5000.000      -4.206976       7.898675    
   5100.000      -4.272318       7.660711    
   5200.000      -4.342308       7.433687    
   5300.000      -4.416838       7.216923    
   5400.000      -4.495853       7.009795    
   5500.000      -4.579355       6.811723    
   5600.000      -4.667394       6.622173    
   5700.000      -4.760078       6.440650    
   5800.000      -4.861702       6.266740    
   5900.000      -4.971016       6.100186    
   6000.000      -5.078792       5.940559    
   6100.000      -5.199492       5.787546    
   6200.000      -5.318948       5.640644    
   6300.000      -5.445039       5.499422    
   6400.000      -5.578424       5.363583    
   6500.000      -5.723841       5.232895    
   6600.000      -5.874406       5.107097    
   6700.000      -6.035231       4.985898    
   6800.000      -6.207792       4.869071    
   6900.000      -6.393933       4.756403    
   7000.000      -6.595999       4.647693    
   7100.000      -6.817021       4.542752    
   7200.000      -7.061019       4.441403    
   7300.000      -7.333474       4.343480    
   7400.000      -7.642140       4.248827    
   7500.000      -7.998528       4.157294    
   7600.000      -8.431831       4.068984    
   7700.000      -8.951410       3.983718    
   7800.000      -9.629880       3.901171    
   7900.000      -10.61763       3.821226    
   7974.000      -11.83037       3.763675    
   7979.000      -11.94364       3.759835    
   7984.000      -12.06327       3.756000    
   7989.000      -12.19002       3.752172    
   7994.000      -12.32480       3.748350    
   7999.000      -12.46869       3.744533    
   8000.000      -12.49867       3.743771    
   8004.000      -12.62299       3.740723    
   8009.000      -12.78938       3.736918    
   8014.000      -12.96985       3.733119    
   8019.000      -13.16704       3.729327    
   8024.000      -13.38431       3.725540    
   8029.000      -13.62623       3.721759    
   8034.000      -13.89906       3.717984    
   8039.000      -14.21175       3.714216    
   8044.000      -14.57804       3.710452    
   8049.000      -15.01989       3.706695    
   8054.000      -15.57649       3.702943    
   8059.000      -16.32842       3.699197    
   8064.000      -17.48992       3.695457    
   8069.000      -20.15112       3.691723    
   8074.000      -19.45792       10.59048    
   8079.000      -17.24146       10.57419    
   8084.000      -16.15369       10.55799    
   8089.000      -15.42548       10.54187    
   8094.000      -14.87723       10.52582    
   8099.000      -14.43741       10.50986    
   8100.000      -14.35895       10.50667    
   8104.000      -14.07023       10.49398    
   8109.000      -13.75517       10.47817    
   8114.000      -13.47935       10.46245    
   8119.000      -13.23419       10.44680    
   8124.000      -13.01367       10.43123    
   8129.000      -12.81332       10.41574    
   8134.000      -12.62988       10.40033    
   8139.000      -12.46078       10.38499    
   8144.000      -12.30403       10.36973    
   8149.000      -12.15801       10.35455    
   8154.000      -12.02141       10.33944    
   8159.000      -11.89315       10.32441    
   8164.000      -11.77235       10.30945    
   8169.000      -11.65821       10.29457    
   8200.000      -11.06897       10.20395    
   8300.000      -9.904142       9.930036    
   8400.000      -9.283026       9.682421    
   8500.000      -8.931190       9.458622    
   8600.000      -8.781960       9.256494    
   8700.000      -8.836038       9.074271    
   8800.000      -9.209621       8.910418    
   8820.000      -9.358818       8.879732    
   8825.000      -9.402874       8.872166    
   8830.000      -9.450199       8.864640    
   8835.000      -9.501164       8.857158    
   8840.000      -9.556210       8.849716    
   8845.000      -9.615865       8.842316    
   8850.000      -9.680772       8.834957    
   8855.000      -9.751709       8.827641    
   8860.000      -9.829691       8.820363    
   8865.000      -9.915963       8.813127    
   8870.000      -10.01216       8.805931    
   8875.000      -10.12047       8.798776    
   8880.000      -10.24389       8.791661    
   8885.000      -10.38669       8.784587    
   8890.000      -10.55529       8.777553    
   8895.000      -10.75996       8.770558    
   8900.000      -11.01862       8.763593    
   8905.000      -11.36653       8.755280    
   8910.000      -11.89599       8.746979    
   8915.000      -13.00587       8.738688    
   8920.000      -13.26799       12.18805    
   8925.000      -11.94601       12.17487    
   8930.000      -11.35031       12.16173    
   8935.000      -10.95795       12.14861    
   8940.000      -10.66350       12.13552    
   8945.000      -10.42684       12.12245    
   8950.000      -10.22850       12.10942    
   8955.000      -10.05744       12.09640    
   8960.000      -9.906842       12.08342    
   8965.000      -9.772163       12.07046    
   8970.000      -9.650245       12.05753    
   8975.000      -9.538794       12.04462    
   8980.000      -9.436111       12.03174    
   8985.000      -9.340841       12.01889    
   8990.000      -9.251968       12.00606    
   8995.000      -9.168668       11.99326    
   9000.000      -9.090267       11.98049    
   9005.000      -9.016214       11.96774    
   9010.000      -8.946050       11.95501    
   9015.000      -8.879386       11.94232    
   9100.000      -8.081142       11.73033    
   9200.000      -7.578029       11.48994    
   9297.000      -7.421097       11.26560    
   9300.000      -7.423469       11.25879    
   9302.000      -7.425406       11.25426    
   9307.000      -7.431573       11.24294    
   9312.000      -7.439786       11.23165    
   9317.000      -7.450264       11.22038    
   9322.000      -7.463273       11.20913    
   9327.000      -7.479141       11.19790    
   9332.000      -7.498271       11.18669    
   9337.000      -7.521167       11.17550    
   9342.000      -7.548477       11.16434    
   9347.000      -7.581041       11.15320    
   9352.000      -7.619988       11.14207    
   9357.000      -7.667065       11.13097    
   9362.000      -7.723990       11.11989    
   9367.000      -7.794627       11.10884    
   9372.000      -7.884314       11.09780    
   9377.000      -8.002738       11.08678    
   9382.000      -8.169783       11.07579    
   9387.000      -8.437933       11.06481    
   9392.000      -9.067738       11.05386    
   9397.000      -8.916597       12.77152    
   9400.000      -8.503256       12.76467    
   9402.000      -8.331771       12.76011    
   9407.000      -8.038497       12.74872    
   9412.000      -7.836514       12.73735    
   9417.000      -7.679978       12.72600    
   9422.000      -7.550766       12.71467    
   9427.000      -7.439839       12.70336    
   9432.000      -7.342034       12.69207    
   9437.000      -7.254119       12.68080    
   9442.000      -7.173939       12.66955    
   9447.000      -7.099993       12.65833    
   9452.000      -7.031154       12.64712    
   9457.000      -6.966607       12.63593    
   9462.000      -6.905716       12.62476    
   9467.000      -6.847980       12.61361    
   9472.000      -6.792996       12.60248    
   9477.000      -6.740438       12.59137    
   9482.000      -6.690034       12.58027    
   9487.000      -6.641561       12.56920    
   9492.000      -6.594836       12.55815    
   9500.000      -6.523283       12.54051    
   9600.000      -5.830191       12.32407    
   9700.000      -5.326464       12.11497    
   9800.000      -4.917689       11.91283    
   9900.000      -4.570215       11.71733    
   10000.00      -4.267158       11.52815    
   10100.00      -3.998438       11.34500    
   10200.00      -3.757382       11.16761    
   10300.00      -3.539244       10.99571    
   10400.00      -3.340493       10.82907    
   10500.00      -3.171454       10.66757    
   10600.00      -3.004435       10.51210    
   10700.00      -2.850019       10.36134    
   10800.00      -2.706740       10.21510    
   10900.00      -2.573372       10.07319    
   11000.00      -2.448864       9.935450    
   11100.00      -2.332319       9.801705    
   11200.00      -2.222958       9.671812    
   11300.00      -2.120095       9.545623    
   11400.00      -2.023130       9.423005    
   11500.00      -1.931529       9.303827    
   11600.00      -1.697573       9.187083    
   11700.00      -1.610176       9.061290    
   11800.00      -1.527699       8.938007    
   11900.00      -1.449803       8.817167    
   12000.00      -1.376188       8.698702    
   12100.00      -1.306581       8.582549    
   12200.00      -1.240740       8.468648    
   12300.00      -1.193580       8.358025    
   12400.00      -1.135073       8.249747    
   12500.00      -1.079619       8.143606    
   12600.00      -1.027039       8.039544    
   12700.00     -0.9771665       7.937508    
   12800.00     -0.9298478       7.837442    
   12900.00     -0.8849413       7.739297    
   13000.00     -0.8423139       7.643021    
   13100.00     -0.8018430       7.548567    
   13200.00     -0.7634140       7.455888    
   13300.00     -0.7269194       7.364939    
   13400.00     -0.6922596       7.275678    
   13500.00     -0.6593406       7.188059    
   13600.00     -0.6280748       7.102044    
   13700.00     -0.5983804       7.017593    
   13800.00     -0.5701796       6.934667    
   13900.00     -0.5434002       6.853229    
   14000.00     -0.5179735       6.773242    
   14100.00     -0.4938356       6.694672    
   14200.00     -0.4709259       6.617486    
   14300.00     -0.4491867       6.541650    
   14400.00     -0.4285647       6.467132    
   14500.00     -0.4090083       6.393901    
   14600.00     -0.3904695       6.321927    
   14700.00     -0.3729028       6.251182    
   14800.00     -0.3562646       6.181636    
   14900.00     -0.3405142       6.113263    
   15000.00     -0.3256127       6.046035    
   15100.00     -0.3115231       5.979928    
   15200.00     -0.2982107       5.914915    
   15300.00     -0.2856420       5.850971    
   15400.00     -0.2737856       5.788075    
   15500.00     -0.2626113       5.726201    
   15600.00     -0.2520905       5.665328    
   15700.00     -0.2421962       5.605435    
   15800.00     -0.2329022       5.546499    
   15900.00     -0.2241841       5.488500    
   16000.00     -0.2160182       5.431418    
   16100.00     -0.2083820       5.375234    
   16200.00     -0.2033312       5.319968    
   16300.00     -0.1967000       5.265594    
   16400.00     -0.1905351       5.212059    
   16500.00     -0.1848179       5.159350    
   16600.00     -0.1795307       5.107447    
   16700.00     -0.1746566       5.056334    
   16800.00     -0.1701793       5.005996    
   16900.00     -0.1660832       4.956416    
   17000.00     -0.1623535       4.907578    
   17100.00     -0.1589759       4.859468    
   17200.00     -0.1559370       4.812072    
   17300.00     -0.1532236       4.765375    
   17400.00     -0.1508231       4.719362    
   17500.00     -0.1487237       4.674020    
   17600.00     -0.1469139       4.629337    
   17700.00     -0.1453826       4.585299    
   17800.00     -0.1441194       4.541895    
   17900.00     -0.1477555       4.499203    
   18000.00     -0.1470189       4.457170    
   18100.00     -0.1465174       4.415733    
   18200.00     -0.1462422       4.374882    
   18300.00     -0.1461847       4.334606    
   18400.00     -0.1463367       4.294892    
   18500.00     -0.1466903       4.255731    
   18600.00     -0.1472381       4.217111    
   18700.00     -0.1479728       4.179024    
   18800.00     -0.1506036       4.141465    
   18900.00     -0.1517070       4.104463    
   19000.00     -0.1529760       4.067964    
   19100.00     -0.1544043       4.031958    
   19200.00     -0.1559860       3.996438    
   19300.00     -0.1577153       3.961395    
   19400.00     -0.1595869       3.926819    
   19500.00     -0.1615954       3.892702    
   19600.00     -0.1637356       3.859035    
   19700.00     -0.1660028       3.825812    
   19800.00     -0.1683920       3.793024    
   19900.00     -0.1708990       3.760663    
   20000.00     -0.1735191       3.728721    
   20100.00     -0.1762483       3.697192    
   20200.00     -0.1790825       3.666068    
   20300.00     -0.1820177       3.635343    
   20400.00     -0.1850503       3.605008    
   20500.00     -0.1881766       3.575058    
   20600.00     -0.1913930       3.545486    
   20700.00     -0.1946962       3.516286    
   20800.00     -0.1980830       3.487451    
   20900.00     -0.2015503       3.458975    
   21000.00     -0.2050951       3.430852    
   21100.00     -0.2087143       3.403076    
   21200.00     -0.2124053       3.375641    
   21300.00     -0.2161653       3.348543    
   21400.00     -0.2199918       3.321774    
   21500.00     -0.2238822       3.295329    
   21600.00     -0.2278341       3.269204    
   21700.00     -0.2318453       3.243394    
   21800.00     -0.2359132       3.217892    
   21900.00     -0.2400360       3.192695    
   22000.00     -0.2442115       3.167796    
   22100.00     -0.2484377       3.143192    
   22200.00     -0.2527126       3.118878    
   22300.00     -0.2570342       3.094849    
   22400.00     -0.2614010       3.071100    
   22500.00     -0.2658111       3.047627    
   22600.00     -0.2702627       3.024427    
   22700.00     -0.2747545       3.001493    
   22800.00     -0.2792845       2.978824    
   22900.00     -0.2838516       2.956413    
   23000.00     -0.2884541       2.934258    
   23100.00     -0.2930907       2.912354    
   23200.00     -0.2977597       2.890698    
   23300.00     -0.3026122       2.869286    
   23400.00     -0.3073424       2.848114    
   23500.00     -0.3121023       2.827178    
   23600.00     -0.3168900       2.806475    
   23700.00     -0.3217045       2.786002    
   23800.00     -0.3265446       2.765755    
   23900.00     -0.3314093       2.745730    
   24000.00     -0.3362977       2.725925    
   24100.00     -0.3412087       2.706335    
   24200.00     -0.3461414       2.686959    
   24300.00     -0.3510949       2.667792    
   24400.00     -0.3560685       2.648832    
   24500.00     -0.3610612       2.630075    
   24600.00     -0.3660724       2.611520    
   24700.00     -0.3711012       2.593162    
   24800.00     -0.3761469       2.574999    
   24900.00     -0.3812089       2.557029    
