  Element 53: I       Atomic mass:  126.9045

  Edge          keV         A
    K        33.1694    0.3738
    L-I       5.1881    2.3898
    L-II      4.8521    2.5553
    L-III     4.5571    2.7207
    M1        1.0721   11.5646

Scattering factors as a function of energy: 

   1000.000      -15.31671       26.61048    
   1100.000      -12.55111       25.05115    
   1200.000      -9.986757       22.67959    
   1300.000      -8.377660       20.62655    
   1400.000      -7.203461       18.83679    
   1500.000      -6.432931       17.24355    
   1600.000      -5.884619       15.85326    
   1700.000      -5.447458       14.63239    
   1800.000      -5.129844       13.54583    
   1900.000      -4.904111       12.57451    
   2000.000      -4.750265       11.70260    
   2100.000      -4.653590       10.91691    
   2200.000      -4.611794       10.20760    
   2300.000      -4.599665       9.565207    
   2400.000      -4.636938       8.981938    
   2500.000      -4.734031       8.451145    
   2600.000      -4.839309       7.972680    
   2700.000      -4.925865       7.534489    
   2800.000      -5.031466       7.131230    
   2900.000      -5.155738       6.759217    
   3000.000      -5.299342       6.415253    
   3100.000      -5.449497       6.105425    
   3200.000      -5.615050       5.818328    
   3300.000      -5.797166       5.551720    
   3400.000      -5.997615       5.303631    
   3500.000      -6.223170       5.072339    
   3600.000      -6.469448       4.856684    
   3700.000      -6.744793       4.655011    
   3800.000      -7.060187       4.466340    
   3900.000      -7.417224       4.289445    
   4000.000      -7.834266       4.123285    
   4100.000      -8.334364       3.966983    
   4200.000      -8.957376       3.819750    
   4300.000      -9.782061       3.680877    
   4400.000      -11.00480       3.549726    
   4460.000      -12.18286       3.474499    
   4465.000      -12.31147       3.468342    
   4470.000      -12.44709       3.462203    
   4475.000      -12.59059       3.456080    
   4480.000      -12.74293       3.449974    
   4485.000      -12.90531       3.443885    
   4490.000      -13.07915       3.437813    
   4495.000      -13.26628       3.431757    
   4500.000      -13.46890       3.425718    
   4505.000      -13.68989       3.419695    
   4510.000      -13.93294       3.413689    
   4515.000      -14.20302       3.407700    
   4520.000      -14.50706       3.401726    
   4525.000      -14.85492       3.395769    
   4530.000      -15.26155       3.389828    
   4535.000      -15.75106       3.383904    
   4540.000      -16.36658       3.377995    
   4545.000      -17.19658       3.372103    
   4550.000      -18.47642       3.366226    
   4555.000      -21.40366       3.360366    
   4560.000      -20.63387       10.93604    
   4565.000      -18.20012       10.90847    
   4570.000      -17.00900       10.88105    
   4575.000      -16.21478       10.85378    
   4580.000      -15.61936       10.82667    
   4585.000      -15.14409       10.79971    
   4590.000      -14.74952       10.77289    
   4595.000      -14.41306       10.74623    
   4600.000      -14.12049       10.71972    
   4605.000      -13.86235       10.69335    
   4610.000      -13.63200       10.66713    
   4615.000      -13.42460       10.64106    
   4620.000      -13.23649       10.61513    
   4625.000      -13.06487       10.58934    
   4630.000      -12.90756       10.56370    
   4635.000      -12.76278       10.53819    
   4640.000      -12.62914       10.51283    
   4645.000      -12.50547       10.48761    
   4650.000      -12.39229       10.46252    
   4655.000      -12.28572       10.43758    
   4700.000      -11.60882       10.21911    
   4755.000      -11.29736       9.966108    
   4760.000      -11.29578       9.943837    
   4765.000      -11.29934       9.921685    
   4770.000      -11.30836       9.899649    
   4775.000      -11.32329       9.877728    
   4780.000      -11.34465       9.855925    
   4785.000      -11.37304       9.834237    
   4790.000      -11.40937       9.812661    
   4795.000      -11.45466       9.791199    
   4800.000      -11.51029       9.769850    
   4805.000      -11.57804       9.748613    
   4810.000      -11.66036       9.727487    
   4815.000      -11.76063       9.706470    
   4820.000      -11.88371       9.685564    
   4825.000      -12.03699       9.664768    
   4830.000      -12.23248       9.644078    
   4835.000      -12.49151       9.623496    
   4840.000      -12.85804       9.603021    
   4845.000      -13.44897       9.582653    
   4850.000      -14.85978       9.562389    
   4855.000      -14.43379       13.31007    
   4860.000      -13.18222       13.28032    
   4865.000      -12.54851       13.25073    
   4870.000      -12.11244       13.22130    
   4875.000      -11.77576       13.19203    
   4880.000      -11.49932       13.16292    
   4885.000      -11.26354       13.13396    
   4890.000      -11.05717       13.10516    
   4895.000      -10.87312       13.07651    
   4900.000      -10.70668       13.04801    
   4905.000      -10.55455       13.01967    
   4910.000      -10.41429       12.99148    
   4915.000      -10.28407       12.96344    
   4920.000      -10.16249       12.93555    
   4925.000      -10.04844       12.90780    
   4930.000      -9.941034       12.88021    
   4935.000      -9.839529       12.85276    
   4940.000      -9.743336       12.82546    
   4945.000      -9.651954       12.79830    
   4950.000      -9.564971       12.77129    
   5000.000      -8.877488       12.50884    
   5091.000      -8.203444       12.06500    
   5096.000      -8.185692       12.04180    
   5100.000      -8.173639       12.02333    
   5101.000      -8.170888       12.01872    
   5106.000      -8.158774       11.99576    
   5111.000      -8.149566       11.97292    
   5116.000      -8.143525       11.95019    
   5121.000      -8.140981       11.92758    
   5126.000      -8.142342       11.90508    
   5131.000      -8.148128       11.88270    
   5136.000      -8.159010       11.86043    
   5141.000      -8.175865       11.83828    
   5146.000      -8.199883       11.81624    
   5151.000      -8.232704       11.79431    
   5156.000      -8.276700       11.77249    
   5161.000      -8.335455       11.75079    
   5166.000      -8.414795       11.72919    
   5171.000      -8.525075       11.70770    
   5176.000      -8.687625       11.68632    
   5181.000      -8.959172       11.66504    
   5186.000      -9.628407       11.64388    
   5191.000      -9.405944       13.44868    
   5196.000      -8.786820       13.42663    
   5200.000      -8.519989       13.40907    
   5201.000      -8.465951       13.40469    
   5206.000      -8.240343       13.38285    
   5211.000      -8.062492       13.36112    
   5216.000      -7.913558       13.33950    
   5221.000      -7.784095       13.31797    
   5226.000      -7.668702       13.29655    
   5231.000      -7.563962       13.27523    
   5236.000      -7.467618       13.25402    
   5241.000      -7.378073       13.23290    
   5246.000      -7.294171       13.21189    
   5251.000      -7.215021       13.19097    
   5256.000      -7.139952       13.17016    
   5261.000      -7.068432       13.14944    
   5266.000      -7.000038       13.12883    
   5271.000      -6.934407       13.10830    
   5276.000      -6.871256       13.08788    
   5281.000      -6.810343       13.06756    
   5286.000      -6.751467       13.04733    
   5300.000      -6.596007       12.99119    
   5400.000      -5.734978       12.61100    
   5500.000      -5.110354       12.26456    
   5600.000      -4.614286       11.94846    
   5700.000      -4.202726       11.65977    
   5800.000      -3.851415       11.39593    
   5900.000      -3.544928       11.15470    
   6000.000      -2.942426       10.89210    
   6100.000      -2.682032       10.63111    
   6200.000      -2.449108       10.38359    
   6300.000      -2.239141       10.14867    
   6400.000      -1.884210       9.901636    
   6500.000      -1.703465       9.661774    
   6600.000      -1.539826       9.430550    
   6700.000      -1.391325       9.207546    
   6800.000      -1.257573       8.992477    
   6900.000      -1.134662       8.784969    
   7000.000      -1.022548       8.584594    
   7100.000     -0.9201646       8.391023    
   7200.000     -0.8265788       8.203949    
   7300.000     -0.7409713       8.023080    
   7400.000     -0.6626204       7.848143    
   7500.000     -0.5908855       7.678877    
   7600.000     -0.5251972       7.515037    
   7700.000     -0.4650475       7.356390    
   7800.000     -0.4099817       7.202717    
   7900.000     -0.3595927       7.053812    
   8000.000     -0.3135145       6.909475    
   8100.000     -0.2714184       6.769520    
   8200.000     -0.2330105       6.633771    
   8300.000     -0.1980277       6.502057    
   8400.000     -0.1662392       6.374221    
   8500.000     -0.1374462       6.250108    
   8600.000     -0.1114912       6.129575    
   8700.000     -8.8277943E-02   6.012486    
   8800.000     -6.7833453E-02   5.898706    
   8900.000     -5.0548080E-02   5.788115    
   9000.000     -3.2728668E-02   5.681637    
   9100.000     -1.6771734E-02   5.578114    
   9200.000     -2.6619299E-03   5.477451    
   9300.000      1.0018776E-02   5.379540    
   9400.000      2.1254888E-02   5.284280    
   9500.000      3.1141499E-02   5.191572    
   9600.000      3.9768968E-02   5.101325    
   9700.000      4.7221374E-02   5.013452    
   9800.000      5.2910678E-02   4.927903    
   9900.000      5.8184061E-02   4.844572    
   10000.00      6.2504649E-02   4.763377    
   10100.00      6.5935023E-02   4.684247    
   10200.00      6.8533413E-02   4.607110    
   10300.00      7.0354037E-02   4.531898    
   10400.00      7.0721656E-02   4.458558    
   10500.00      7.1094655E-02   4.387047    
   10600.00      7.0833459E-02   4.317279    
   10700.00      6.9979027E-02   4.249197    
   10800.00      6.8569586E-02   4.182746    
   10900.00      6.6640854E-02   4.117874    
   11000.00      6.4226136E-02   4.054529    
   11100.00      6.1356638E-02   3.992664    
   11200.00      5.8061536E-02   3.932232    
   11300.00      5.4368056E-02   3.873188    
   11400.00      5.0301801E-02   3.815491    
   11500.00      4.5886602E-02   3.759097    
   11600.00      4.1144777E-02   3.703967    
   11700.00      3.5881240E-02   3.650067    
   11800.00      3.0546786E-02   3.597357    
   11900.00      2.4658252E-02   3.545803    
   12000.00      1.8805318E-02   3.495371    
   12100.00      1.2719214E-02   3.446027    
   12200.00      6.4151874E-03   3.397740    
   12300.00     -9.2572431E-05   3.350477    
   12400.00     -6.7904983E-03   3.304212    
   12500.00     -1.3666088E-02   3.258914    
   12600.00     -2.0707410E-02   3.214558    
   12700.00     -2.7903240E-02   3.171116    
   12800.00     -3.5243236E-02   3.128563    
   12900.00     -4.2717397E-02   3.086875    
   13000.00     -5.0316609E-02   3.046028    
   13100.00     -5.8032084E-02   3.006000    
   13200.00     -6.5855555E-02   2.966768    
   13300.00     -7.3779479E-02   2.928310    
   13400.00     -8.1796452E-02   2.890607    
   13500.00     -8.9899831E-02   2.853639    
   13600.00     -9.8083131E-02   2.817385    
   13700.00     -0.1063403       2.781829    
   13800.00     -0.1146657       2.746951    
   13900.00     -0.1230540       2.712734    
   14000.00     -0.1315003       2.679162    
   14100.00     -0.1399999       2.646218    
   14200.00     -0.1485482       2.613886    
   14300.00     -0.1571413       2.582151    
   14400.00     -0.1657751       2.550998    
   14500.00     -0.1744462       2.520413    
   14600.00     -0.1831510       2.490382    
   14700.00     -0.1918863       2.460891    
   14800.00     -0.2006493       2.431928    
   14900.00     -0.2094368       2.403479    
   15000.00     -0.2182466       2.375533    
   15100.00     -0.2270761       2.348077    
   15200.00     -0.2359228       2.321100    
   15300.00     -0.2447849       2.294591    
   15400.00     -0.2536601       2.268538    
   15500.00     -0.2625467       2.242932    
   15600.00     -0.2714431       2.217762    
   15700.00     -0.2803474       2.193017    
   15800.00     -0.2892584       2.168689    
   15900.00     -0.2981745       2.144768    
   16000.00     -0.3070947       2.121245    
   16100.00     -0.3160176       2.098110    
   16200.00     -0.3249424       2.075356    
   16300.00     -0.3338677       2.052973    
   16400.00     -0.3427936       2.030954    
   16500.00     -0.3536679       2.009305    
   16600.00     -0.3625879       1.988007    
   16700.00     -0.3715052       1.967050    
   16800.00     -0.3804191       1.946427    
   16900.00     -0.3893296       1.926128    
   17000.00     -0.3982359       1.906149    
   17100.00     -0.4071378       1.886482    
   17200.00     -0.4160350       1.867121    
   17300.00     -0.4249271       1.848059    
   17400.00     -0.4338146       1.829290    
   17500.00     -0.4441447       1.810812    
   17600.00     -0.4530208       1.792623    
   17700.00     -0.4618888       1.774710    
   17800.00     -0.4707508       1.757067    
   17900.00     -0.4796073       1.739688    
   18000.00     -0.4884581       1.722568    
   18100.00     -0.4973035       1.705702    
   18200.00     -0.5061436       1.689084    
   18300.00     -0.5149785       1.672710    
   18400.00     -0.5238087       1.656575    
   18500.00     -0.5326344       1.640674    
   18600.00     -0.5414557       1.625003    
   18700.00     -0.5502732       1.609556    
   18800.00     -0.5590871       1.594332    
   18900.00     -0.5678979       1.579323    
   19000.00     -0.5767061       1.564527    
   19100.00     -0.5855121       1.549939    
   19200.00     -0.5943164       1.535556    
   19300.00     -0.6031194       1.521374    
   19400.00     -0.6119220       1.507389    
   19500.00     -0.6207247       1.493596    
   19600.00     -0.6295283       1.479994    
   19700.00     -0.6383365       1.466577    
   19800.00     -0.6490917       1.453359    
   19900.00     -0.6578974       1.440334    
   20000.00     -0.6667030       1.427485    
   20100.00     -0.6755121       1.414809    
   20200.00     -0.6843253       1.402302    
   20300.00     -0.6931435       1.389961    
   20400.00     -0.7019680       1.377784    
   20500.00     -0.7107993       1.365767    
   20600.00     -0.7196384       1.353907    
   20700.00     -0.7284861       1.342203    
   20800.00     -0.7373431       1.330650    
   20900.00     -0.7462104       1.319247    
   21000.00     -0.7550836       1.307991    
   21100.00     -0.7657067       1.296898    
   21200.00     -0.7746062       1.285952    
   21300.00     -0.7835211       1.275146    
   21400.00     -0.7924520       1.264476    
   21500.00     -0.8013995       1.253941    
   21600.00     -0.8103648       1.243538    
   21700.00     -0.8193491       1.233264    
   21800.00     -0.8283534       1.223119    
   21900.00     -0.8373793       1.213099    
   22000.00     -0.8464278       1.203202    
   22100.00     -0.8555003       1.193427    
   22200.00     -0.8645980       1.183771    
   22300.00     -0.8737221       1.174233    
   22400.00     -0.8828735       1.164810    
   22500.00     -0.8945905       1.155507    
   22600.00     -0.9039800       1.146344    
   22700.00     -0.9132267       1.137291    
   22800.00     -0.9225089       1.128346    
   22900.00     -0.9321432       1.119508    
   23000.00     -0.9414986       1.110775    
   23100.00     -0.9508908       1.102146    
   23200.00     -0.9603232       1.093618    
   23300.00     -0.9697975       1.085190    
   23400.00     -0.9793160       1.076859    
   23500.00     -0.9888805       1.068626    
   23600.00     -0.9984929       1.060487    
   23700.00      -1.008155       1.052442    
   23800.00      -1.017869       1.044489    
   23900.00      -1.027638       1.036627    
   24000.00      -1.037462       1.028855    
   24100.00      -1.047346       1.021170    
   24200.00      -1.057290       1.013572    
   24300.00      -1.067297       1.006059    
   24400.00      -1.077370      0.9986305    
   24500.00      -1.087512      0.9912846    
   24600.00      -1.097724      0.9840202    
   24700.00      -1.108010      0.9768362    
   24800.00      -1.118373      0.9697314    
   24900.00      -1.128815      0.9627044    
