  Element 57: La      Atomic mass:  138.9055

  Edge          keV         A
    K        38.9246    0.3185
    L-I       6.2663    1.9786
    L-II      5.8906    2.1048
    L-III     5.4827    2.2614
    M1        1.3613    9.1078
    M2        1.2044   10.2943
    M3        1.1234   11.0365

Scattering factors as a function of energy: 

   1000.000      -24.96307       29.59826    
   1100.000      -22.25756       25.92503    
   1107.000      -22.48213       25.69872    
   1112.000      -22.79250       25.53925    
   1117.000      -23.38892       25.38154    
   1122.000      -25.23669       25.22559    
   1127.000      -23.80648       29.22736    
   1132.000      -22.49248       29.03289    
   1137.000      -21.74471       28.84172    
   1142.000      -21.20348       28.65377    
   1147.000      -20.77392       28.46897    
   1152.000      -20.41684       28.28724    
   1157.000      -20.11247       28.10851    
   1162.000      -19.84985       27.93271    
   1167.000      -19.62278       27.75976    
   1172.000      -19.42824       27.58962    
   1177.000      -19.26581       27.42221    
   1182.000      -19.13821       27.25747    
   1187.000      -19.05294       27.09535    
   1192.000      -19.02818       26.93580    
   1197.000      -19.11442       26.77875    
   1200.000      -19.29020       26.68570    
   1202.000      -19.55715       26.62416    
   1207.000      -19.31371       28.26664    
   1212.000      -18.51269       28.09752    
   1217.000      -18.05024       27.93149    
   1222.000      -17.69632       27.76847    
   1227.000      -17.39950       27.60840    
   1232.000      -17.13937       27.45121    
   1237.000      -16.90562       27.29683    
   1242.000      -16.69221       27.14522    
   1247.000      -16.49529       26.99630    
   1252.000      -16.31223       26.85002    
   1257.000      -16.14113       26.70632    
   1262.000      -15.98059       26.56517    
   1264.000      -15.91911       26.50940    
   1267.000      -15.82956       26.42649    
   1269.000      -15.77160       26.37171    
   1272.000      -15.68719       26.29026    
   1274.000      -15.63252       26.23643    
   1277.000      -15.55285       26.15641    
   1279.000      -15.50125       26.10353    
   1282.000      -15.42606       26.02491    
   1284.000      -15.37737       25.97296    
   1287.000      -15.30644       25.89571    
   1289.000      -15.26054       25.84467    
   1292.000      -15.19374       25.76878    
   1294.000      -15.15056       25.71863    
   1297.000      -15.08780       25.64406    
   1299.000      -15.04731       25.59479    
   1300.000      -15.02747       25.57029    
   1302.000      -14.98859       25.52153    
   1304.000      -14.95080       25.47312    
   1309.000      -14.86116       25.35359    
   1314.000      -14.77870       25.23615    
   1319.000      -14.70390       25.12077    
   1324.000      -14.63760       25.00743    
   1329.000      -14.58106       24.89608    
   1334.000      -14.53633       24.78671    
   1339.000      -14.50683       24.67928    
   1344.000      -14.49873       24.57376    
   1349.000      -14.52485       24.47012    
   1354.000      -14.61902       24.36835    
   1359.000      -14.94587       24.26841    
   1364.000      -14.79456       25.31745    
   1369.000      -14.32161       25.21927    
   1374.000      -14.05124       25.12289    
   1379.000      -13.84458       25.02826    
   1384.000      -13.67032       24.93538    
   1389.000      -13.51610       24.84423    
   1394.000      -13.37577       24.75478    
   1399.000      -13.24575       24.66702    
   1400.000      -13.22077       24.64967    
   1404.000      -13.12367       24.58093    
   1409.000      -12.71174       24.49284    
   1414.000      -12.59986       24.40470    
   1419.000      -12.49279       24.31814    
   1424.000      -12.38988       24.23317    
   1429.000      -12.29063       24.14976    
   1434.000      -11.96813       24.06787    
   1439.000      -11.87319       23.98355    
   1444.000      -11.78148       23.90075    
   1449.000      -11.69227       23.81944    
   1454.000      -11.60537       23.73963    
   1459.000      -11.52059       23.66131    
   1500.000      -10.28585       22.91229    
   1600.000      -8.612789       21.24186    
   1700.000      -7.534489       19.67104    
   1800.000      -6.702948       18.26785    
   1900.000      -6.160674       17.00593    
   2000.000      -5.677538       15.87190    
   2100.000      -5.306089       14.84572    
   2200.000      -5.022845       13.91392    
   2300.000      -4.837223       13.06858    
   2400.000      -4.683382       12.29989    
   2500.000      -4.592775       11.59989    
   2600.000      -4.524515       10.95841    
   2700.000      -4.488548       10.36876    
   2800.000      -4.486096       9.826266    
   2900.000      -4.503703       9.325604    
   3000.000      -4.545730       8.862338    
   3100.000      -4.590242       8.442252    
   3200.000      -4.648667       8.052469    
   3300.000      -4.719710       7.690064    
   3400.000      -4.807551       7.352631    
   3500.000      -4.902124       7.038065    
   3600.000      -5.007429       6.744106    
   3700.000      -5.122990       6.468942    
   3800.000      -5.249140       6.210947    
   3900.000      -5.386808       5.968681    
   4000.000      -5.535716       5.740861    
   4100.000      -5.697333       5.526314    
   4200.000      -5.873026       5.323997    
   4300.000      -6.064620       5.132967    
   4400.000      -6.274519       4.952379    
   4500.000      -6.505911       4.781459    
   4600.000      -6.763072       4.619511    
   4700.000      -7.051863       4.465899    
   4800.000      -7.380549       4.320044    
   4900.000      -7.768192       4.181555    
   5000.000      -8.220013       4.050105    
   5100.000      -8.775042       3.924961    
   5200.000      -9.493062       3.805723    
   5300.000      -10.52065       3.692266    
   5385.000      -11.96108       3.599962    
   5390.000      -12.08086       3.594645    
   5395.000      -12.20715       3.589340    
   5400.000      -12.34070       3.584047    
   5405.000      -12.48241       3.578766    
   5410.000      -12.63336       3.573497    
   5415.000      -12.79489       3.568240    
   5420.000      -12.96861       3.562995    
   5425.000      -13.15657       3.557763    
   5430.000      -13.36131       3.552542    
   5435.000      -13.58626       3.547333    
   5440.000      -13.83587       3.542136    
   5445.000      -14.11632       3.536951    
   5450.000      -14.43639       3.531778    
   5455.000      -14.80939       3.526616    
   5460.000      -15.25650       3.521466    
   5465.000      -15.81496       3.516327    
   5470.000      -16.55968       3.511201    
   5475.000      -17.68213       3.506086    
   5480.000      -20.03374       3.500983    
   5485.000      -20.40495       10.57012    
   5490.000      -17.79596       10.55279    
   5495.000      -16.61690       10.53550    
   5500.000      -15.84676       10.51827    
   5505.000      -15.27459       10.50109    
   5510.000      -14.81979       10.48395    
   5515.000      -14.44287       10.46687    
   5520.000      -14.12143       10.44983    
   5525.000      -13.84162       10.43284    
   5530.000      -13.59423       10.41590    
   5535.000      -13.37286       10.39901    
   5540.000      -13.17280       10.38217    
   5545.000      -12.99057       10.36537    
   5550.000      -12.82348       10.34863    
   5555.000      -12.66945       10.33193    
   5560.000      -12.52676       10.31527    
   5565.000      -12.39406       10.29867    
   5570.000      -12.27023       10.28211    
   5575.000      -12.15434       10.26560    
   5580.000      -12.04559       10.24913    
   5600.000      -11.67008       10.18374    
   5700.000      -10.64871       9.867504    
   5793.000      -10.53868       9.588640    
   5798.000      -10.55928       9.574044    
   5800.000      -10.56860       9.568215    
   5803.000      -10.58378       9.559486    
   5808.000      -10.61255       9.544968    
   5813.000      -10.64602       9.530488    
   5818.000      -10.68472       9.516048    
   5823.000      -10.72930       9.501646    
   5828.000      -10.78056       9.487282    
   5833.000      -10.83950       9.472957    
   5838.000      -10.90742       9.458672    
   5843.000      -10.98599       9.444423    
   5848.000      -11.07746       9.430212    
   5853.000      -11.18492       9.416039    
   5858.000      -11.31279       9.401905    
   5863.000      -11.46776       9.387808    
   5868.000      -11.66053       9.373748    
   5873.000      -11.90993       9.359725    
   5878.000      -12.25402       9.345741    
   5883.000      -12.79067       9.331793    
   5888.000      -13.96404       9.317882    
   5893.000      -14.03047       12.84024    
   5898.000      -12.73014       12.82092    
   5900.000      -12.45097       12.81321    
   5903.000      -12.12105       12.80166    
   5908.000      -11.71048       12.78245    
   5913.000      -11.39799       12.76329    
   5918.000      -11.14396       12.74418    
   5923.000      -10.92889       12.72513    
   5928.000      -10.74169       12.70613    
   5933.000      -10.57551       12.68718    
   5938.000      -10.42577       12.66828    
   5943.000      -10.28929       12.64943    
   5948.000      -10.16373       12.63063    
   5953.000      -10.04735       12.61189    
   5958.000      -9.938815       12.59319    
   5963.000      -9.837088       12.57454    
   5968.000      -9.741304       12.55595    
   5973.000      -9.650792       12.53740    
   5978.000      -9.564988       12.51891    
   5983.000      -9.483431       12.50046    
   5988.000      -9.405712       12.48207    
   6000.000      -9.232974       12.43812    
   6100.000      -8.277190       12.08257    
   6169.000      -7.974894       11.84793    
   6174.000      -7.965444       11.83125    
   6179.000      -7.958207       11.81461    
   6184.000      -7.953236       11.79802    
   6189.000      -7.950926       11.78147    
   6194.000      -7.951459       11.76496    
   6199.000      -7.955168       11.74850    
   6200.000      -7.956325       11.74521    
   6204.000      -7.962462       11.73208    
   6209.000      -7.973854       11.71569    
   6214.000      -7.990001       11.69936    
   6219.000      -8.011762       11.68306    
   6224.000      -8.040294       11.66681    
   6229.000      -8.077190       11.65059    
   6234.000      -8.124743       11.63442    
   6239.000      -8.186407       11.61829    
   6244.000      -8.267777       11.60220    
   6249.000      -8.378744       11.58615    
   6254.000      -8.539527       11.57014    
   6259.000      -8.803096       11.55418    
   6264.000      -9.426500       11.53825    
   6269.000      -9.305331       13.30972    
   6274.000      -8.677212       13.29322    
   6279.000      -8.361211       13.27676    
   6284.000      -8.141422       13.26034    
   6289.000      -7.969331       13.24396    
   6294.000      -7.825894       13.22761    
   6299.000      -7.701655       13.21131    
   6300.000      -7.678581       13.20805    
   6304.000      -7.591193       13.19504    
   6309.000      -7.491146       13.17881    
   6314.000      -7.399262       13.16262    
   6319.000      -7.313973       13.14646    
   6324.000      -7.234114       13.13035    
   6329.000      -7.158830       13.11427    
   6334.000      -7.087456       13.09822    
   6339.000      -7.019468       13.08222    
   6344.000      -6.954452       13.06625    
   6349.000      -6.892054       13.05032    
   6354.000      -6.831998       13.03443    
   6359.000      -6.774047       13.01857    
   6364.000      -6.718008       13.00275    
   6400.000      -6.358160       12.88991    
   6500.000      -5.591795       12.58600    
   6600.000      -5.005198       12.29539    
   6700.000      -4.522897       12.01726    
   6800.000      -4.112245       11.75082    
   6900.000      -3.755228       11.49537    
   7000.000      -3.440352       11.25024    
   7100.000      -3.159649       11.01483    
   7200.000      -2.834547       10.78121    
   7300.000      -2.603443       10.55291    
   7400.000      -2.393859       10.33226    
   7500.000      -2.202994       10.11890    
   7600.000      -2.028556       9.912477    
   7700.000      -1.826330       9.710340    
   7800.000      -1.677601       9.511095    
   7900.000      -1.540995       9.317595    
   8000.000      -1.415344       9.129616    
   8100.000      -1.299641       8.946941    
   8200.000      -1.215755       8.770880    
   8300.000      -1.118467       8.601179    
   8400.000      -1.028518       8.436403    
   8500.000     -0.9452928       8.276357    
   8600.000     -0.8682409       8.120859    
   8700.000     -0.7968718       7.969741    
   8800.000     -0.7307435       7.822833    
   8900.000     -0.6694605       7.679981    
   9000.000     -0.6125937       7.541767    
   9100.000     -0.5598046       7.407331    
   9200.000     -0.5107961       7.276537    
   9300.000     -0.4652959       7.149249    
   9400.000     -0.4230576       7.025342    
   9500.000     -0.3838539       6.904692    
   9600.000     -0.3474778       6.787187    
   9700.000     -0.3137390       6.672716    
   9800.000     -0.2824617       6.561172    
   9900.000     -0.2534849       6.452456    
   10000.00     -0.2266592       6.346470    
   10100.00     -0.2018472       6.243122    
   10200.00     -0.1789218       6.142324    
   10300.00     -0.1577645       6.043991    
   10400.00     -0.1382662       5.948041    
   10500.00     -0.1203249       5.854398    
   10600.00     -0.1038463       5.762986    
   10700.00     -8.8742673E-02   5.673734    
   10800.00     -7.4931666E-02   5.586573    
   10900.00     -6.2337168E-02   5.501437    
   11000.00     -5.2210085E-02   5.418286    
   11100.00     -4.1875381E-02   5.337081    
   11200.00     -3.2552976E-02   5.257721    
   11300.00     -2.4184426E-02   5.180150    
   11400.00     -1.6715340E-02   5.104312    
   11500.00     -1.0094476E-02   5.030156    
   11600.00     -4.2739972E-03   4.957632    
   11700.00      7.9099974E-04   4.886692    
   11800.00      3.6768452E-03   4.817300    
   11900.00      7.3301033E-03   4.749457    
   12000.00      1.0350295E-02   4.683063    
   12100.00      1.2772381E-02   4.618077    
   12200.00      1.4629270E-02   4.554460    
   12300.00      1.5951989E-02   4.492170    
   12400.00      1.6769700E-02   4.431173    
   12500.00      1.7109917E-02   4.371430    
   12600.00      1.4950100E-02   4.312969    
   12700.00      1.4376624E-02   4.255725    
   12800.00      1.3402490E-02   4.199637    
   12900.00      1.2049499E-02   4.144675    
   13000.00      1.0338188E-02   4.090806    
   13100.00      8.2879895E-03   4.038002    
   13200.00      5.9172818E-03   3.986235    
   13300.00      3.2433663E-03   3.935476    
   13400.00      2.8269601E-04   3.885701    
   13500.00     -2.9492709E-03   3.836882    
   13600.00     -6.4378283E-03   3.788996    
   13700.00     -1.0169046E-02   3.742018    
   13800.00     -1.4129844E-02   3.695924    
   13900.00     -1.8307690E-02   3.650694    
   14000.00     -2.2690864E-02   3.606304    
   14100.00     -2.7268153E-02   3.562733    
   14200.00     -3.2028913E-02   3.519963    
   14300.00     -3.6963198E-02   3.477971    
   14400.00     -4.2061392E-02   3.436741    
   14500.00     -4.7314558E-02   3.396252    
   14600.00     -5.2714061E-02   3.356487    
   14700.00     -5.8226876E-02   3.317428    
   14800.00     -6.3894823E-02   3.279059    
   14900.00     -6.9686174E-02   3.241364    
   15000.00     -7.5593896E-02   3.204325    
   15100.00     -8.1611335E-02   3.167928    
   15200.00     -8.7732166E-02   3.132158    
   15300.00     -9.3950585E-02   3.097001    
   15400.00     -0.1002608       3.062441    
   15500.00     -0.1066575       3.028466    
   15600.00     -0.1131334       2.995063    
   15700.00     -0.1199682       2.962220    
   15800.00     -0.1265930       2.929923    
   15900.00     -0.1332857       2.898159    
   16000.00     -0.1404521       2.866920    
   16100.00     -0.1472655       2.836191    
   16200.00     -0.1541348       2.805962    
   16300.00     -0.1610563       2.776221    
   16400.00     -0.1680270       2.746956    
   16500.00     -0.1750435       2.718159    
   16600.00     -0.1821029       2.689819    
   16700.00     -0.1892023       2.661925    
   16800.00     -0.1963388       2.634470    
   16900.00     -0.2035102       2.607443    
   17000.00     -0.2107138       2.580835    
   17100.00     -0.2179474       2.554638    
   17200.00     -0.2252088       2.528843    
   17300.00     -0.2324957       2.503442    
   17400.00     -0.2398065       2.478426    
   17500.00     -0.2471391       2.453789    
   17600.00     -0.2544918       2.429522    
   17700.00     -0.2618630       2.405617    
   17800.00     -0.2692509       2.382068    
   17900.00     -0.2766543       2.358867    
   18000.00     -0.2840717       2.336007    
   18100.00     -0.2915018       2.313482    
   18200.00     -0.2989432       2.291285    
   18300.00     -0.3063948       2.269410    
   18400.00     -0.3138556       2.247849    
   18500.00     -0.3213246       2.226599    
   18600.00     -0.3288006       2.205651    
   18700.00     -0.3362829       2.185000    
   18800.00     -0.3437704       2.164642    
   18900.00     -0.3512626       2.144570    
   19000.00     -0.3587586       2.124778    
   19100.00     -0.3662577       2.105262    
   19200.00     -0.3737592       2.086016    
   19300.00     -0.3812625       2.067036    
   19400.00     -0.3887673       2.048316    
   19500.00     -0.3962729       2.029852    
   19600.00     -0.4037789       2.011638    
   19700.00     -0.4112847       1.993671    
   19800.00     -0.4187900       1.975946    
   19900.00     -0.4262945       1.958458    
   20000.00     -0.4337979       1.941203    
   20100.00     -0.4412999       1.924178    
   20200.00     -0.4488003       1.907377    
   20300.00     -0.4562986       1.890797    
   20400.00     -0.4637950       1.874435    
   20500.00     -0.4712891       1.858285    
   20600.00     -0.4787809       1.842345    
   20700.00     -0.4862702       1.826610    
   20800.00     -0.4937569       1.811079    
   20900.00     -0.5012411       1.795745    
   21000.00     -0.5087228       1.780607    
   21100.00     -0.5162018       1.765661    
   21200.00     -0.5236782       1.750904    
   21300.00     -0.5311520       1.736333    
   21400.00     -0.5386235       1.721943    
   21500.00     -0.5460925       1.707733    
   21600.00     -0.5535593       1.693699    
   21700.00     -0.5610240       1.679839    
   21800.00     -0.5684865       1.666149    
   21900.00     -0.5759474       1.652627    
   22000.00     -0.5834066       1.639270    
   22100.00     -0.5908645       1.626075    
   22200.00     -0.5983211       1.613040    
   22300.00     -0.6057767       1.600161    
   22400.00     -0.6132317       1.587438    
   22500.00     -0.6206864       1.574865    
   22600.00     -0.6281409       1.562443    
   22700.00     -0.6355956       1.550168    
   22800.00     -0.6430507       1.538037    
   22900.00     -0.6505069       1.526049    
   23000.00     -0.6579643       1.514202    
   23100.00     -0.6654233       1.502492    
   23200.00     -0.6728844       1.490918    
   23300.00     -0.6803477       1.479478    
   23400.00     -0.6878141       1.468170    
   23500.00     -0.6952838       1.456991    
   23600.00     -0.7027572       1.445940    
   23700.00     -0.7102348       1.435015    
   23800.00     -0.7198063       1.424224    
   23900.00     -0.7272862       1.413571    
   24000.00     -0.7369367       1.403043    
   24100.00     -0.7444214       1.392639    
   24200.00     -0.7519146       1.382350    
   24300.00     -0.7594152       1.372176    
   24400.00     -0.7669241       1.362115    
   24500.00     -0.7744418       1.352164    
   24600.00     -0.7819690       1.342323    
   24700.00     -0.7895063       1.332589    
   24800.00     -0.7970545       1.322961    
   24900.00     -0.8046146       1.313438    
