  Element 71: Lu      Atomic mass:  174.9670

  Edge          keV         A
    K        63.3138    0.1958
    L-I      10.8704    1.1406
    L-II     10.3486    1.1981
    L-III     9.2441    1.3412
    M1        2.4912    4.9769
    M2        2.2635    5.4775
    M3        2.0236    6.1269
    M4        1.6394    7.5628
    M5        1.5885    7.8051

Scattering factors as a function of energy: 

   1000.000      -27.53443       12.58420    
   1100.000      -27.86937       11.63045    
   1200.000      -28.68735       10.77192    
   1300.000      -30.16222       9.997672    
   1400.000      -32.81729       9.297813    
   1491.000      -38.39877       8.720231    
   1496.000      -38.95840       8.690042    
   1500.000      -39.44601       8.665996    
   1501.000      -39.57407       8.659999    
   1506.000      -40.25565       8.630102    
   1511.000      -41.01540       8.600351    
   1516.000      -41.86877       8.570745    
   1521.000      -42.83541       8.541283    
   1526.000      -43.94065       8.511964    
   1531.000      -45.21769       8.482786    
   1536.000      -46.71077       8.453750    
   1541.000      -48.48013       8.424853    
   1542.000      -48.87402       8.419090    
   1546.000      -50.60973       8.396096    
   1547.000      -51.08867       8.390361    
   1551.000      -53.22021       8.367477    
   1552.000      -53.81444       8.361770    
   1556.000      -56.49131       8.338997    
   1557.000      -57.24704       8.333317    
   1561.000      -60.70377       8.310653    
   1562.000      -61.69551       8.304999    
   1566.000      -66.32446       8.282444    
   1567.000      -67.68166       8.276818    
   1571.000      -74.20152       8.254371    
   1572.000      -76.17477       8.248772    
   1576.000      -86.09871       8.226432    
   1577.000      -89.26508       8.220860    
   1581.000      -106.6655       8.198627    
   1582.000      -112.8729       8.193081    
   1586.000      -157.7451       8.170953    
   1587.000      -183.3299       8.165434    
   1591.000      -146.6261       170.0916    
   1592.000      -125.1224       164.5077    
   1596.000      -77.43253       144.2487    
   1597.000      -70.08954       139.6597    
   1600.000      -53.59037       126.9124    
   1601.000      -49.44755       122.9801    
   1602.000      -45.82065       119.1947    
   1606.000      -35.30402       105.4113    
   1607.000      -33.46311       102.2775    
   1611.000      -28.44030       90.84597    
   1612.000      -27.68175       88.24206    
   1616.000      -26.29229       78.72669    
   1617.000      -26.32269       76.55563    
   1621.000      -27.87892       68.60725    
   1622.000      -28.63526       66.79046    
   1626.000      -33.35134       60.12766    
   1627.000      -35.03056       58.60202    
   1631.000      -44.70533       52.99745    
   1632.000      -48.18582       51.71188    
   1636.000      -71.69369       46.98127    
   1637.000      -83.00568       45.89429    
   1641.000      -93.31759       153.5309    
   1642.000      -72.84501       148.8392    
   1646.000      -33.51345       131.7296    
   1647.000      -27.82976       127.8345    
   1651.000      -12.05424       113.6048    
   1652.000      -9.284906       110.3594    
   1656.000      -1.111243       98.48241    
   1657.000      0.3769646       95.76873    
   1661.000       4.782036       85.82046    
   1662.000       5.572035       83.54340    
   1666.000       7.818957       75.18153    
   1667.000       8.180488       73.26401    
   1671.000       9.106608       66.21159    
   1672.000       9.217717       64.59148    
   1676.000       9.298714       58.62305    
   1677.000       9.242922       57.24962    
   1681.000       8.787072       52.18163    
   1682.000       8.624516       51.01344    
   1686.000       7.826903       46.69582    
   1687.000       7.596998       45.69894    
   1692.000       6.316004       41.15517    
   1697.000       4.886378       37.25793    
   1700.000       3.987887       35.18648    
   1702.000       3.379244       33.90469    
   1707.000       1.842862       31.01057    
   1712.000      0.3097534       28.50512    
   1717.000      -1.198483       26.32966    
   1722.000      -2.668333       24.43519    
   1727.000      -4.090592       22.78071    
   1732.000      -5.461036       21.33176    
   1737.000      -6.777520       20.05935    
   1800.000      -19.46281       12.26497    
   1900.000      -33.73981       10.04185    
   1926.000      -37.86671       10.17805    
   1931.000      -38.73006       10.23552    
   1936.000      -39.62165       10.30417    
   1941.000      -40.54427       10.38463    
   1946.000      -41.50093       10.47762    
   1951.000      -42.49492       10.58399    
   1956.000      -43.52987       10.70470    
   1961.000      -44.60981       10.84082    
   1966.000      -45.73927       10.99357    
   1971.000      -46.92337       11.16436    
   1976.000      -48.16808       11.35472    
   1981.000      -49.48038       11.56641    
   1986.000      -50.86877       11.80141    
   1991.000      -52.34394       12.06192    
   1996.000      -53.91993       12.35044    
   2000.000      -55.26646       12.60327    
   2001.000      -55.61676       12.66973    
   2006.000      -57.46617       13.02298    
   2011.000      -59.52635       13.41367    
   2016.000      -61.93791       13.84583    
   2021.000      -65.31421       14.32387    
   2026.000      -67.28276       19.67408    
   2031.000      -67.49914       20.22478    
   2036.000      -68.79137       20.83936    
   2041.000      -70.50114       21.52499    
   2046.000      -72.49926       22.28991    
   2051.000      -74.74483       23.14336    
   2056.000      -77.22613       24.09578    
   2061.000      -79.94497       25.15917    
   2066.000      -35.96529       26.12661    
   2071.000      -36.46750       26.23302    
   2076.000      -37.03321       26.36051    
   2081.000      -37.66304       26.51125    
   2086.000      -38.35857       26.68765    
   2091.000      -39.12249       26.89245    
   2096.000      -39.95819       27.12872    
   2100.000      -40.68129       27.34270    
   2101.000      -40.87000       27.39993    
   2106.000      -41.86288       27.70999    
   2111.000      -42.94275       28.06334    
   2116.000      -44.11617       28.46495    
   2121.000      -45.39077       28.92052    
   2166.000      -16.34419       29.25905    
   2171.000      -16.25343       29.14989    
   2176.000      -16.16754       29.04168    
   2181.000      -16.08659       28.93442    
   2186.000      -16.01068       28.82808    
   2191.000      -15.93996       28.72267    
   2196.000      -15.87467       28.61816    
   2200.000      -15.82657       28.53521    
   2201.000      -15.81514       28.51456    
   2206.000      -15.76181       28.41184    
   2211.000      -15.71527       28.31000    
   2216.000      -15.67635       28.20903    
   2221.000      -15.64618       28.10892    
   2226.000      -15.62635       28.00966    
   2231.000      -15.61919       27.91124    
   2236.000      -15.62825       27.81365    
   2241.000      -15.65930       27.71688    
   2246.000      -15.72259       27.62093    
   2251.000      -15.83896       27.52579    
   2256.000      -16.06255       27.43144    
   2261.000      -16.64481       27.33788    
   2266.000      -16.55887       29.16122    
   2271.000      -15.80027       29.05551    
   2276.000      -15.40665       28.95086    
   2281.000      -15.12346       28.84728    
   2286.000      -14.89547       28.74475    
   2291.000      -14.70121       28.64326    
   2296.000      -14.53002       28.54278    
   2300.000      -14.40550       28.46313    
   2301.000      -14.37581       28.44331    
   2306.000      -14.23478       28.34484    
   2311.000      -14.10437       28.24735    
   2316.000      -13.98279       28.15084    
   2321.000      -13.86871       28.05529    
   2326.000      -13.76115       27.96069    
   2331.000      -13.65935       27.86703    
   2336.000      -13.56270       27.77430    
   2341.000      -13.47072       27.68249    
   2346.000      -13.38302       27.59158    
   2351.000      -13.29927       27.50157    
   2356.000      -13.21921       27.41246    
   2361.000      -13.14263       27.32422    
   2394.000      -12.71444       26.76324    
   2399.000      -12.66045       26.68140    
   2400.000      -12.64999       26.66513    
   2404.000      -12.60927       26.60036    
   2409.000      -12.56096       26.52012    
   2414.000      -12.51558       26.44067    
   2419.000      -12.47325       26.36201    
   2424.000      -12.43412       26.28412    
   2429.000      -12.39841       26.20701    
   2434.000      -12.36639       26.13065    
   2439.000      -12.33847       26.05506    
   2444.000      -12.31515       25.98021    
   2449.000      -12.29715       25.90611    
   2454.000      -12.28548       25.83274    
   2459.000      -12.28162       25.76011    
   2464.000      -12.28780       25.68821    
   2469.000      -12.30767       25.61702    
   2474.000      -12.34773       25.54655    
   2479.000      -12.42139       25.47679    
   2484.000      -12.56401       25.40774    
   2489.000      -12.95162       25.33938    
   2494.000      -12.81039       26.44007    
   2499.000      -12.37784       26.37083    
   2500.000      -12.32289       26.35707    
   2504.000      -12.14368       26.30232    
   2509.000      -11.97226       26.23453    
   2514.000      -11.83246       26.16744    
   2519.000      -11.71192       26.10106    
   2524.000      -11.60451       26.03538    
   2529.000      -11.50668       25.97040    
   2534.000      -11.41621       25.90611    
   2539.000      -11.33162       25.84250    
   2544.000      -11.25187       25.77958    
   2549.000      -11.17617       25.71734    
   2554.000      -11.10395       25.65577    
   2559.000      -11.03475       25.59488    
   2564.000      -10.96821       25.53465    
   2569.000      -10.90406       25.47508    
   2574.000      -10.84203       25.41618    
   2579.000      -10.78195       25.35793    
   2584.000      -10.72362       25.30033    
   2589.000      -10.66693       25.24339    
   2600.000      -10.54731       25.12038    
   2700.000      -8.887279       23.93663    
   2800.000      -8.128008       22.82398    
   2900.000      -7.528224       21.84509    
   3000.000      -6.633970       20.91291    
   3100.000      -6.130023       19.98125    
   3200.000      -5.711100       19.11170    
   3300.000      -5.362091       18.29956    
   3400.000      -5.064947       17.54025    
   3500.000      -4.814348       16.82874    
   3600.000      -4.603243       16.16099    
   3700.000      -4.435743       15.53350    
   3800.000      -4.288230       14.94316    
   3900.000      -4.175629       14.38702    
   4000.000      -4.075434       13.86240    
   4100.000      -4.002865       13.36737    
   4200.000      -3.938726       12.89977    
   4300.000      -3.889129       12.45708    
   4400.000      -3.852400       12.03751    
   4500.000      -3.827102       11.63943    
   4600.000      -3.821039       11.26213    
   4700.000      -3.815366       10.90380    
   4800.000      -3.817814       10.56291    
   4900.000      -3.827598       10.23829    
   5000.000      -3.848393       9.928987    
   5100.000      -3.871064       9.634355    
   5200.000      -3.899263       9.353113    
   5300.000      -3.932557       9.084437    
   5400.000      -3.970578       8.827571    
   5500.000      -4.013015       8.581810    
   5600.000      -4.059605       8.346504    
   5700.000      -4.110130       8.121054    
   5800.000      -4.164417       7.904898    
   5900.000      -4.222326       7.697520    
   6000.000      -4.283756       7.498437    
   6100.000      -4.348637       7.307201    
   6200.000      -4.416932       7.123392    
   6300.000      -4.488636       6.946620    
   6400.000      -4.563773       6.776521    
   6500.000      -4.642400       6.612755    
   6600.000      -4.724606       6.455002    
   6700.000      -4.810512       6.302963    
   6800.000      -4.905830       6.156424    
   6900.000      -5.008121       6.015175    
   7000.000      -5.106143       5.879150    
   7100.000      -5.208789       5.747799    
   7200.000      -5.324748       5.621248    
   7300.000      -5.437509       5.498948    
   7400.000      -5.556089       5.380692    
   7500.000      -5.681075       5.266297    
   7600.000      -5.813162       5.155593    
   7700.000      -5.953258       5.048419    
   7800.000      -6.107299       4.944719    
   7900.000      -6.266455       4.844251    
   8000.000      -6.437316       4.746877    
   8100.000      -6.621791       4.652466    
   8200.000      -6.822312       4.560899    
   8300.000      -7.042050       4.472056    
   8400.000      -7.285237       4.385831    
   8500.000      -7.557711       4.302116    
   8600.000      -7.867847       4.220814    
   8700.000      -8.228292       4.141830    
   8800.000      -8.671091       4.065198    
   8900.000      -9.209599       3.990982    
   9000.000      -9.928538       3.919645    
   9100.000      -11.02987       3.850292    
   9147.000      -11.85682       3.818361    
   9152.000      -11.96782       3.814988    
   9157.000      -12.08507       3.811621    
   9162.000      -12.20936       3.808258    
   9167.000      -12.34155       3.804899    
   9172.000      -12.48273       3.801545    
   9177.000      -12.63418       3.798196    
   9182.000      -12.79752       3.794852    
   9187.000      -12.97475       3.791512    
   9192.000      -13.16844       3.788176    
   9197.000      -13.38189       3.784846    
   9200.000      -13.52129       3.782850    
   9202.000      -13.61965       3.781520    
   9207.000      -13.88787       3.778198    
   9212.000      -14.19541       3.774882    
   9217.000      -14.55570       3.771569    
   9222.000      -14.99041       3.768261    
   9227.000      -15.53814       3.764958    
   9232.000      -16.27825       3.761659    
   9237.000      -17.42170       3.758365    
   9242.000      -20.04126       3.755076    
   9247.000      -19.35964       10.54681    
   9252.000      -17.17891       10.53354    
   9257.000      -16.10831       10.52030    
   9262.000      -15.39145       10.50711    
   9267.000      -14.85142       10.49395    
   9272.000      -14.41789       10.48082    
   9277.000      -14.05566       10.46773    
   9282.000      -13.74461       10.45468    
   9287.000      -13.47198       10.44166    
   9292.000      -13.22939       10.42868    
   9297.000      -13.01091       10.41574    
   9300.000      -12.88953       10.40799    
   9302.000      -12.81220       10.40283    
   9307.000      -12.63003       10.38995    
   9312.000      -12.46188       10.37711    
   9317.000      -12.30579       10.36431    
   9322.000      -12.16020       10.35154    
   9327.000      -12.02377       10.33881    
   9332.000      -11.89548       10.32611    
   9337.000      -11.77442       10.31344    
   9342.000      -11.65987       10.30081    
   9400.000      -10.65393       10.15678    
   9500.000      -9.628444       9.918771    
   9600.000      -9.006279       9.693080    
   9700.000      -8.603030       9.478895    
   9800.000      -8.346704       9.275467    
   9900.000      -8.212385       9.082147    
   10000.00      -8.193102       8.898280    
   10100.00      -8.313059       8.723288    
   10200.00      -8.659757       8.556638    
   10251.00      -9.018118       8.474698    
   10256.00      -9.065849       8.466773    
   10261.00      -9.116794       8.458866    
   10266.00      -9.171310       8.450978    
   10271.00      -9.229837       8.443109    
   10276.00      -9.292901       8.435259    
   10281.00      -9.361139       8.427427    
   10286.00      -9.435340       8.419614    
   10291.00      -9.516486       8.411819    
   10296.00      -9.605813       8.404045    
   10300.00      -9.684279       8.397838    
   10301.00      -9.704982       8.396288    
   10306.00      -9.816153       8.388550    
   10311.00      -9.942315       8.380829    
   10316.00      -10.08775       8.373127    
   10321.00      -10.25888       8.365443    
   10326.00      -10.46602       8.357779    
   10331.00      -10.72732       8.350131    
   10336.00      -11.07940       8.342502    
   10341.00      -11.61625       8.334892    
   10346.00      -12.76510       8.327300    
   10351.00      -12.85498       11.72206    
   10356.00      -11.62373       11.71037    
   10361.00      -11.05451       11.69871    
   10366.00      -10.67826       11.68708    
   10371.00      -10.39592       11.67547    
   10376.00      -10.16937       11.66390    
   10381.00      -9.979914       11.65236    
   10386.00      -9.816862       11.64084    
   10391.00      -9.673650       11.62935    
   10396.00      -9.545887       11.61789    
   10400.00      -9.452718       11.60875    
   10401.00      -9.430508       11.60646    
   10406.00      -9.325284       11.59506    
   10411.00      -9.228548       11.58369    
   10416.00      -9.139017       11.57235    
   10421.00      -9.055700       11.56104    
   10426.00      -8.977759       11.54975    
   10431.00      -8.904557       11.53849    
   10436.00      -8.835554       11.52726    
   10441.00      -8.770303       11.51606    
   10446.00      -8.708426       11.50488    
   10500.00      -8.190936       11.38597    
   10600.00      -7.627955       11.17402    
   10700.00      -7.355945       10.97228    
   10773.00      -7.349561       10.83112    
   10778.00      -7.358501       10.82163    
   10783.00      -7.369203       10.81217    
   10788.00      -7.381850       10.80273    
   10793.00      -7.396664       10.79331    
   10798.00      -7.414518       10.78392    
   10800.00      -7.422161       10.78017    
   10803.00      -7.434495       10.77454    
   10808.00      -7.457596       10.76520    
   10813.00      -7.484327       10.75587    
   10818.00      -7.515314       10.74657    
   10823.00      -7.551375       10.73729    
   10828.00      -7.593609       10.72803    
   10833.00      -7.643527       10.71879    
   10838.00      -7.703295       10.70958    
   10843.00      -7.776178       10.70039    
   10848.00      -7.867412       10.69122    
   10853.00      -7.986318       10.68207    
   10858.00      -8.150300       10.67295    
   10863.00      -8.412875       10.66384    
   10868.00      -9.002724       10.65476    
   10873.00      -8.945540       12.34184    
   10878.00      -8.349643       12.33241    
   10883.00      -8.060209       12.32301    
   10888.00      -7.863514       12.31363    
   10893.00      -7.712383       12.30426    
   10898.00      -7.588507       12.29492    
   10900.00      -7.544395       12.29119    
   10903.00      -7.482797       12.28560    
   10908.00      -7.390081       12.27630    
   10913.00      -7.307137       12.26702    
   10918.00      -7.231817       12.25776    
   10923.00      -7.162617       12.24853    
   10928.00      -7.098445       12.23931    
   10933.00      -7.038492       12.23012    
   10938.00      -6.982105       12.22094    
   10943.00      -6.928798       12.21179    
   10948.00      -6.878176       12.20266    
   10953.00      -6.829915       12.19354    
   10958.00      -6.783749       12.18445    
   10963.00      -6.739456       12.17538    
   10968.00      -6.696848       12.16633    
   11000.00      -6.455250       12.10888    
   11100.00      -5.894202       11.93457    
   11200.00      -5.477066       11.76782    
   11300.00      -5.136354       11.60826    
   11400.00      -4.845661       11.45550    
   11500.00      -4.591213       11.30922    
   11600.00      -4.364659       11.16910    
   11700.00      -4.160396       11.03485    
   11800.00      -3.974414       10.90617    
   11900.00      -3.803715       10.78283    
   12000.00      -3.645951       10.66458    
   12100.00      -3.208311       10.53115    
   12200.00      -3.063115       10.39727    
   12300.00      -2.927761       10.26690    
   12400.00      -2.801211       10.13991    
   12500.00      -2.682579       10.01618    
   12600.00      -2.571104       9.895598    
   12700.00      -2.466127       9.778061    
   12800.00      -2.367388       9.663461    
   12900.00      -2.273739       9.551702    
   13000.00      -2.185041       9.442691    
   13100.00      -2.100893       9.336340    
   13200.00      -2.020931       9.232566    
   13300.00      -1.944827       9.131288    
   13400.00      -1.872287       9.032430    
   13500.00      -1.656789       8.930799    
   13600.00      -1.586417       8.825321    
   13700.00      -1.519468       8.721634    
   13800.00      -1.455750       8.619694    
   13900.00      -1.395085       8.519461    
   14000.00      -1.337303       8.420896    
   14100.00      -1.282256       8.323960    
   14200.00      -1.249408       8.229574    
   14300.00      -1.199978       8.137233    
   14400.00      -1.152805       8.046474    
   14500.00      -1.107774       7.957258    
   14600.00      -1.064775       7.869551    
   14700.00      -1.023709       7.783319    
   14800.00     -0.9844784       7.698527    
   14900.00     -0.9469960       7.615144    
   15000.00     -0.9111772       7.533136    
   15100.00     -0.8769442       7.452474    
   15200.00     -0.8442234       7.373128    
   15300.00     -0.8129448       7.295068    
   15400.00     -0.7830436       7.218267    
   15500.00     -0.7544574       7.142696    
   15600.00     -0.7271284       7.068330    
   15700.00     -0.7010017       6.995143    
   15800.00     -0.6760247       6.923108    
   15900.00     -0.6521486       6.852202    
   16000.00     -0.6293262       6.782400    
   16100.00     -0.6075135       6.713679    
   16200.00     -0.5866683       6.646017    
   16300.00     -0.5667512       6.579392    
   16400.00     -0.5477236       6.513782    
   16500.00     -0.5295496       6.449165    
   16600.00     -0.5121951       6.385523    
   16700.00     -0.4956274       6.322834    
   16800.00     -0.4798157       6.261081    
   16900.00     -0.4647297       6.200243    
   17000.00     -0.4503415       6.140302    
   17100.00     -0.4366242       6.081241    
   17200.00     -0.4235520       6.023041    
   17300.00     -0.4111005       5.965688    
   17400.00     -0.3992459       5.909163    
   17500.00     -0.3879659       5.853449    
   17600.00     -0.3772391       5.798532    
   17700.00     -0.3670450       5.744397    
   17800.00     -0.3573640       5.691028    
   17900.00     -0.3481770       5.638410    
   18000.00     -0.3394663       5.586530    
   18100.00     -0.3312144       5.535372    
   18200.00     -0.3234050       5.484924    
   18300.00     -0.3160222       5.435174    
   18400.00     -0.3090506       5.386106    
   18500.00     -0.3051139       5.337718    
   18600.00     -0.2989324       5.290057    
   18700.00     -0.2931182       5.243043    
   18800.00     -0.2876584       5.196664    
   18900.00     -0.2825406       5.150907    
   19000.00     -0.2777528       5.105761    
   19100.00     -0.2732837       5.061214    
   19200.00     -0.2691223       5.017259    
   19300.00     -0.2652582       4.973882    
   19400.00     -0.2616809       4.931074    
   19500.00     -0.2583809       4.888824    
   19600.00     -0.2553486       4.847122    
   19700.00     -0.2525751       4.805960    
   19800.00     -0.2500516       4.765328    
   19900.00     -0.2477698       4.725216    
   20000.00     -0.2457214       4.685616    
   20100.00     -0.2438988       4.646518    
   20200.00     -0.2422944       4.607914    
   20300.00     -0.2409010       4.569797    
   20400.00     -0.2397116       4.532156    
   20500.00     -0.2387194       4.494984    
   20600.00     -0.2379181       4.458274    
   20700.00     -0.2412578       4.422020    
   20800.00     -0.2408369       4.386316    
   20900.00     -0.2405861       4.351049    
   21000.00     -0.2405000       4.316214    
   21100.00     -0.2405731       4.281803    
   21200.00     -0.2408003       4.247809    
   21300.00     -0.2411765       4.214227    
   21400.00     -0.2416968       4.181047    
   21500.00     -0.2423566       4.148264    
   21600.00     -0.2431512       4.115872    
   21700.00     -0.2440765       4.083864    
   21800.00     -0.2462600       4.052252    
   21900.00     -0.2474425       4.021023    
   22000.00     -0.2487426       3.990160    
   22100.00     -0.2501566       3.959659    
   22200.00     -0.2516809       3.929512    
   22300.00     -0.2533117       3.899714    
   22400.00     -0.2550458       3.870260    
   22500.00     -0.2568797       3.841145    
   22600.00     -0.2588102       3.812362    
   22700.00     -0.2608342       3.783908    
   22800.00     -0.2629488       3.755777    
   22900.00     -0.2651509       3.727964    
   23000.00     -0.2674377       3.700464    
   23100.00     -0.2698067       3.673272    
   23200.00     -0.2722549       3.646384    
   23300.00     -0.2747800       3.619795    
   23400.00     -0.2773794       3.593500    
   23500.00     -0.2800508       3.567496    
   23600.00     -0.2827919       3.541778    
   23700.00     -0.2856003       3.516341    
   23800.00     -0.2884739       3.491182    
   23900.00     -0.2914107       3.466296    
   24000.00     -0.2944085       3.441679    
   24100.00     -0.2974654       3.417328    
   24200.00     -0.3005795       3.393238    
   24300.00     -0.3037489       3.369406    
   24400.00     -0.3069719       3.345828    
   24500.00     -0.3102467       3.322501    
   24600.00     -0.3135716       3.299420    
   24700.00     -0.3169450       3.276582    
   24800.00     -0.3203653       3.253985    
   24900.00     -0.3238311       3.231623    
