  Element 11: Na      Atomic mass:   22.9898

  Edge          keV         A
    K         1.0721   11.5646

Scattering factors as a function of energy: 

   1000.000      -3.254494      0.3261379    
   1100.000      -4.692934       3.768484    
   1200.000      -2.057173       4.821553    
   1300.000      0.1011794       4.270498    
   1400.000     -0.4980550       2.903471    
   1500.000     -0.2279376       2.594301    
   1600.000     -4.9256131E-02   2.336071    
   1700.000      7.3511027E-02   2.117847    
   1800.000      0.1599808       1.931520    
   1900.000      0.2219102       1.770969    
   2000.000      0.2667551       1.631495    
   2100.000      0.2994460       1.509443    
   2200.000      0.3498512       1.398191    
   2300.000      0.3673366       1.296237    
   2400.000      0.3788981       1.204823    
   2500.000      0.3859187       1.122542    
   2600.000      0.3894391       1.048214    
   2700.000      0.3902510      0.9808466    
   2800.000      0.3889623      0.9195979    
   2900.000      0.3860432      0.8637497    
   3000.000      0.3818592      0.8126873    
   3100.000      0.3767442      0.7662982    
   3200.000      0.3709748      0.7237090    
   3300.000      0.3647255      0.6845152    
   3400.000      0.3581340      0.6483644    
   3500.000      0.3513094      0.6149495    
   3600.000      0.3443381      0.5840012    
   3700.000      0.3372887      0.5552825    
   3800.000      0.3302155      0.5285847    
   3900.000      0.3231612      0.5037228    
   4000.000      0.3161596      0.4805326    
   4100.000      0.3092371      0.4588680    
   4200.000      0.3024140      0.4385983    
   4300.000      0.2957060      0.4196069    
   4400.000      0.2891249      0.4017889    
   4500.000      0.2826792      0.3850501    
   4600.000      0.2763746      0.3693055    
   4700.000      0.2687221      0.3545308    
   4800.000      0.2626968      0.3406475    
   4900.000      0.2568282      0.3275478    
   5000.000      0.2511154      0.3151739    
   5100.000      0.2455567      0.3034734    
   5200.000      0.2401501      0.2923983    
   5300.000      0.2348930      0.2819050    
   5400.000      0.2297825      0.2719536    
   5500.000      0.2248151      0.2625077    
   5600.000      0.2199875      0.2535337    
   5700.000      0.2152960      0.2450007    
   5800.000      0.2107370      0.2368806    
   5900.000      0.2063066      0.2291472    
   6000.000      0.2020011      0.2217766    
   6100.000      0.1978167      0.2147464    
   6200.000      0.1937497      0.2080363    
   6300.000      0.1897965      0.2016271    
   6400.000      0.1859533      0.1955013    
   6500.000      0.1822168      0.1896425    
   6600.000      0.1785834      0.1840355    
   6700.000      0.1750498      0.1786663    
   6800.000      0.1716126      0.1735216    
   6900.000      0.1682688      0.1685892    
   7000.000      0.1650152      0.1638577    
   7100.000      0.1618489      0.1593165    
   7200.000      0.1587670      0.1549555    
   7300.000      0.1557666      0.1507654    
   7400.000      0.1528451      0.1467374    
   7500.000      0.1500000      0.1428635    
   7600.000      0.1472286      0.1391359    
   7700.000      0.1445285      0.1355474    
   7800.000      0.1418975      0.1320913    
   7900.000      0.1393333      0.1287611    
   8000.000      0.1368336      0.1255510    
   8100.000      0.1343965      0.1224552    
   8200.000      0.1320199      0.1194685    
   8300.000      0.1297018      0.1165858    
   8400.000      0.1274404      0.1138025    
   8500.000      0.1252339      0.1111140    
   8600.000      0.1230806      0.1085161    
   8700.000      0.1209788      0.1060050    
   8800.000      0.1189268      0.1035767    
   8900.000      0.1169232      0.1012278    
   9000.000      0.1149706      9.8973595E-02
   9100.000      0.1130640      9.6791647E-02
   9200.000      0.1112022      9.4678998E-02
   9300.000      0.1093836      9.2632733E-02
   9400.000      0.1076070      9.0650156E-02
   9500.000      0.1058711      8.8728637E-02
   9600.000      0.1041746      8.6865753E-02
   9700.000      0.1025164      8.5059166E-02
   9800.000      0.1008953      8.3306625E-02
   9900.000      9.9310294E-02  8.1606045E-02
   10000.00      9.7760238E-02  7.9955384E-02
   10100.00      9.6244141E-02  7.8352749E-02
   10200.00      9.4761021E-02  7.6796323E-02
   10300.00      9.3309909E-02  7.5284332E-02
   10400.00      9.1889918E-02  7.3815152E-02
   10500.00      9.0500124E-02  7.2387174E-02
   10600.00      8.9139700E-02  7.0998892E-02
   10700.00      8.7807819E-02  6.9648884E-02
   10800.00      8.6503677E-02  6.8335749E-02
   10900.00      8.5226513E-02  6.7058191E-02
   11000.00      8.3975568E-02  6.5814927E-02
   11100.00      8.2750134E-02  6.4604774E-02
   11200.00      8.1549533E-02  6.3426577E-02
   11300.00      8.0373071E-02  6.2279224E-02
   11400.00      7.9220116E-02  6.1161675E-02
   11500.00      7.8090034E-02  6.0072903E-02
   11600.00      7.6982215E-02  5.9011947E-02
   11700.00      7.5896084E-02  5.7977889E-02
   11800.00      7.4831061E-02  5.6969821E-02
   11900.00      7.3786616E-02  5.5986907E-02
   12000.00      7.2762199E-02  5.5028312E-02
   12100.00      7.1757302E-02  5.4093257E-02
   12200.00      7.0771433E-02  5.3180996E-02
   12300.00      6.9804102E-02  5.2290786E-02
   12400.00      6.8854861E-02  5.1421952E-02
   12500.00      6.7923225E-02  5.0573800E-02
   12600.00      6.7008778E-02  4.9745701E-02
   12700.00      6.6111095E-02  4.8937045E-02
   12800.00      6.5229759E-02  4.8147216E-02
   12900.00      6.4364381E-02  4.7375660E-02
   13000.00      6.3514553E-02  4.6621811E-02
   13100.00      6.2679917E-02  4.5885146E-02
   13200.00      6.1860107E-02  4.5165155E-02
   13300.00      6.1054762E-02  4.4461340E-02
   13400.00      6.0263555E-02  4.3773238E-02
   13500.00      5.9486132E-02  4.3100376E-02
   13600.00      5.8722187E-02  4.2442318E-02
   13700.00      5.7971403E-02  4.1798651E-02
   13800.00      5.7233471E-02  4.1168947E-02
   13900.00      5.6508102E-02  4.0552828E-02
   14000.00      5.5794999E-02  3.9949894E-02
   14100.00      5.5093899E-02  3.9359789E-02
   14200.00      5.4398857E-02  3.8782176E-02
   14300.00      5.3720966E-02  3.8216688E-02
   14400.00      5.3054284E-02  3.7663002E-02
   14500.00      5.2398551E-02  3.7120782E-02
   14600.00      5.1753528E-02  3.6589723E-02
   14700.00      5.1118996E-02  3.6069535E-02
   14800.00      5.0494704E-02  3.5559915E-02
   14900.00      4.9880445E-02  3.5060592E-02
   15000.00      4.9275991E-02  3.4571286E-02
   15100.00      4.8681140E-02  3.4091741E-02
   15200.00      4.8095684E-02  3.3621706E-02
   15300.00      4.7519423E-02  3.3160925E-02
   15400.00      4.6952166E-02  3.2709170E-02
   15500.00      4.6393719E-02  3.2266207E-02
   15600.00      4.5843896E-02  3.1831808E-02
   15700.00      4.5302529E-02  3.1405769E-02
   15800.00      4.4769429E-02  3.0987868E-02
   15900.00      4.4244438E-02  3.0577913E-02
   16000.00      4.3727383E-02  3.0175697E-02
   16100.00      4.3218102E-02  2.9781034E-02
   16200.00      4.2716440E-02  2.9393740E-02
   16300.00      4.2222254E-02  2.9013643E-02
   16400.00      4.1735377E-02  2.8640553E-02
   16500.00      4.1255668E-02  2.8274309E-02
   16600.00      4.0782988E-02  2.7914749E-02
   16700.00      4.0317200E-02  2.7561713E-02
   16800.00      3.9858174E-02  2.7215052E-02
   16900.00      3.9405763E-02  2.6874607E-02
   17000.00      3.8959842E-02  2.6540235E-02
   17100.00      3.8520295E-02  2.6211796E-02
   17200.00      3.8086992E-02  2.5889153E-02
   17300.00      3.7659824E-02  2.5572181E-02
   17400.00      3.7238657E-02  2.5260733E-02
   17500.00      3.6823384E-02  2.4954695E-02
   17600.00      3.6413901E-02  2.4653943E-02
   17700.00      3.6010090E-02  2.4358356E-02
   17800.00      3.5611860E-02  2.4067827E-02
   17900.00      3.5219088E-02  2.3782231E-02
   18000.00      3.4831680E-02  2.3501463E-02
   18100.00      3.4449544E-02  2.3225417E-02
   18200.00      3.4072574E-02  2.2953993E-02
   18300.00      3.3700690E-02  2.2687091E-02
   18400.00      3.3333782E-02  2.2424605E-02
   18500.00      3.2971766E-02  2.2166444E-02
   18600.00      3.2614559E-02  2.1912517E-02
   18700.00      3.2262072E-02  2.1662731E-02
   18800.00      3.1914227E-02  2.1417005E-02
   18900.00      3.1570926E-02  2.1175243E-02
   19000.00      3.1232102E-02  2.0937366E-02
   19100.00      3.0897671E-02  2.0703293E-02
   19200.00      3.0567558E-02  2.0472946E-02
   19300.00      3.0241694E-02  2.0246249E-02
   19400.00      2.9919993E-02  2.0023121E-02
   19500.00      2.9602390E-02  1.9803492E-02
   19600.00      2.9288813E-02  1.9587291E-02
   19700.00      2.8979193E-02  1.9374449E-02
   19800.00      2.8673470E-02  1.9164899E-02
   19900.00      2.8371565E-02  1.8958572E-02
   20000.00      2.8073419E-02  1.8755402E-02
   20100.00      2.7778970E-02  1.8555330E-02
   20200.00      2.7488153E-02  1.8358294E-02
   20300.00      2.7200919E-02  1.8164236E-02
   20400.00      2.6917191E-02  1.7973091E-02
   20500.00      2.6636921E-02  1.7784806E-02
   20600.00      2.6360048E-02  1.7599326E-02
   20700.00      2.6086520E-02  1.7416595E-02
   20800.00      2.5816286E-02  1.7236564E-02
   20900.00      2.5549280E-02  1.7059175E-02
   21000.00      2.5285458E-02  1.6884381E-02
   21100.00      2.5024766E-02  1.6712131E-02
   21200.00      2.4767155E-02  1.6542379E-02
   21300.00      2.4512582E-02  1.6375080E-02
   21400.00      2.4260983E-02  1.6210182E-02
   21500.00      2.4012322E-02  1.6047642E-02
   21600.00      2.3766547E-02  1.5887417E-02
   21700.00      2.3523618E-02  1.5729465E-02
   21800.00      2.3283489E-02  1.5573746E-02
   21900.00      2.3046110E-02  1.5420213E-02
   22000.00      2.2811441E-02  1.5268830E-02
   22100.00      2.2579439E-02  1.5119556E-02
   22200.00      2.2350064E-02  1.4972355E-02
   22300.00      2.2123275E-02  1.4827192E-02
   22400.00      2.1899026E-02  1.4684023E-02
   22500.00      2.1677276E-02  1.4542817E-02
   22600.00      2.1457976E-02  1.4403539E-02
   22700.00      2.1241058E-02  1.4266153E-02
   22800.00      2.1026205E-02  1.4130630E-02
   22900.00      2.0612959E-02  1.3997434E-02
   23000.00      2.0403413E-02  1.3866619E-02
   23100.00      2.0196585E-02  1.3737554E-02
   23200.00      1.9992068E-02  1.3610206E-02
   23300.00      1.9789791E-02  1.3484549E-02
   23400.00      1.9589705E-02  1.3360548E-02
   23500.00      1.9391775E-02  1.3238178E-02
   23600.00      1.9195968E-02  1.3117409E-02
   23700.00      1.9002249E-02  1.2998217E-02
   23800.00      1.8810591E-02  1.2880575E-02
   23900.00      1.8620953E-02  1.2764452E-02
   24000.00      1.8433310E-02  1.2649827E-02
   24100.00      1.8247630E-02  1.2536672E-02
   24200.00      1.8063882E-02  1.2424964E-02
   24300.00      1.7882042E-02  1.2314680E-02
   24400.00      1.7702071E-02  1.2205794E-02
   24500.00      1.7523946E-02  1.2098284E-02
   24600.00      1.7347638E-02  1.1992126E-02
   24700.00      1.7173115E-02  1.1887299E-02
   24800.00      1.7000355E-02  1.1783784E-02
   24900.00      1.6829323E-02  1.1681555E-02
