  Element 41: Nb      Atomic mass:   92.9064

  Edge          keV         A
    K        18.9856    0.6530
    L-I       2.6977    4.5959
    L-II      2.4647    5.0304
    L-III     2.3705    5.2303

Scattering factors as a function of energy: 

   1000.000      -6.572898       9.767870    
   1100.000      -6.388963       8.655666    
   1200.000      -6.333043       7.727785    
   1300.000      -6.372462       6.944073    
   1400.000      -6.488630       6.275085    
   1500.000      -6.703879       5.701377    
   1600.000      -6.973423       5.209516    
   1700.000      -7.293856       4.781232    
   1800.000      -7.694293       4.405382    
   1900.000      -8.205021       4.073721    
   2000.000      -8.857625       3.779907    
   2100.000      -9.746640       3.517735    
   2200.000      -11.08464       3.282687    
   2273.000      -12.71902       3.126068    
   2278.000      -12.87251       3.115764    
   2283.000      -13.03434       3.105514    
   2288.000      -13.20547       3.095314    
   2293.000      -13.38702       3.085167    
   2298.000      -13.58034       3.075070    
   2300.000      -13.66132       3.071046    
   2303.000      -13.78706       3.065025    
   2308.000      -14.00921       3.055029    
   2313.000      -14.24926       3.045084    
   2318.000      -14.51044       3.035189    
   2323.000      -14.79684       3.025343    
   2328.000      -15.11400       3.015546    
   2333.000      -15.46948       3.005799    
   2338.000      -15.87413       2.996099    
   2343.000      -16.34417       2.986448    
   2348.000      -16.90577       2.976844    
   2353.000      -17.60485       2.967288    
   2358.000      -18.53469       2.957778    
   2363.000      -19.93615       2.948316    
   2367.000      -22.01328       2.940780    
   2368.000      -22.92716       2.938900    
   2372.000      -24.33532       11.45316    
   2373.000      -22.94839       11.44321    
   2377.000      -20.36532       11.40362    
   2378.000      -19.98150       11.39377    
   2382.000      -18.84490       11.35456    
   2383.000      -18.62568       11.34481    
   2387.000      -17.90458       11.30597    
   2388.000      -17.75401       11.29631    
   2392.000      -17.23567       11.25785    
   2393.000      -17.12334       11.24828    
   2397.000      -16.72728       11.21019    
   2398.000      -16.63976       11.20071    
   2400.000      -16.47641       11.18181    
   2402.000      -16.32724       11.16298    
   2403.000      -16.25747       11.15359    
   2407.000      -16.00713       11.11622    
   2408.000      -15.95111       11.10693    
   2412.000      -15.75034       11.06991    
   2413.000      -15.70560       11.06070    
   2417.000      -15.54684       11.02403    
   2418.000      -15.51198       11.01491    
   2422.000      -15.39099       10.97859    
   2423.000      -15.36527       10.96955    
   2427.000      -15.28040       10.93357    
   2428.000      -15.26372       10.92462    
   2432.000      -15.21579       10.88898    
   2433.000      -15.20869       10.88011    
   2437.000      -15.20153       10.84480    
   2438.000      -15.20545       10.83601    
   2442.000      -15.24747       10.80103    
   2443.000      -15.26536       10.79233    
   2447.000      -15.37351       10.75767    
   2448.000      -15.41140       10.74905    
   2452.000      -15.62235       10.71472    
   2453.000      -15.69425       10.70617    
   2457.000      -16.10612       10.67216    
   2458.000      -16.25604       10.66370    
   2462.000      -17.32926       10.62999    
   2463.000      -17.91266       10.62161    
   2467.000      -17.37727       14.79013    
   2468.000      -16.85975       14.77822    
   2472.000      -15.66690       14.73080    
   2477.000      -14.81723       14.67202    
   2482.000      -14.21916       14.61381    
   2487.000      -13.74643       14.55614    
   2492.000      -13.34978       14.49903    
   2497.000      -13.00575       14.44245    
   2500.000      -12.81851       14.40876    
   2502.000      -12.70034       14.38641    
   2507.000      -12.42494       14.33089    
   2512.000      -12.17367       14.27589    
   2517.000      -11.94245       14.22141    
   2522.000      -11.72818       14.16744    
   2527.000      -11.52860       14.11397    
   2532.000      -11.34186       14.06100    
   2537.000      -11.16655       14.00851    
   2542.000      -11.00149       13.95652    
   2547.000      -10.84573       13.90500    
   2552.000      -10.69848       13.85396    
   2557.000      -10.55908       13.80338    
   2562.000      -10.42696       13.75327    
   2600.000      -9.622687       13.38706    
   2605.000      -9.540086       13.34073    
   2610.000      -9.462568       13.29482    
   2615.000      -9.390146       13.24932    
   2620.000      -9.322901       13.20423    
   2625.000      -9.260961       13.15954    
   2630.000      -9.204540       13.11524    
   2635.000      -9.153944       13.07135    
   2640.000      -9.109589       13.02784    
   2645.000      -9.072057       12.98472    
   2650.000      -9.042139       12.94198    
   2655.000      -9.020942       12.89962    
   2660.000      -9.010023       12.85763    
   2665.000      -9.011661       12.81601    
   2670.000      -9.029323       12.77476    
   2675.000      -9.068618       12.73387    
   2680.000      -9.139464       12.69334    
   2685.000      -9.261908       12.65316    
   2690.000      -9.487250       12.61333    
   2695.000      -10.04404       12.57385    
   2700.000      -10.06745       14.43406    
   2705.000      -9.295306       14.39168    
   2710.000      -8.908611       14.34969    
   2715.000      -8.633073       14.30809    
   2720.000      -8.411951       14.26688    
   2725.000      -8.223568       14.22606    
   2730.000      -8.057242       14.18561    
   2735.000      -7.906944       14.14554    
   2740.000      -7.768886       14.10584    
   2745.000      -7.640564       14.06651    
   2750.000      -7.520198       14.02754    
   2755.000      -7.406501       13.98893    
   2760.000      -7.298502       13.95069    
   2765.000      -7.195433       13.91279    
   2770.000      -7.096702       13.87525    
   2775.000      -7.001813       13.83806    
   2780.000      -6.910376       13.80120    
   2785.000      -6.822048       13.76469    
   2790.000      -6.736555       13.72852    
   2795.000      -6.653646       13.69268    
   2800.000      -6.573121       13.65717    
   2900.000      -5.278416       13.01185    
   3000.000      -4.207917       12.47587    
   3100.000      -3.460856       11.87295    
   3200.000      -2.864397       11.31138    
   3300.000      -2.380597       10.78807    
   3400.000      -1.979221       10.29926    
   3500.000      -1.644265       9.841834    
   3600.000      -1.383343       9.418421    
   3700.000      -1.147659       9.022843    
   3800.000     -0.9472114       8.652369    
   3900.000     -0.7781435       8.304893    
   4000.000     -0.6317829       7.978547    
   4100.000     -0.5063025       7.671568    
   4200.000     -0.3986259       7.382421    
   4300.000     -0.3062141       7.109723    
   4400.000     -0.2269564       6.852224    
   4500.000     -0.1590821       6.608793    
   4600.000     -0.1010972       6.378402    
   4700.000     -5.1733229E-02   6.160118    
   4800.000     -4.0693022E-03   5.952693    
   4900.000      3.1189768E-02   5.755480    
   5000.000      6.0682934E-02   5.568040    
   5100.000      8.4899932E-02   5.389732    
   5200.000      0.1045481       5.219967    
   5300.000      0.1201549       5.058199    
   5400.000      0.1324558       4.903928    
   5500.000      0.1413145       4.756663    
   5600.000      0.1473500       4.616004    
   5700.000      0.1508752       4.481558    
   5800.000      0.1521665       4.352958    
   5900.000      0.1514685       4.229867    
   6000.000      0.1489976       4.111969    
   6100.000      0.1449463       3.998975    
   6200.000      0.1394856       3.890612    
   6300.000      0.1327679       3.786627    
   6400.000      0.1249288       3.686786    
   6500.000      0.1160897       3.590868    
   6600.000      0.1063587       3.498669    
   6700.000      9.5832564E-02   3.409996    
   6800.000      8.4592752E-02   3.324670    
   6900.000      6.8076961E-02   3.242609    
   7000.000      5.5688467E-02   3.163583    
   7100.000      4.2809084E-02   3.087427    
   7200.000      2.6709763E-02   3.014057    
   7300.000      1.3015782E-02   2.943290    
   7400.000     -1.0236603E-03   2.874999    
   7500.000     -1.5368850E-02   2.809069    
   7600.000     -2.9984334E-02   2.745391    
   7700.000     -4.4838537E-02   2.683863    
   7800.000     -5.9903480E-02   2.624388    
   7900.000     -7.5154200E-02   2.566875    
   8000.000     -9.0568922E-02   2.511237    
   8100.000     -0.1061286       2.457393    
   8200.000     -0.1218167       2.405267    
   8300.000     -0.1376193       2.354785    
   8400.000     -0.1535246       2.305879    
   8500.000     -0.1695236       2.258482    
   8600.000     -0.1856093       2.212532    
   8700.000     -0.2017770       2.167971    
   8800.000     -0.2187714       2.124744    
   8900.000     -0.2350826       2.082809    
   9000.000     -0.2509414       2.042504    
   9100.000     -0.2667901       2.003375    
   9200.000     -0.2826240       1.965377    
   9300.000     -0.2984398       1.928465    
   9400.000     -0.3142342       1.892598    
   9500.000     -0.3300054       1.857737    
   9600.000     -0.3457516       1.823843    
   9700.000     -0.3614714       1.790881    
   9800.000     -0.3771646       1.758816    
   9900.000     -0.3928308       1.727616    
   10000.00     -0.4084705       1.697250    
   10100.00     -0.4240843       1.667687    
   10200.00     -0.4396736       1.638899    
   10300.00     -0.4557796       1.610863    
   10400.00     -0.4713510       1.583562    
   10500.00     -0.4868983       1.556959    
   10600.00     -0.5024257       1.531031    
   10700.00     -0.5184383       1.505756    
   10800.00     -0.5339481       1.481122    
   10900.00     -0.5494495       1.457098    
   11000.00     -0.5649429       1.433662    
   11100.00     -0.5804316       1.410796    
   11200.00     -0.5959192       1.388480    
   11300.00     -0.6114102       1.366697    
   11400.00     -0.6269085       1.345430    
   11500.00     -0.6424189       1.324663    
   11600.00     -0.6579459       1.304379    
   11700.00     -0.6745755       1.284567    
   11800.00     -0.6901728       1.265234    
   11900.00     -0.7058037       1.246343    
   12000.00     -0.7214715       1.227879    
   12100.00     -0.7371818       1.209829    
   12200.00     -0.7529408       1.192181    
   12300.00     -0.7687549       1.174923    
   12400.00     -0.7846305       1.158043    
   12500.00     -0.8005750       1.141531    
   12600.00     -0.8165951       1.125375    
   12700.00     -0.8326984       1.109565    
   12800.00     -0.8488929       1.094091    
   12900.00     -0.8651865       1.078944    
   13000.00     -0.8815880       1.064114    
   13100.00     -0.8981062       1.049593    
   13200.00     -0.9147500       1.035372    
   13300.00     -0.9315298       1.021441    
   13400.00     -0.9484552       1.007795    
   13500.00     -0.9655373      0.9944242    
   13600.00     -0.9827872      0.9813215    
   13700.00      -1.000216      0.9684801    
   13800.00      -1.017838      0.9558924    
   13900.00      -1.035664      0.9435523    
   14000.00      -1.053710      0.9314528    
   14100.00      -1.071988      0.9195877    
   14200.00      -1.090516      0.9079510    
   14300.00      -1.109309      0.8965368    
   14400.00      -1.128384      0.8853393    
   14500.00      -1.147761      0.8743531    
   14600.00      -1.167458      0.8635726    
   14700.00      -1.187497      0.8529930    
   14800.00      -1.207901      0.8426089    
   14900.00      -1.228692      0.8324157    
   15000.00      -1.249898      0.8224086    
   15100.00      -1.271545      0.8125830    
   15200.00      -1.293664      0.8029346    
   15300.00      -1.316287      0.7934589    
   15400.00      -1.339445      0.7841520    
   15500.00      -1.363614      0.7750114    
   15600.00      -1.387969      0.7660315    
   15700.00      -1.412986      0.7572086    
   15800.00      -1.438715      0.7485390    
   15900.00      -1.465209      0.7400190    
   16000.00      -1.492527      0.7316452    
   16100.00      -1.520736      0.7234142    
   16200.00      -1.549906      0.7153228    
   16300.00      -1.580119      0.7073679    
   16400.00      -1.611464      0.6995462    
   16500.00      -1.644041      0.6918547    
   16600.00      -1.677964      0.6842906    
   16700.00      -1.713360      0.6768512    
   16800.00      -1.750374      0.6695336    
   16900.00      -1.789173      0.6623350    
   17000.00      -1.829948      0.6552530    
   17100.00      -1.872919      0.6482849    
   17200.00      -1.918345      0.6414284    
   17300.00      -1.966530      0.6346811    
   17400.00      -2.017834      0.6280405    
   17500.00      -2.072691      0.6215044    
   17600.00      -2.131624      0.6150707    
   17700.00      -2.195280      0.6087372    
   17800.00      -2.264462      0.6025017    
   17900.00      -2.340195      0.5963624    
   18000.00      -2.423804      0.5903170    
   18100.00      -2.517047      0.5843637    
   18200.00      -2.622328      0.5785006    
   18300.00      -2.743050      0.5727261    
   18400.00      -2.884268      0.5670381    
   18500.00      -3.053924      0.5614350    
   18600.00      -3.265580      0.5559151    
   18700.00      -3.545327      0.5504766    
   18800.00      -3.954175      0.5451182    
   18888.00      -4.576367      0.5404674    
   18893.00      -4.627791      0.5402051    
   18898.00      -4.682164      0.5399427    
   18900.00      -4.704791      0.5398380    
   18903.00      -4.739789      0.5396807    
   18908.00      -4.801121      0.5394188    
   18913.00      -4.866606      0.5391572    
   18918.00      -4.936864      0.5388957    
   18923.00      -5.012662      0.5386344    
   18928.00      -5.094864      0.5383733    
   18933.00      -5.184703      0.5381123    
   18938.00      -5.283638      0.5378517    
   18943.00      -5.393775      0.5375911    
   18948.00      -5.517832      0.5373308    
   18953.00      -5.659846      0.5370707    
   18958.00      -5.825897      0.5368107    
   18963.00      -6.025498      0.5365509    
   18968.00      -6.275767      0.5362913    
   18973.00      -6.610766      0.5360320    
   18978.00      -7.118745      0.5357727    
   18983.00      -8.198587      0.5355138    
   18988.00      -8.288133       3.713848    
   18993.00      -7.145859       3.711994    
   18998.00      -6.620686       3.710143    
   19000.00      -6.468221       3.709403    
   19003.00      -6.275135       3.708293    
   19008.00      -6.017072       3.706445    
   19013.00      -5.810760       3.704599    
   19018.00      -5.638890       3.702755    
   19023.00      -5.491433       3.700912    
   19028.00      -5.362351       3.699072    
   19033.00      -5.247456       3.697232    
   19038.00      -5.143983       3.695396    
   19043.00      -5.049813       3.693561    
   19048.00      -4.963364       3.691727    
   19053.00      -4.883508       3.689896    
   19058.00      -4.809247       3.688066    
   19063.00      -4.739888       3.686239    
   19068.00      -4.674770       3.684412    
   19073.00      -4.613442       3.682588    
   19078.00      -4.555462       3.680766    
   19083.00      -4.500457       3.678945    
   19100.00      -4.332199       3.672768    
   19200.00      -3.669086       3.636852    
   19300.00      -3.259603       3.601636    
   19400.00      -2.961674       3.567102    
   19500.00      -2.727207       3.533231    
   19600.00      -2.533932       3.500008    
   19700.00      -2.369663       3.467416    
   19800.00      -2.226989       3.435440    
   19900.00      -2.101056       3.404063    
   20000.00      -1.988463       3.373271    
   20100.00      -1.886835       3.343050    
   20200.00      -1.794338       3.313386    
   20300.00      -1.709584       3.284266    
   20400.00      -1.631480       3.255676    
   20500.00      -1.559154       3.227603    
   20600.00      -1.491895       3.200035    
   20700.00      -1.429119       3.172961    
   20800.00      -1.370337       3.146369    
   20900.00      -1.315133       3.120247    
   21000.00      -1.263157       3.094584    
   21100.00      -1.214105       3.069370    
   21200.00      -1.167716       3.044595    
   21300.00      -1.123759       3.020249    
   21400.00      -1.082034       2.996321    
   21500.00      -1.042362       2.972803    
   21600.00      -1.004586       2.949686    
   21700.00     -0.9685646       2.926959    
   21800.00     -0.9341725       2.904616    
   21900.00     -0.9012944       2.882647    
   22000.00     -0.8698282       2.861043    
   22100.00     -0.8396810       2.839798    
   22200.00     -0.8107679       2.818904    
   22300.00     -0.7830121       2.798352    
   22400.00     -0.7563418       2.778136    
   22500.00     -0.7306924       2.758249    
   22600.00     -0.7060046       2.738683    
   22700.00     -0.6822229       2.719431    
   22800.00     -0.6592970       2.700488    
   22900.00     -0.6371790       2.681847    
   23000.00     -0.6158254       2.663501    
   23100.00     -0.5951955       2.645444    
   23200.00     -0.5752516       2.627672    
   23300.00     -0.5559586       2.610177    
   23400.00     -0.5372828       2.592954    
   23500.00     -0.5191936       2.575998    
   23600.00     -0.5016621       2.559303    
   23700.00     -0.4846611       2.542865    
   23800.00     -0.4681652       2.526678    
   23900.00     -0.4521497       2.510736    
   24000.00     -0.4365925       2.495037    
   24100.00     -0.4214719       2.479574    
   24200.00     -0.4067678       2.464343    
   24300.00     -0.3924614       2.449340    
   24400.00     -0.3785340       2.434560    
   24500.00     -0.3649689       2.419999    
   24600.00     -0.3517506       2.405653    
   24700.00     -0.2875557       2.391123    
   24800.00     -0.2741582       2.375072    
   24900.00     -0.2611186       2.359182    
