  Element 60: Nd      Atomic mass:  144.2400

  Edge          keV         A
    K        43.5689    0.2846
    L-I       7.1260    1.7399
    L-II      6.7215    1.8446
    L-III     6.2079    1.9972
    M1        1.5753    7.8705
    M2        1.4028    8.8383
    M3        1.2974    9.5564

Scattering factors as a function of energy: 

   1000.000      -222.1600       172.2258    
   1100.000      -10.97099       33.24553    
   1200.000      -17.41598       21.76273    
   1205.000      -17.62504       21.51943    
   1210.000      -17.83076       21.28838    
   1215.000      -18.03421       21.06849    
   1220.000      -18.23652       20.85880    
   1225.000      -18.43890       20.65844    
   1230.000      -18.64267       20.46663    
   1235.000      -18.84929       20.28271    
   1240.000      -19.06045       20.10603    
   1245.000      -19.27818       19.93606    
   1250.000      -19.50493       19.77228    
   1255.000      -19.74387       19.61426    
   1260.000      -19.99918       19.46160    
   1265.000      -20.27991       19.31395    
   1270.000      -20.58839       19.17097    
   1275.000      -20.94154       19.03235    
   1280.000      -21.36358       18.89783    
   1285.000      -21.90364       18.76717    
   1290.000      -22.68965       18.64013    
   1295.000      -24.32889       18.51654    
   1300.000      -24.25840       22.81371    
   1305.000      -22.79397       22.64808    
   1305.000      -22.79397       22.64808    
   1310.000      -22.14547       22.48714    
   1310.000      -22.14547       22.48714    
   1315.000      -21.74822       22.33069    
   1315.000      -21.74822       22.33069    
   1320.000      -21.47713       22.17855    
   1320.000      -21.47713       22.17855    
   1325.000      -21.28334       22.03057    
   1325.000      -21.28334       22.03057    
   1330.000      -21.14270       21.88657    
   1330.000      -21.14270       21.88657    
   1335.000      -21.04160       21.74644    
   1335.000      -21.04160       21.74644    
   1340.000      -20.97175       21.61002    
   1340.000      -20.97175       21.61002    
   1345.000      -20.92785       21.47721    
   1345.000      -20.92785       21.47721    
   1350.000      -20.90651       21.34790    
   1350.000      -20.90651       21.34790    
   1355.000      -20.90562       21.22198    
   1355.000      -20.90562       21.22198    
   1360.000      -20.92412       21.09936    
   1360.000      -20.92412       21.09936    
   1365.000      -20.97430       20.97996    
   1365.000      -20.97430       20.97996    
   1370.000      -21.03236       20.86371    
   1370.000      -21.03236       20.86371    
   1375.000      -21.11295       20.75053    
   1375.000      -21.11295       20.75053    
   1380.000      -21.22067       20.64034    
   1380.000      -21.22067       20.64034    
   1385.000      -21.36431       20.53309    
   1385.000      -21.36431       20.53309    
   1390.000      -21.56239       20.42873    
   1390.000      -21.56239       20.42873    
   1395.000      -21.86288       20.32720    
   1395.000      -21.86288       20.32720    
   1400.000      -22.47725       20.22846    
   1405.000      -22.63710       21.96752    
   1410.000      -21.96847       21.85758    
   1415.000      -21.69655       21.75091    
   1420.000      -21.54098       21.64746    
   1425.000      -21.44484       21.54721    
   1430.000      -21.38639       21.45012    
   1435.000      -21.35498       21.35618    
   1440.000      -21.34455       21.26536    
   1445.000      -21.35138       21.17766    
   1450.000      -21.37300       21.09308    
   1455.000      -21.40773       21.01161    
   1460.000      -21.45438       20.93326    
   1465.000      -21.51209       20.85805    
   1470.000      -21.58027       20.78598    
   1475.000      -21.65850       20.71709    
   1478.000      -21.71013       20.67730    
   1480.000      -21.74649       20.65141    
   1483.000      -21.80390       20.61356    
   1485.000      -21.84409       20.58898    
   1488.000      -21.90723       20.55309    
   1490.000      -21.95123       20.52983    
   1493.000      -22.02011       20.49594    
   1495.000      -22.06795       20.47403    
   1498.000      -22.14261       20.44217    
   1500.000      -22.19434       20.42163    
   1503.000      -22.27490       20.39184    
   1508.000      -22.41721       20.34502    
   1513.000      -22.56988       20.30180    
   1518.000      -22.73335       20.26226    
   1523.000      -22.90820       20.22650    
   1528.000      -23.09514       20.19464    
   1533.000      -23.29515       20.16678    
   1538.000      -23.50948       20.14308    
   1543.000      -23.73990       20.12366    
   1548.000      -23.98896       20.10869    
   1553.000      -24.26063       20.09834    
   1558.000      -24.56172       20.09280    
   1563.000      -24.90584       20.09227    
   1568.000      -25.32809       20.09697    
   1573.000      -25.99736       20.10713    
   1578.000      -26.18776       21.29536    
   1583.000      -26.05951       21.31436    
   1588.000      -26.14972       21.33973    
   1593.000      -26.31697       21.37178    
   1598.000      -26.52994       21.41087    
   1600.000      -26.62499       21.42857    
   1603.000      -26.77673       21.45739    
   1608.000      -27.05180       21.51175    
   1613.000      -27.35237       21.57439    
   1618.000      -27.67702       21.64581    
   1623.000      -28.02513       21.72652    
   1628.000      -28.39659       21.81709    
   1633.000      -28.79163       21.91814    
   1638.000      -29.21075       22.03033    
   1643.000      -29.65463       22.15437    
   1648.000      -30.12414       22.29104    
   1653.000      -30.21970       22.44032    
   1658.000      -30.74212       22.59871    
   1663.000      -31.29372       22.77245    
   1668.000      -31.87587       22.96261    
   1673.000      -32.49013       23.17034    
   1700.000      -10.17749       23.77393    
   1800.000      -8.890843       22.16879    
   1900.000      -7.592453       20.69083    
   2000.000      -6.798687       19.34042    
   2100.000      -6.133685       18.11884    
   2200.000      -5.638931       17.00338    
   2300.000      -5.352540       15.99478    
   2400.000      -5.045087       15.07435    
   2500.000      -4.804780       14.23137    
   2600.000      -4.641282       13.45733    
   2700.000      -4.502455       12.74903    
   2800.000      -4.400890       12.09563    
   2900.000      -4.344171       11.49384    
   3000.000      -4.302425       10.93654    
   3100.000      -4.282350       10.42310    
   3200.000      -4.281208       9.946372    
   3300.000      -4.295607       9.502919    
   3400.000      -4.323860       9.089608    
   3500.000      -4.364373       8.703697    
   3600.000      -4.415882       8.342752    
   3700.000      -4.477395       8.004607    
   3800.000      -4.548157       7.687333    
   3900.000      -4.627613       7.389200    
   4000.000      -4.726229       7.108998    
   4100.000      -4.822451       6.845425    
   4200.000      -4.926631       6.596805    
   4300.000      -5.040062       6.362027    
   4400.000      -5.160683       6.140029    
   4500.000      -5.290062       5.929865    
   4600.000      -5.430264       5.730698    
   4700.000      -5.579240       5.541770    
   4800.000      -5.739467       5.362340    
   4900.000      -5.912310       5.191767    
   5000.000      -6.099522       5.029458    
   5100.000      -6.303355       4.874871    
   5200.000      -6.526738       4.727511    
   5300.000      -6.773543       4.586922    
   5400.000      -7.049003       4.452682    
   5500.000      -7.360420       4.324406    
   5600.000      -7.718393       4.201735    
   5700.000      -8.147805       4.084697    
   5800.000      -8.658286       3.972724    
   5900.000      -9.307886       3.865430    
   6000.000      -10.20643       3.762572    
   6100.000      -11.69323       3.663960    
   6110.000      -11.91136       3.654346    
   6115.000      -12.02883       3.649554    
   6120.000      -12.15275       3.644772    
   6125.000      -12.28388       3.640000    
   6130.000      -12.42311       3.635237    
   6135.000      -12.57152       3.630483    
   6140.000      -12.73042       3.625740    
   6145.000      -12.90144       3.621006    
   6150.000      -13.08660       3.616282    
   6155.000      -13.28846       3.611567    
   6160.000      -13.51034       3.606862    
   6165.000      -13.75673       3.602166    
   6170.000      -14.03372       3.597480    
   6175.000      -14.35002       3.592803    
   6180.000      -14.71866       3.588136    
   6185.000      -15.16056       3.583478    
   6190.000      -15.71214       3.578829    
   6195.000      -16.44630       3.574190    
   6200.000      -17.54658       3.569560    
   6205.000      -19.79935       3.564939    
   6210.000      -20.54021       10.66101    
   6215.000      -17.77320       10.64249    
   6220.000      -16.55962       10.62404    
   6225.000      -15.77155       10.60565    
   6230.000      -15.18716       10.58733    
   6235.000      -14.72284       10.56908    
   6240.000      -14.33789       10.55090    
   6245.000      -14.00935       10.53278    
   6250.000      -13.72305       10.51473    
   6255.000      -13.46959       10.49675    
   6260.000      -13.24241       10.47882    
   6265.000      -13.03680       10.46097    
   6270.000      -12.84914       10.44318    
   6275.000      -12.67674       10.42545    
   6280.000      -12.51744       10.40779    
   6285.000      -12.36956       10.39019    
   6290.000      -12.23166       10.37266    
   6295.000      -12.10264       10.35519    
   6300.000      -11.98152       10.33778    
   6305.000      -11.86753       10.32043    
   6400.000      -10.50593       10.00236    
   6500.000      -9.915818       9.689740    
   6600.000      -9.898324       9.397933    
   6624.000      -10.00859       9.330793    
   6629.000      -10.04033       9.316941    
   6634.000      -10.07571       9.303138    
   6639.000      -10.11513       9.289378    
   6644.000      -10.15904       9.275664    
   6649.000      -10.20797       9.261997    
   6654.000      -10.26260       9.248376    
   6659.000      -10.32374       9.234799    
   6664.000      -10.39241       9.221268    
   6669.000      -10.46994       9.207781    
   6674.000      -10.55801       9.194340    
   6679.000      -10.65893       9.180943    
   6684.000      -10.77583       9.167590    
   6689.000      -10.91321       9.154281    
   6694.000      -11.07784       9.141017    
   6699.000      -11.28065       9.127796    
   6700.000      -11.32725       9.125157    
   6704.000      -11.54085       9.114619    
   6709.000      -11.89741       9.101485    
   6714.000      -12.45111       9.088394    
   6719.000      -13.66916       9.075348    
   6724.000      -13.65447       12.62447    
   6729.000      -12.38171       12.60508    
   6734.000      -11.77788       12.58577    
   6739.000      -11.37315       12.56653    
   6744.000      -11.06599       12.54735    
   6749.000      -10.81712       12.52824    
   6754.000      -10.60712       12.50920    
   6759.000      -10.42499       12.49022    
   6764.000      -10.26382       12.47132    
   6769.000      -10.11905       12.45247    
   6774.000      -9.987489       12.43370    
   6779.000      -9.866812       12.41499    
   6784.000      -9.755255       12.39635    
   6789.000      -9.651487       12.37777    
   6794.000      -9.554453       12.35926    
   6799.000      -9.463317       12.34081    
   6800.000      -9.445725       12.33713    
   6804.000      -9.377376       12.32243    
   6809.000      -9.296073       12.30411    
   6814.000      -9.218938       12.28586    
   6819.000      -9.145584       12.26767    
   6900.000      -8.303381       11.98174    
   7000.000      -7.790770       11.65007    
   7029.000      -7.739440       11.55803    
   7034.000      -7.736511       11.54234    
   7039.000      -7.735659       11.52670    
   7044.000      -7.737069       11.51112    
   7049.000      -7.740953       11.49559    
   7054.000      -7.747690       11.48011    
   7059.000      -7.757398       11.46469    
   7064.000      -7.770640       11.44931    
   7069.000      -7.787903       11.43399    
   7074.000      -7.809853       11.41872    
   7079.000      -7.837356       11.40350    
   7084.000      -7.871582       11.38833    
   7089.000      -7.914145       11.37321    
   7094.000      -7.967368       11.35814    
   7099.000      -8.034787       11.34312    
   7100.000      -8.050418       11.34012    
   7104.000      -8.122112       11.32815    
   7109.000      -8.239537       11.31323    
   7114.000      -8.408099       11.29836    
   7119.000      -8.684214       11.28354    
   7124.000      -9.362340       11.26877    
   7129.000      -9.109167       13.02563    
   7134.000      -8.529515       13.01038    
   7139.000      -8.229565       12.99516    
   7144.000      -8.020247       12.98000    
   7149.000      -7.856532       12.96488    
   7154.000      -7.720430       12.94982    
   7159.000      -7.602875       12.93479    
   7164.000      -7.498692       12.91982    
   7169.000      -7.404624       12.90488    
   7174.000      -7.318500       12.89000    
   7179.000      -7.238771       12.87516    
   7184.000      -7.164330       12.86037    
   7189.000      -7.094335       12.84562    
   7194.000      -7.028144       12.83092    
   7199.000      -6.965233       12.81626    
   7200.000      -6.953009       12.81334    
   7204.000      -6.905200       12.80165    
   7209.000      -6.847709       12.78708    
   7214.000      -6.792485       12.77256    
   7219.000      -6.739302       12.75808    
   7224.000      -6.687954       12.74365    
   7300.000      -6.055912       12.52957    
   7400.000      -5.449692       12.26241    
   7500.000      -4.973139       12.01061    
   7600.000      -4.576921       11.77306    
   7700.000      -4.237320       11.54875    
   7800.000      -3.940383       11.33675    
   7900.000      -3.676920       11.13623    
   8000.000      -3.440416       10.94645    
   8100.000      -2.996889       10.75822    
   8200.000      -2.791244       10.55826    
   8300.000      -2.603791       10.36554    
   8400.000      -2.432213       10.17971    
   8500.000      -2.274629       10.00043    
   8600.000      -2.129529       9.827390    
   8700.000      -1.995737       9.660311    
   8800.000      -1.734552       9.489115    
   8900.000      -1.616378       9.316629    
   9000.000      -1.503938       9.151339    
   9100.000      -1.399481       8.990500    
   9200.000      -1.302330       8.833956    
   9300.000      -1.212252       8.681561    
   9400.000      -1.128051       8.533195    
   9500.000      -1.049523       8.388693    
   9600.000     -0.9762912       8.247920    
   9700.000     -0.9078652       8.110748    
   9800.000     -0.8439268       7.977051    
   9900.000     -0.7841614       7.846712    
   10000.00     -0.7282754       7.719615    
   10100.00     -0.6760028       7.595652    
   10200.00     -0.6271002       7.474720    
   10300.00     -0.5813432       7.356718    
   10400.00     -0.5385274       7.241551    
   10500.00     -0.4984632       7.129126    
   10600.00     -0.4609769       7.019355    
   10700.00     -0.4259081       6.912156    
   10800.00     -0.3931077       6.807445    
   10900.00     -0.3624385       6.705146    
   11000.00     -0.3337723       6.605182    
   11100.00     -0.3069910       6.507483    
   11200.00     -0.2819843       6.411980    
   11300.00     -0.2586493       6.318605    
   11400.00     -0.2368907       6.227296    
   11500.00     -0.2166188       6.137989    
   11600.00     -0.1977505       6.050627    
   11700.00     -0.1802079       5.965152    
   11800.00     -0.1639178       5.881510    
   11900.00     -0.1488121       5.799647    
   12000.00     -0.1348265       5.719512    
   12100.00     -0.1219010       5.641057    
   12200.00     -0.1099793       5.564233    
   12300.00     -9.9008083E-02   5.488996    
   12400.00     -8.8937692E-02   5.415301    
   12500.00     -8.1757955E-02   5.343181    
   12600.00     -7.3370695E-02   5.272534    
   12700.00     -6.5747745E-02   5.203307    
   12800.00     -5.8849763E-02   5.135460    
   12900.00     -5.2639905E-02   5.068958    
   13000.00     -4.7083162E-02   5.003763    
   13100.00     -4.2146634E-02   4.939841    
   13200.00     -3.7799239E-02   4.877160    
   13300.00     -3.4011453E-02   4.815684    
   13400.00     -3.0755512E-02   4.755386    
   13500.00     -3.0590132E-02   4.696293    
   13600.00     -2.8336292E-02   4.638361    
   13700.00     -2.6535697E-02   4.581518    
   13800.00     -2.5166024E-02   4.525734    
   13900.00     -2.4206176E-02   4.470985    
   14000.00     -2.3636110E-02   4.417243    
   14100.00     -2.3436841E-02   4.364483    
   14200.00     -2.3590339E-02   4.312682    
   14300.00     -2.4797959E-02   4.261829    
   14400.00     -2.5614753E-02   4.211903    
   14500.00     -2.6734671E-02   4.162867    
   14600.00     -2.8143050E-02   4.114700    
   14700.00     -2.9825946E-02   4.067381    
   14800.00     -3.1770151E-02   4.020891    
   14900.00     -3.3963040E-02   3.975209    
   15000.00     -3.6392666E-02   3.930315    
   15100.00     -3.9047625E-02   3.886193    
   15200.00     -4.1917037E-02   3.842825    
   15300.00     -4.4990633E-02   3.800192    
   15400.00     -4.8258521E-02   3.758278    
   15500.00     -5.1711395E-02   3.717067    
   15600.00     -5.5340312E-02   3.676542    
   15700.00     -5.9136733E-02   3.636690    
   15800.00     -6.3092634E-02   3.597493    
   15900.00     -6.7200206E-02   3.558938    
   16000.00     -7.1452186E-02   3.521010    
   16100.00     -7.5841494E-02   3.483697    
   16200.00     -8.0361456E-02   3.446983    
   16300.00     -8.5005596E-02   3.410858    
   16400.00     -8.9767985E-02   3.375307    
   16500.00     -9.4642743E-02   3.340318    
   16600.00     -9.9624313E-02   3.305880    
   16700.00     -0.1047074       3.271980    
   16800.00     -0.1098869       3.238608    
   16900.00     -0.1151580       3.205752    
   17000.00     -0.1205159       3.173402    
   17100.00     -0.1259751       3.141547    
   17200.00     -0.1314944       3.110176    
   17300.00     -0.1370881       3.079281    
   17400.00     -0.1427527       3.048851    
   17500.00     -0.1484843       3.018876    
   17600.00     -0.1542794       2.989348    
   17700.00     -0.1601347       2.960258    
   17800.00     -0.1660469       2.931597    
   17900.00     -0.1720131       2.903356    
   18000.00     -0.1780305       2.875527    
   18100.00     -0.1840962       2.848101    
   18200.00     -0.1902076       2.821072    
   18300.00     -0.1963619       2.794432    
   18400.00     -0.2028336       2.768173    
   18500.00     -0.2090650       2.742289    
   18600.00     -0.2153328       2.716771    
   18700.00     -0.2216349       2.691612    
   18800.00     -0.2284008       2.666807    
   18900.00     -0.2347625       2.642350    
   19000.00     -0.2411522       2.618233    
   19100.00     -0.2475686       2.594448    
   19200.00     -0.2540101       2.570990    
   19300.00     -0.2604751       2.547853    
   19400.00     -0.2669622       2.525031    
   19500.00     -0.2734699       2.502517    
   19600.00     -0.2799969       2.480307    
   19700.00     -0.2865419       2.458395    
   19800.00     -0.2931036       2.436776    
   19900.00     -0.2996809       2.415443    
   20000.00     -0.3062728       2.394393    
   20100.00     -0.3128782       2.373620    
   20200.00     -0.3194960       2.353118    
   20300.00     -0.3261252       2.332885    
   20400.00     -0.3327652       2.312914    
   20500.00     -0.3394149       2.293201    
   20600.00     -0.3460736       2.273741    
   20700.00     -0.3527406       2.254531    
   20800.00     -0.3594149       2.235566    
   20900.00     -0.3660962       2.216842    
   21000.00     -0.3727838       2.198354    
   21100.00     -0.3794769       2.180099    
   21200.00     -0.3861752       2.162072    
   21300.00     -0.3928778       2.144270    
   21400.00     -0.3995847       2.126689    
   21500.00     -0.4062952       2.109325    
   21600.00     -0.4130089       2.092175    
   21700.00     -0.4197254       2.075236    
   21800.00     -0.4264443       2.058503    
   21900.00     -0.4331654       2.041973    
   22000.00     -0.4398884       2.025643    
   22100.00     -0.4466130       2.009511    
   22200.00     -0.4533388       1.993571    
   22300.00     -0.4600657       1.977822    
   22400.00     -0.4667937       1.962260    
   22500.00     -0.4735224       1.946883    
   22600.00     -0.4802518       1.931687    
   22700.00     -0.4869817       1.916670    
   22800.00     -0.4937119       1.901828    
   22900.00     -0.5004427       1.887160    
   23000.00     -0.5071738       1.872661    
   23100.00     -0.5139052       1.858330    
   23200.00     -0.5206370       1.844165    
   23300.00     -0.5273690       1.830161    
   23400.00     -0.5341017       1.816318    
   23500.00     -0.5408348       1.802632    
   23600.00     -0.5475686       1.789101    
   23700.00     -0.5543032       1.775723    
   23800.00     -0.5610387       1.762495    
   23900.00     -0.5677754       1.749415    
   24000.00     -0.5745135       1.736482    
   24100.00     -0.5812532       1.723691    
   24200.00     -0.5879949       1.711043    
   24300.00     -0.5947387       1.698534    
   24400.00     -0.6014852       1.686162    
   24500.00     -0.6082348       1.673926    
   24600.00     -0.6149878       1.661823    
   24700.00     -0.6217448       1.649851    
   24800.00     -0.6285062       1.638009    
   24900.00     -0.6352729       1.626295    
