  Element 28: Ni      Atomic mass:   58.6900

  Edge          keV         A
    K         8.3328    1.4879
    L-I       1.0081   12.2988

Scattering factors as a function of energy: 

   1000.000      -9.593933       13.39917    
   1100.000      -5.549310       13.26457    
   1200.000      -3.719096       11.73650    
   1300.000      -2.636690       10.52214    
   1400.000      -1.835590       9.498097    
   1500.000      -1.172222       8.609015    
   1600.000     -0.7922468       7.821604    
   1700.000     -0.5316399       7.137436    
   1800.000     -0.3382735       6.538784    
   1900.000     -0.2013661       6.011590    
   2000.000     -0.1063122       5.544725    
   2100.000     -6.4211868E-02   5.133331    
   2200.000     -2.5005860E-02   4.767177    
   2300.000     -3.2599678E-03   4.439067    
   2400.000      5.0949012E-03   4.143850    
   2500.000      3.1081920E-03   3.877227    
   2600.000     -6.9176210E-03   3.635584    
   2700.000     -2.3243332E-02   3.415866    
   2800.000     -4.4570249E-02   3.215476    
   2900.000     -6.9970869E-02   3.032193    
   3000.000     -9.8885335E-02   2.864109    
   3100.000     -0.1277351       2.711399    
   3200.000     -0.1580192       2.570732    
   3300.000     -0.1893597       2.440859    
   3400.000     -0.2214625       2.320691    
   3500.000     -0.2564550       2.209375    
   3600.000     -0.2897311       2.106084    
   3700.000     -0.3231784       2.009991    
   3800.000     -0.3567021       1.920433    
   3900.000     -0.3902354       1.836821    
   4000.000     -0.4237330       1.758633    
   4100.000     -0.4571677       1.685401    
   4200.000     -0.4905272       1.616710    
   4300.000     -0.5238114       1.552185    
   4400.000     -0.5590216       1.491537    
   4500.000     -0.5922644       1.434516    
   4600.000     -0.6254724       1.380758    
   4700.000     -0.6586798       1.330014    
   4800.000     -0.6919257       1.282061    
   4900.000     -0.7252548       1.236694    
   5000.000     -0.7587175       1.193729    
   5100.000     -0.7923695       1.152996    
   5200.000     -0.8262719       1.114342    
   5300.000     -0.8604919       1.077626    
   5400.000     -0.8951026       1.042718    
   5500.000     -0.9301841       1.009501    
   5600.000     -0.9658244      0.9778656    
   5700.000      -1.002120      0.9477116    
   5800.000      -1.039178      0.9189466    
   5900.000      -1.077116      0.8914860    
   6000.000      -1.116066      0.8652510    
   6100.000      -1.156176      0.8401688    
   6200.000      -1.197613      0.8161721    
   6300.000      -1.240566      0.7931983    
   6400.000      -1.285253      0.7711896    
   6500.000      -1.331926      0.7500921    
   6600.000      -1.380877      0.7298554    
   6700.000      -1.432450      0.7104329    
   6800.000      -1.487057      0.6917810    
   6900.000      -1.545189      0.6738591    
   7000.000      -1.607450      0.6566291    
   7100.000      -1.674584      0.6400555    
   7200.000      -1.747529      0.6241051    
   7300.000      -1.827488      0.6087465    
   7400.000      -1.916041      0.5939506    
   7500.000      -2.015319      0.5796901    
   7600.000      -2.128292      0.5659390    
   7700.000      -2.259275      0.5526733    
   7800.000      -2.414876      0.5398699    
   7900.000      -2.605953      0.5275077    
   8000.000      -2.852223      0.5155662    
   8100.000      -3.195441      0.5040265    
   8200.000      -3.751945      0.4928706    
   8235.000      -4.062945      0.4890535    
   8240.000      -4.116770      0.4885119    
   8245.000      -4.173718      0.4879711    
   8250.000      -4.234159      0.4874312    
   8255.000      -4.298531      0.4868922    
   8260.000      -4.367362      0.4863541    
   8265.000      -4.441293      0.4858169    
   8270.000      -4.521112      0.4852806    
   8275.000      -4.607788      0.4847453    
   8280.000      -4.702605      0.4842108    
   8285.000      -4.807179      0.4836771    
   8290.000      -4.923679      0.4831443    
   8295.000      -5.055091      0.4826124    
   8300.000      -5.205676      0.4820814    
   8305.000      -5.381822      0.4815513    
   8310.000      -5.593750      0.4810220    
   8315.000      -5.859298      0.4804938    
   8320.000      -6.214471      0.4799662    
   8325.000      -6.750240      0.4794396    
   8330.000      -7.863682      0.4789138    
   8335.000      -8.132341       3.920288    
   8340.000      -6.824592       3.914701    
   8345.000      -6.239768       3.909149    
   8350.000      -5.857252       3.903633    
   8355.000      -5.572088       3.898152    
   8360.000      -5.344337       3.892705    
   8365.000      -5.154601       3.887292    
   8370.000      -4.991902       3.881914    
   8375.000      -4.849433       3.876570    
   8380.000      -4.722680       3.871260    
   8385.000      -4.608490       3.865984    
   8390.000      -4.504582       3.860742    
   8395.000      -4.409243       3.855534    
   8400.000      -4.321175       3.850359    
   8405.000      -4.239313       3.845217    
   8410.000      -4.162850       3.840108    
   8415.000      -4.091115       3.835032    
   8420.000      -4.023556       3.829989    
   8425.000      -3.959714       3.824978    
   8430.000      -3.899201       3.820000    
   8500.000      -3.276193       3.753627    
   8600.000      -2.739276       3.668997    
   8700.000      -2.379584       3.595433    
   8800.000      -2.110909       3.532046    
   8900.000      -1.896863       3.478072    
   9000.000      -1.704134       3.422464    
   9100.000      -1.538233       3.367583    
   9200.000      -1.392911       3.313432    
   9300.000      -1.263937       3.260013    
   9400.000      -1.148311       3.207331    
   9500.000      -1.043816       3.155385    
   9600.000     -0.9487706       3.104175    
   9700.000     -0.8618662       3.053701    
   9800.000     -0.7820586       3.003961    
   9900.000     -0.7085050       2.954955    
   10000.00     -0.6405100       2.906677    
   10100.00     -0.5774956       2.859127    
   10200.00     -0.5189744       2.812299    
   10300.00     -0.4645295       2.766189    
   10400.00     -0.4138045       2.720793    
   10500.00     -0.3664884       2.676104    
   10600.00     -0.3223110       2.632118    
   10700.00     -0.2810345       2.588830    
   10800.00     -0.2424458       2.546231    
   10900.00     -0.2458498       2.506776    
   11000.00     -0.2133685       2.469333    
   11100.00     -0.1827929       2.432720    
   11200.00     -0.1539826       2.396912    
   11300.00     -0.1268104       2.361884    
   11400.00     -0.1011623       2.327614    
   11500.00     -7.6933950E-02   2.294080    
   11600.00     -5.4031011E-02   2.261261    
   11700.00     -3.2367330E-02   2.229136    
   11800.00     -1.1863473E-02   2.197686    
   11900.00      7.5526582E-03   2.166892    
   12000.00      2.5948085E-02   2.136734    
   12100.00      4.3384027E-02   2.107197    
   12200.00      5.9917025E-02   2.078263    
   12300.00      7.5599827E-02   2.049914    
   12400.00      9.0480708E-02   2.022136    
   12500.00      0.1046050       1.994913    
   12600.00      0.1180146       1.968230    
   12700.00      0.1307482       1.942073    
   12800.00      0.1428425       1.916428    
   12900.00      0.1543312       1.891282    
   13000.00      0.1652462       1.866621    
   13100.00      0.1756172       1.842433    
   13200.00      0.1854717       1.818706    
   13300.00      0.1948360       1.795429    
   13400.00      0.2037344       1.772589    
   13500.00      0.2121902       1.750177    
   13600.00      0.2202247       1.728180    
   13700.00      0.2278584       1.706590    
   13800.00      0.2351105       1.685395    
   13900.00      0.2419989       1.664587    
   14000.00      0.2485410       1.644156    
   14100.00      0.2547526       1.624092    
   14200.00      0.2606491       1.604387    
   14300.00      0.2662448       1.585033    
   14400.00      0.2715535       1.566021    
   14500.00      0.2765880       1.547342    
   14600.00      0.2813605       1.528990    
   14700.00      0.2858827       1.510957    
   14800.00      0.2901657       1.493235    
   14900.00      0.2942197       1.475817    
   15000.00      0.2980549       1.458696    
   15100.00      0.3016805       1.441865    
   15200.00      0.3051057       1.425318    
   15300.00      0.3083389       1.409049    
   15400.00      0.3113883       1.393051    
   15500.00      0.3142615       1.377319    
   15600.00      0.3169661       1.361845    
   15700.00      0.3195089       1.346626    
   15800.00      0.3218968       1.331655    
   15900.00      0.3241361       1.316926    
   16000.00      0.3262329       1.302435    
   16100.00      0.3279155       1.288178    
   16200.00      0.3297457       1.274149    
   16300.00      0.3314502       1.260344    
   16400.00      0.3328217       1.246757    
   16500.00      0.3342907       1.233384    
   16600.00      0.3356484       1.220221    
   16700.00      0.3345343       1.207289    
   16800.00      0.3356697       1.194608    
   16900.00      0.3367088       1.182124    
   17000.00      0.3376556       1.169832    
   17100.00      0.3385137       1.157728    
   17200.00      0.3392867       1.145809    
   17300.00      0.3399779       1.134071    
   17400.00      0.3405905       1.122509    
   17500.00      0.3411278       1.111121    
   17600.00      0.3415926       1.099902    
   17700.00      0.3419878       1.088850    
   17800.00      0.3423163       1.077962    
   17900.00      0.3425805       1.067234    
   18000.00      0.3427830       1.056662    
   18100.00      0.3429263       1.046245    
   18200.00      0.3430127       1.035978    
   18300.00      0.3430443       1.025860    
   18400.00      0.3430234       1.015886    
   18500.00      0.3429521       1.006055    
   18600.00      0.3428323      0.9963632    
   18700.00      0.3426659      0.9868087    
   18800.00      0.3424547      0.9773888    
   18900.00      0.3422005      0.9681006    
   19000.00      0.3419051      0.9589419    
   19100.00      0.3415699      0.9499102    
   19200.00      0.3411967      0.9410033    
   19300.00      0.3407868      0.9322190    
   19400.00      0.3403419      0.9235546    
   19500.00      0.3398632      0.9150082    
   19600.00      0.3393520      0.9065778    
   19700.00      0.3388098      0.8982611    
   19800.00      0.3382377      0.8900563    
   19900.00      0.3376369      0.8819610    
   20000.00      0.3370086      0.8739735    
   20100.00      0.3363539      0.8660919    
   20200.00      0.3356739      0.8583143    
   20300.00      0.3349697      0.8506390    
   20400.00      0.3342421      0.8430640    
   20500.00      0.3334922      0.8355876    
   20600.00      0.3327208      0.8282082    
   20700.00      0.3319290      0.8209241    
   20800.00      0.3311175      0.8137337    
   20900.00      0.3302871      0.8066353    
   21000.00      0.3294387      0.7996272    
   21100.00      0.3285730      0.7927082    
   21200.00      0.3276907      0.7858766    
   21300.00      0.3267925      0.7791311    
   21400.00      0.3258784      0.7724701    
   21500.00      0.3239159      0.7658927    
   21600.00      0.3229596      0.7594026    
   21700.00      0.3220059      0.7529928    
   21800.00      0.3210402      0.7466622    
   21900.00      0.3200627      0.7404092    
   22000.00      0.3190738      0.7342327    
   22100.00      0.3180740      0.7281314    
   22200.00      0.3170639      0.7221040    
   22300.00      0.3160440      0.7161497    
   22400.00      0.3150147      0.7102668    
   22500.00      0.3139764      0.7044545    
   22600.00      0.3129297      0.6987115    
   22700.00      0.3118750      0.6930369    
   22800.00      0.3108127      0.6874295    
   22900.00      0.3097432      0.6818882    
   23000.00      0.3086668      0.6764120    
   23100.00      0.3075839      0.6709999    
   23200.00      0.3064950      0.6656510    
   23300.00      0.3054003      0.6603642    
   23400.00      0.3043002      0.6551386    
   23500.00      0.3031951      0.6499731    
   23600.00      0.3020851      0.6448670    
   23700.00      0.3009707      0.6398193    
   23800.00      0.2998521      0.6348292    
   23900.00      0.2987296      0.6298957    
   24000.00      0.2976034      0.6250180    
   24100.00      0.2964739      0.6201952    
   24200.00      0.2953413      0.6154267    
   24300.00      0.2942057      0.6107115    
   24400.00      0.2930675      0.6060488    
   24500.00      0.2919269      0.6014379    
   24600.00      0.2907841      0.5968779    
   24700.00      0.2896392      0.5923683    
   24800.00      0.2884926      0.5879083    
   24900.00      0.2873443      0.5834970    
