  Element 91: Pa      Atomic mass:  231.0359

  Edge          keV         A
    K       112.6014    0.1101
    L-I      21.1046    0.5875
    L-II     20.3137    0.6103
    L-III    16.7331    0.7410
    M1        5.3669    2.3102
    M2        5.0009    2.4792
    M3        4.1738    2.9705
    M4        3.6112    3.4333
    M5        3.4418    3.6023
    N1        1.3871    8.9384
    N2        1.2243   10.1269
    N3        1.0067   12.3159

Scattering factors as a function of energy: 

   1000.000      -38.22094       34.53698    
   1100.000      -32.72781       34.21110    
   1127.000      -31.83433       33.50752    
   1132.000      -31.68198       33.37980    
   1137.000      -31.53339       33.25286    
   1142.000      -31.38848       33.12671    
   1147.000      -31.24717       33.00134    
   1152.000      -31.10942       32.87674    
   1157.000      -30.97523       32.75291    
   1162.000      -30.84459       32.62986    
   1167.000      -30.71755       32.50756    
   1172.000      -30.59420       32.38604    
   1177.000      -30.47469       32.26528    
   1182.000      -30.35925       32.14528    
   1187.000      -30.24821       32.02605    
   1192.000      -30.14210       31.90757    
   1197.000      -30.13241       31.78992    
   1200.000      -30.07679       31.72082    
   1202.000      -30.04141       31.67493    
   1207.000      -29.96013       31.56078    
   1212.000      -29.89361       31.44747    
   1217.000      -29.85549       31.33501    
   1222.000      -29.91218       31.22340    
   1227.000      -29.77642       31.57485    
   1232.000      -29.51233       31.46195    
   1237.000      -29.33181       31.35006    
   1242.000      -29.18059       31.23918    
   1247.000      -29.04179       31.12930    
   1252.000      -28.91241       31.02041    
   1257.000      -28.86927       30.91273    
   1262.000      -28.75375       30.80746    
   1267.000      -28.64278       30.70322    
   1272.000      -28.53570       30.60003    
   1277.000      -28.43206       30.49788    
   1282.000      -28.33155       30.39678    
   1287.000      -28.23393       30.29673    
   1290.000      -28.17667       30.23719    
   1292.000      -28.13903       30.19771    
   1295.000      -28.08333       30.13881    
   1297.000      -28.04671       30.09975    
   1300.000      -27.99251       30.04148    
   1302.000      -27.95687       30.00284    
   1305.000      -27.90414       29.94520    
   1307.000      -27.86946       29.90698    
   1310.000      -27.42741       29.84607    
   1312.000      -27.38986       29.80218    
   1315.000      -27.33434       29.73649    
   1317.000      -27.29786       29.69280    
   1320.000      -27.24396       29.62741    
   1322.000      -27.20857       29.58391    
   1325.000      -27.15632       29.51881    
   1330.000      -27.07151       29.41071    
   1335.000      -26.98968       29.30310    
   1340.000      -26.91105       29.19597    
   1345.000      -26.83591       29.08934    
   1350.000      -26.76472       28.98320    
   1355.000      -26.69812       28.87754    
   1360.000      -26.63713       28.77238    
   1365.000      -26.58340       28.66770    
   1370.000      -26.53991       28.56351    
   1375.000      -26.51280       28.45981    
   1380.000      -26.51842       28.35659    
   1385.000      -26.64015       28.25386    
   1390.000      -26.50483       28.67991    
   1395.000      -26.25665       28.57930    
   1400.000      -26.09534       28.47914    
   1405.000      -25.96239       28.37943    
   1410.000      -25.84413       28.28019    
   1415.000      -25.73511       28.18140    
   1420.000      -25.63262       28.08307    
   1425.000      -25.53508       27.98519    
   1430.000      -25.44151       27.88777    
   1435.000      -25.35125       27.79081    
   1440.000      -25.68262       27.69590    
   1445.000      -25.59940       27.60387    
   1450.000      -25.51834       27.51231    
   1455.000      -25.43923       27.42121    
   1460.000      -25.36192       27.33057    
   1465.000      -25.28627       27.24040    
   1470.000      -25.21216       27.15068    
   1475.000      -25.13952       27.06143    
   1480.000      -25.06825       26.97263    
   1485.000      -25.34064       26.88441    
   1500.000      -25.14121       26.63168    
   1600.000      -23.92418       25.04393    
   1700.000      -23.09000       23.54897    
   1800.000      -22.41880       22.17255    
   1900.000      -21.99152       20.91438    
   2000.000      -21.64842       19.75363    
   2100.000      -21.45063       18.68366    
   2200.000      -21.35186       17.69300    
   2300.000      -21.36032       16.77354    
   2400.000      -21.47250       15.91868    
   2500.000      -21.69477       15.12326    
   2600.000      -22.02119       14.38224    
   2700.000      -22.46787       13.69043    
   2800.000      -23.05700       13.04387    
   2900.000      -24.03596       12.45349    
   3000.000      -25.19032       11.91166    
   3100.000      -26.49690       11.42816    
   3200.000      -28.31039       10.97600    
   3300.000      -31.11291       10.55238    
   3344.000      -33.01128       10.37437    
   3349.000      -33.27412       10.35445    
   3354.000      -33.54996       10.33459    
   3359.000      -33.84016       10.31480    
   3364.000      -34.14639       10.29506    
   3369.000      -34.47056       10.27539    
   3374.000      -34.81506       10.25578    
   3379.000      -35.18273       10.23623    
   3384.000      -35.57718       10.21674    
   3389.000      -36.00289       10.19731    
   3394.000      -36.46574       10.17795    
   3399.000      -36.97341       10.15864    
   3400.000      -37.08121       10.15478    
   3404.000      -37.53654       10.13939    
   3409.000      -38.17013       10.12020    
   3414.000      -38.89669       10.10106    
   3419.000      -39.75200       10.08199    
   3424.000      -40.79873       10.06298    
   3429.000      -42.16214       10.04402    
   3434.000      -44.15985       10.02513    
   3439.000      -48.17535       10.00628    
   3444.000      -49.20444       21.95332    
   3449.000      -44.85272       22.00746    
   3454.000      -42.98514       22.06101    
   3459.000      -41.80831       22.11395    
   3464.000      -40.96238       22.16627    
   3469.000      -40.31152       22.21796    
   3474.000      -39.78992       22.26900    
   3479.000      -39.36065       22.31939    
   3484.000      -39.00116       22.36911    
   3489.000      -38.69661       22.41815    
   3494.000      -38.43694       22.46650    
   3499.000      -38.21499       22.51414    
   3500.000      -38.17465       22.52359    
   3504.000      -38.02566       22.56108    
   3509.000      -37.86520       22.60729    
   3514.000      -37.73096       22.65276    
   3514.000      -37.73096       22.65276    
   3519.000      -37.62105       22.69749    
   3519.000      -37.62105       22.69749    
   3524.000      -37.53425       22.74146    
   3524.000      -37.53425       22.74146    
   3529.000      -37.46990       22.78467    
   3529.000      -37.46990       22.78467    
   3534.000      -37.42786       22.82710    
   3534.000      -37.42786       22.82710    
   3539.000      -37.40851       22.86876    
   3539.000      -37.40851       22.86876    
   3544.000      -37.41275       22.90961    
   3549.000      -37.44210       22.94966    
   3554.000      -37.49882       22.98890    
   3559.000      -37.58611       23.02732    
   3564.000      -37.70842       23.06490    
   3569.000      -37.87199       23.10165    
   3574.000      -38.08567       23.13755    
   3579.000      -38.36245       23.17260    
   3584.000      -38.72214       23.20679    
   3589.000      -39.19703       23.24010    
   3594.000      -39.84478       23.27255    
   3599.000      -40.78384       23.30410    
   3600.000      -41.02701       23.31031    
   3604.000      -42.32763       23.33477    
   3609.000      -46.03339       23.36454    
   3614.000      -45.06313       33.73386    
   3619.000      -41.49290       33.72968    
   3624.000      -39.67677       33.72478    
   3629.000      -38.41294       33.71918    
   3634.000      -37.42507       33.71287    
   3639.000      -36.60395       33.70584    
   3644.000      -35.89492       33.69807    
   3649.000      -35.26675       33.68957    
   3654.000      -34.69975       33.68033    
   3659.000      -34.18084       33.67034    
   3664.000      -33.70074       33.65959    
   3669.000      -33.25276       33.64809    
   3674.000      -32.83176       33.63583    
   3679.000      -32.43386       33.62279    
   3684.000      -32.05592       33.60898    
   3689.000      -31.69549       33.59439    
   3694.000      -31.35050       33.57903    
   3699.000      -31.01931       33.56287    
   3700.000      -30.95458       33.55955    
   3704.000      -30.70047       33.54593    
   3709.000      -30.39282       33.52819    
   3800.000      -26.00623       33.06424    
   3900.000      -22.60105       32.24614    
   4000.000      -20.12043       31.12818    
   4076.000      -18.92141       30.10666    
   4081.000      -18.87314       30.03498    
   4086.000      -18.83017       29.96279    
   4091.000      -18.79296       29.89010    
   4096.000      -18.76211       29.81692    
   4100.000      -18.74246       29.75803    
   4101.000      -18.73829       29.74326    
   4106.000      -18.72234       29.66913    
   4111.000      -18.71528       29.59453    
   4116.000      -18.71840       29.51948    
   4121.000      -18.73333       29.44398    
   4126.000      -18.76220       29.36805    
   4131.000      -18.80786       29.29168    
   4136.000      -18.87421       29.21489    
   4141.000      -18.96682       29.13770    
   4146.000      -19.09407       29.06009    
   4151.000      -19.26934       28.98209    
   4156.000      -19.51610       28.90371    
   4161.000      -19.88138       28.82495    
   4166.000      -20.48462       28.74582    
   4171.000      -21.84678       28.66634    
   4176.000      -22.09183       33.09832    
   4181.000      -20.28340       33.01350    
   4186.000      -19.42307       32.92838    
   4191.000      -18.82860       32.84293    
   4196.000      -18.36253       32.75719    
   4200.000      -18.04604       32.68839    
   4201.000      -17.97271       32.67115    
   4206.000      -17.63369       32.58484    
   4211.000      -17.33102       32.49825    
   4216.000      -17.05585       32.41139    
   4221.000      -16.80224       32.32428    
   4226.000      -16.56612       32.23693    
   4231.000      -16.34443       32.14933    
   4236.000      -16.13497       32.06150    
   4241.000      -15.93601       31.97344    
   4246.000      -15.74621       31.88518    
   4251.000      -15.56448       31.79671    
   4256.000      -15.38993       31.70805    
   4261.000      -15.22185       31.61919    
   4266.000      -15.05965       31.53016    
   4271.000      -14.90279       31.44096    
   4300.000      -14.07971       30.92063    
   4400.000      -11.96923       29.10646    
   4500.000      -14.45678       27.53078    
   4600.000      -13.53130       26.65925    
   4700.000      -12.52873       25.84059    
   4800.000      -11.97835       25.01236    
   4900.000      -11.67785       24.22589    
   4903.000      -11.67491       24.20292    
   4908.000      -11.67120       24.16470    
   4913.000      -11.66910       24.12658    
   4918.000      -11.66876       24.08855    
   4923.000      -11.67037       24.05062    
   4928.000      -11.67416       24.01279    
   4933.000      -11.68040       23.97505    
   4938.000      -11.68943       23.93741    
   4943.000      -11.70167       23.89987    
   4948.000      -11.71764       23.86242    
   4953.000      -11.73806       23.82506    
   4958.000      -11.76385       23.78779    
   4963.000      -11.79627       23.75063    
   4968.000      -11.83714       23.71355    
   4973.000      -11.88920       23.67657    
   4978.000      -11.95677       23.63968    
   4983.000      -12.04744       23.60288    
   4988.000      -12.17641       23.56618    
   4993.000      -12.38192       23.52957    
   4998.000      -12.82771       23.49304    
   5000.000      -13.36700       23.47846    
   5003.000      -12.95631       24.93344    
   5008.000      -12.35978       24.89694    
   5013.000      -12.08565       24.86053    
   5018.000      -11.89980       24.82420    
   5023.000      -11.75623       24.78797    
   5028.000      -11.63760       24.75183    
   5033.000      -11.53550       24.71577    
   5038.000      -11.44519       24.67980    
   5043.000      -11.36374       24.64392    
   5048.000      -11.28921       24.60812    
   5053.000      -11.22026       24.57242    
   5058.000      -11.15590       24.53680    
   5063.000      -11.09540       24.50126    
   5068.000      -11.03821       24.46582    
   5073.000      -10.98388       24.43046    
   5078.000      -10.93207       24.39519    
   5083.000      -10.88248       24.36000    
   5088.000      -10.83491       24.32490    
   5093.000      -10.78913       24.28988    
   5098.000      -10.74500       24.25494    
   5100.000      -10.72777       24.24099    
   5200.000      -10.07673       23.56037    
   5269.000      -9.808790       23.10932    
   5274.000      -9.795928       23.07720    
   5279.000      -9.784226       23.04516    
   5284.000      -9.773783       23.01319    
   5289.000      -9.764714       22.98130    
   5294.000      -9.757164       22.94949    
   5299.000      -9.751306       22.91775    
   5300.000      -9.750355       22.91140    
   5304.000      -9.747360       22.88608    
   5309.000      -9.753105       22.85450    
   5314.000      -9.753866       22.82300    
   5319.000      -9.757600       22.79158    
   5324.000      -9.764910       22.76023    
   5329.000      -9.776624       22.72895    
   5334.000      -9.793926       22.69774    
   5339.000      -9.818593       22.66661    
   5344.000      -9.853458       22.63555    
   5349.000      -9.903489       22.60457    
   5354.000      -9.978610       22.57365    
   5359.000      -10.10383       22.54281    
   5364.000      -10.38621       22.51204    
   5369.000      -10.46116       23.44705    
   5374.000      -10.06209       23.41635    
   5379.000      -9.873812       23.38571    
   5384.000      -9.743291       23.35515    
   5389.000      -9.640414       23.32465    
   5394.000      -9.553869       23.29423    
   5399.000      -9.478148       23.26387    
   5400.000      -9.464005       23.25780    
   5404.000      -9.410154       23.23358    
   5409.000      -9.347959       23.20336    
   5414.000      -9.290295       23.17320    
   5419.000      -9.236272       23.14311    
   5424.000      -9.185208       23.11310    
   5429.000      -9.077604       23.08281    
   5434.000      -9.030974       23.05237    
   5439.000      -8.986242       23.02199    
   5444.000      -8.943157       22.99168    
   5449.000      -8.901520       22.96143    
   5454.000      -8.861178       22.93125    
   5459.000      -8.822002       22.90112    
   5464.000      -8.783882       22.87106    
   5500.000      -8.533717       22.65646    
   5600.000      -7.970953       22.07676    
   5700.000      -7.514976       21.52013    
   5800.000      -7.125277       20.98529    
   5900.000      -6.784329       20.47107    
   6000.000      -6.482372       19.97636    
   6100.000      -6.215597       19.50027    
   6200.000      -5.973590       19.04172    
   6300.000      -5.755526       18.59980    
   6400.000      -5.558517       18.17368    
   6500.000      -5.380236       17.76258    
   6600.000      -5.214880       17.36520    
   6700.000      -5.068112       16.98134    
   6800.000      -4.939682       16.61044    
   6900.000      -4.808992       16.25174    
   7000.000      -4.715600       15.90454    
   7100.000      -4.617171       15.57006    
   7200.000      -4.528121       15.24644    
   7300.000      -4.447110       14.93317    
   7400.000      -4.374588       14.62980    
   7500.000      -4.309371       14.33593    
   7600.000      -4.250903       14.05114    
   7700.000      -4.198684       13.77505    
   7800.000      -4.152260       13.50730    
   7900.000      -4.111220       13.24754    
   8000.000      -4.075191       12.99544    
   8100.000      -4.043835       12.75070    
   8200.000      -4.016842       12.51302    
   8300.000      -3.993932       12.28212    
   8400.000      -3.982827       12.05802    
   8500.000      -3.967471       11.84043    
   8600.000      -3.955468       11.62888    
   8700.000      -3.946622       11.42314    
   8800.000      -3.940748       11.22297    
   8900.000      -3.937659       11.02819    
   9000.000      -3.936596       10.84050    
   9100.000      -3.937860       10.65783    
   9200.000      -3.941320       10.48000    
   9300.000      -3.946884       10.30684    
   9400.000      -3.954390       10.13817    
   9500.000      -3.963758       9.973831    
   9600.000      -3.974895       9.813677    
   9700.000      -3.987714       9.657558    
   9800.000      -4.002137       9.505333    
   9900.000      -4.018092       9.356871    
   10000.00      -4.035512       9.212040    
   10100.00      -4.057246       9.070876    
   10200.00      -4.077630       8.933129    
   10300.00      -4.099304       8.798682    
   10400.00      -4.122221       8.667427    
   10500.00      -4.146341       8.539259    
   10600.00      -4.171626       8.414079    
   10700.00      -4.198042       8.291791    
   10800.00      -4.227264       8.172360    
   10900.00      -4.255936       8.055677    
   11000.00      -4.285659       7.941626    
   11100.00      -4.316415       7.830127    
   11200.00      -4.348188       7.721102    
   11300.00      -4.380967       7.614475    
   11400.00      -4.414741       7.510174    
   11500.00      -4.449506       7.408128    
   11600.00      -4.485260       7.308270    
   11700.00      -4.522000       7.210539    
   11800.00      -4.559733       7.114869    
   11900.00      -4.598464       7.021202    
   12000.00      -4.638202       6.929479    
   12100.00      -4.678961       6.839645    
   12200.00      -4.720756       6.751649    
   12300.00      -4.763608       6.665436    
   12400.00      -4.807538       6.580958    
   12500.00      -4.852574       6.498167    
   12600.00      -4.898747       6.417016    
   12700.00      -4.946091       6.337461    
   12800.00      -4.994646       6.259458    
   12900.00      -5.044455       6.182967    
   13000.00      -5.095706       6.107946    
   13100.00      -5.148178       6.034358    
   13200.00      -5.202068       5.962164    
   13300.00      -5.260231       5.891328    
   13400.00      -5.317017       5.821846    
   13500.00      -5.375604       5.753651    
   13600.00      -5.435925       5.686712    
   13700.00      -5.498082       5.620998    
   13800.00      -5.562190       5.556477    
   13900.00      -5.628371       5.493119    
   14000.00      -5.700309       5.430911    
   14100.00      -5.771088       5.369832    
   14200.00      -5.844420       5.309833    
   14300.00      -5.920505       5.250886    
   14400.00      -5.999566       5.192968    
   14500.00      -6.081861       5.136052    
   14600.00      -6.167684       5.080115    
   14700.00      -6.257368       5.025134    
   14800.00      -6.351303       4.971087    
   14900.00      -6.449924       4.917951    
   15000.00      -6.554935       4.865724    
   15100.00      -6.664655       4.814370    
   15200.00      -6.780973       4.763866    
   15300.00      -6.904788       4.714191    
   15400.00      -7.037192       4.665329    
   15500.00      -7.179541       4.617259    
   15600.00      -7.333529       4.569965    
   15700.00      -7.504108       4.523456    
   15800.00      -7.688598       4.477714    
   15900.00      -7.893612       4.432696    
   16000.00      -8.124489       4.388386    
   16100.00      -8.388947       4.344770    
   16200.00      -8.698767       4.301832    
   16300.00      -9.073194       4.259558    
   16400.00      -9.546994       4.217933    
   16500.00      -10.19320       4.176944    
   16600.00      -11.21340       4.136577    
   16636.00      -11.79073       4.122195    
   16641.00      -11.88775       4.120203    
   16646.00      -11.99021       4.118214    
   16651.00      -12.09880       4.116226    
   16656.00      -12.21433       4.114239    
   16661.00      -12.33765       4.112254    
   16666.00      -12.46997       4.110270    
   16671.00      -12.61260       4.108288    
   16676.00      -12.76739       4.106307    
   16681.00      -12.93643       4.104328    
   16686.00      -13.12277       4.102350    
   16691.00      -13.33014       4.100374    
   16696.00      -13.56396       4.098399    
   16700.00      -13.77525       4.096820    
   16701.00      -13.83204       4.096426    
   16706.00      -14.14579       4.094454    
   16711.00      -14.52425       4.092484    
   16716.00      -15.00055       4.090515    
   16721.00      -15.64383       4.088547    
   16726.00      -16.63626       4.086582    
   16731.00      -18.90837       4.084617    
   16736.00      -18.32053       9.964382    
   16741.00      -16.43926       9.959636    
   16746.00      -15.51687       9.954890    
   16751.00      -14.90007       9.950150    
   16756.00      -14.43548       9.945411    
   16761.00      -14.06274       9.940677    
   16766.00      -13.75117       9.935943    
   16771.00      -13.48361       9.931213    
   16776.00      -13.24905       9.926487    
   16781.00      -13.04013       9.921762    
   16786.00      -12.85190       9.917042    
   16791.00      -12.68049       9.912322    
   16796.00      -12.52325       9.907608    
   16800.00      -12.40613       9.903837    
   16801.00      -12.37790       9.902894    
   16806.00      -12.24285       9.898185    
   16811.00      -12.11665       9.893476    
   16816.00      -11.99829       9.888773    
   16821.00      -11.88680       9.884072    
   16826.00      -11.78140       9.879373    
   16831.00      -11.68153       9.874678    
   16900.00      -10.66309       9.810162    
   17000.00      -9.765800       9.717601    
   17100.00      -9.160084       9.626140    
   17200.00      -8.705304       9.535762    
   17300.00      -8.343805       9.446455    
   17400.00      -8.046185       9.358199    
   17500.00      -7.795416       9.270983    
   17600.00      -7.580742       9.184791    
   17700.00      -7.394943       9.099608    
   17800.00      -7.232954       9.015424    
   17900.00      -7.091089       8.932219    
   18000.00      -6.966616       8.849982    
   18100.00      -6.863254       8.768714    
   18200.00      -6.767841       8.688472    
   18300.00      -6.684931       8.609159    
   18400.00      -6.613602       8.530760    
   18500.00      -6.553163       8.453263    
   18600.00      -6.503127       8.376657    
   18700.00      -6.463187       8.300930    
   18800.00      -6.433206       8.226070    
   18900.00      -6.413218       8.152064    
   19000.00      -6.403445       8.078900    
   19100.00      -6.404311       8.006569    
   19200.00      -6.416496       7.935057    
   19300.00      -6.440994       7.864356    
   19400.00      -6.479232       7.794451    
   19500.00      -6.533233       7.725335    
   19600.00      -6.605920       7.656995    
   19700.00      -6.701625       7.589422    
   19800.00      -6.827074       7.522607    
   19900.00      -6.993452       7.456537    
   20000.00      -7.221333       7.391203    
   20100.00      -7.555420       7.326596    
   20200.00      -8.128695       7.262706    
   20216.00      -8.268959       7.252551    
   20221.00      -8.317706       7.249380    
   20226.00      -8.369212       7.246212    
   20231.00      -8.423841       7.243045    
   20236.00      -8.481935       7.239881    
   20241.00      -8.543978       7.236718    
   20246.00      -8.610559       7.233556    
   20251.00      -8.682317       7.230397    
   20256.00      -8.760172       7.227238    
   20261.00      -8.845164       7.224082    
   20266.00      -8.938788       7.220928    
   20271.00      -9.042878       7.217775    
   20276.00      -9.160088       7.214625    
   20281.00      -9.294211       7.211475    
   20286.00      -9.450765       7.208329    
   20291.00      -9.638866       7.205183    
   20296.00      -9.874156       7.202039    
   20300.00      -10.11669       7.199525    
   20301.00      -10.18860       7.198896    
   20306.00      -10.66301       7.195756    
   20311.00      -11.65849       7.192617    
   20316.00      -11.81838       10.18372    
   20321.00      -10.71583       10.17961    
   20326.00      -10.21688       10.17550    
   20331.00      -9.890413       10.17139    
   20336.00      -9.647108       10.16729    
   20341.00      -9.453151       10.16319    
   20346.00      -9.291733       10.15908    
   20351.00      -9.153567       10.15499    
   20356.00      -9.032703       10.15089    
   20361.00      -8.925359       10.14679    
   20366.00      -8.828782       10.14270    
   20371.00      -8.740978       10.13861    
   20376.00      -8.660547       10.13452    
   20381.00      -8.586298       10.13043    
   20386.00      -8.517404       10.12635    
   20391.00      -8.453102       10.12227    
   20396.00      -8.392870       10.11819    
   20400.00      -8.347270       10.11492    
   20401.00      -8.336208       10.11411    
   20406.00      -8.282703       10.11003    
   20411.00      -8.232066       10.10596    
   20500.00      -7.613856       10.03378    
   20600.00      -7.222695       9.953439    
   20700.00      -6.978391       9.873901    
   20800.00      -6.832710       9.795157    
   20900.00      -6.784322       9.717194    
   21000.00      -6.894280       9.640003    
   21007.00      -6.913342       9.634628    
   21012.00      -6.928479       9.630793    
   21017.00      -6.945045       9.626957    
   21022.00      -6.963188       9.623124    
   21027.00      -6.983111       9.619292    
   21032.00      -7.005030       9.615464    
   21037.00      -7.029238       9.611636    
   21042.00      -7.056059       9.607811    
   21047.00      -7.085943       9.603988    
   21052.00      -7.119413       9.600166    
   21057.00      -7.157189       9.596348    
   21062.00      -7.200234       9.592529    
   21067.00      -7.249821       9.588714    
   21072.00      -7.307849       9.584899    
   21077.00      -7.377076       9.581088    
   21082.00      -7.462048       9.577277    
   21087.00      -7.570601       9.573469    
   21092.00      -7.718715       9.569663    
   21097.00      -7.947463       9.565858    
   21100.00      -8.178165       9.563577    
   21102.00      -8.442669       9.562057    
   21107.00      -8.474105       11.03715    
   21112.00      -7.935486       11.03318    
   21117.00      -7.683760       11.02921    
   21122.00      -7.515704       11.02525    
   21127.00      -7.388217       11.02129    
   21132.00      -7.284887       11.01733    
   21137.00      -7.197544       11.01337    
   21142.00      -7.121566       11.00941    
   21147.00      -7.054152       11.00546    
   21152.00      -6.993353       11.00150    
   21157.00      -6.937889       10.99755    
   21162.00      -6.886753       10.99360    
   21167.00      -6.839266       10.98966    
   21172.00      -6.794835       10.98571    
   21177.00      -6.753060       10.98177    
   21182.00      -6.713576       10.97782    
   21187.00      -6.676086       10.97388    
   21192.00      -6.640387       10.96994    
   21197.00      -6.606256       10.96601    
   21200.00      -6.586472       10.96364    
   21202.00      -6.573558       10.96207    
   21300.00      -6.098197       10.88529    
   21400.00      -5.765223       10.80762    
   21500.00      -5.502105       10.73065    
   21600.00      -5.276629       10.65436    
   21700.00      -5.086497       10.57877    
   21800.00      -4.956503       10.50499    
   21900.00      -4.794992       10.43307    
   22000.00      -4.646232       10.36184    
   22100.00      -4.508131       10.29129    
   22200.00      -4.379124       10.22142    
   22300.00      -4.258008       10.15221    
   22400.00      -4.143826       10.08366    
   22500.00      -4.035809       10.01575    
   22600.00      -3.933323       9.948485    
   22700.00      -3.835839       9.881847    
   22800.00      -3.742911       9.815833    
   22900.00      -3.654152       9.750430    
   23000.00      -3.569233       9.685633    
   23100.00      -3.487864       9.621433    
   23200.00      -3.409791       9.557824    
   23300.00      -3.338258       9.494818    
   23400.00      -3.266139       9.432411    
   23500.00      -3.196711       9.370572    
   23600.00      -3.129816       9.309294    
   23700.00      -3.065306       9.248569    
   23800.00      -3.003052       9.188391    
   23900.00      -2.942932       9.128753    
   24000.00      -2.884836       9.069647    
   24100.00      -2.828664       9.011067    
   24200.00      -2.774323       8.953009    
   24300.00      -2.721730       8.895464    
   24400.00      -2.670804       8.838426    
   24500.00      -2.621473       8.781889    
   24600.00      -2.573669       8.725848    
   24700.00      -2.527330       8.670296    
   24800.00      -2.482399       8.615229    
   24900.00      -2.438821       8.560637    
