  Element 82: Pb      Atomic mass:  207.2000

  Edge          keV         A
    K        88.0045    0.1409
    L-I      15.8608    0.7817
    L-II     15.2000    0.8157
    L-III    13.0352    0.9511
    M1        3.8507    3.2198
    M2        3.5542    3.4884
    M3        3.0664    4.0433
    M4        2.5856    4.7952
    M5        2.4840    4.9913

Scattering factors as a function of energy: 

   1000.000      -28.28168       24.64940    
   1100.000      -26.62964       22.86701    
   1200.000      -25.42819       21.22618    
   1300.000      -24.57543       19.71630    
   1400.000      -24.00474       18.32848    
   1500.000      -23.67898       17.05223    
   1600.000      -23.59636       15.88492    
   1700.000      -23.96517       14.83430    
   1800.000      -24.49813       13.91281    
   1900.000      -25.05593       13.08470    
   2000.000      -25.87127       12.32797    
   2100.000      -27.03973       11.63444    
   2200.000      -28.76866       10.99720    
   2300.000      -31.67515       10.41016    
   2387.000      -37.44437       9.936191    
   2392.000      -38.03713       9.909922    
   2397.000      -38.68654       9.883753    
   2400.000      -39.10706       9.868101    
   2402.000      -39.40163       9.857687    
   2407.000      -40.19362       9.831720    
   2412.000      -41.07616       9.805856    
   2417.000      -42.06651       9.780089    
   2422.000      -43.18634       9.754423    
   2427.000      -44.46371       9.728855    
   2432.000      -45.93506       9.703386    
   2437.000      -47.64940       9.678014    
   2442.000      -49.67344       9.652740    
   2447.000      -52.10176       9.627561    
   2452.000      -55.07253       9.602479    
   2457.000      -58.79906       9.577492    
   2462.000      -63.63140       9.552601    
   2467.000      -70.20275       9.527804    
   2472.000      -79.83244       9.503102    
   2477.000      -96.08204       9.478493    
   2482.000      -137.6340       9.453977    
   2487.000      -118.8456       120.8143    
   2488.000      -106.6401       118.5130    
   2492.000      -77.01289       109.8481    
   2493.000      -72.03902       107.8104    
   2497.000      -56.95007       100.1323    
   2498.000      -54.03335       98.32494    
   2500.000      -48.92828       94.83625    
   2502.000      -44.61970       91.50879    
   2503.000      -42.71378       89.90310    
   2507.000      -36.41043       83.84267    
   2508.000      -35.11091       82.41370    
   2512.000      -30.77944       77.01555    
   2513.000      -29.88386       75.74175    
   2517.000      -26.91223       70.92613    
   2518.000      -26.30415       69.78878    
   2522.000      -24.32465       65.48529    
   2523.000      -23.93161       64.46812    
   2527.000      -22.71052       60.61654    
   2528.000      -22.48547       59.70517    
   2532.000      -21.86994       56.25232    
   2533.000      -21.78235       55.43483    
   2537.000      -21.67435       52.33453    
   2538.000      -21.70515       51.59976    
   2542.000      -22.04795       48.81166    
   2543.000      -22.18748       48.15053    
   2547.000      -22.96002       45.63933    
   2548.000      -23.20755       45.04325    
   2552.000      -24.42580       42.77800    
   2553.000      -24.79046       42.24002    
   2557.000      -26.51712       40.19356    
   2558.000      -27.02237       39.70706    
   2562.000      -29.39191       37.85551    
   2563.000      -30.08423       37.41513    
   2567.000      -33.36323       35.73748    
   2568.000      -34.33685       35.33807    
   2572.000      -39.08767       33.81581    
   2573.000      -40.55300       33.45322    
   2577.000      -48.20295       32.06999    
   2578.000      -51.62503       31.74020    
   2582.000      -67.06998       30.48167    
   2583.000      -74.42585       30.18147    
   2588.000      -74.51706       104.0385    
   2593.000      -42.69178       95.25292    
   2598.000      -28.61735       87.46044    
   2600.000      -24.75031       84.59308    
   2603.000      -20.11119       80.53589    
   2608.000      -14.51846       74.37022    
   2613.000      -10.70171       68.87048    
   2618.000      -8.065790       63.95523    
   2623.000      -6.256645       59.55482    
   2628.000      -5.045369       55.60795    
   2633.000      -4.276146       52.06208    
   2638.000      -3.838427       48.87076    
   2643.000      -3.651771       45.99405    
   2648.000      -3.656271       43.39652    
   2653.000      -3.806664       41.04751    
   2658.000      -4.068274       38.92013    
   2663.000      -4.414345       36.99044    
   2668.000      -4.823993       35.23779    
   2673.000      -5.280934       33.64361    
   2678.000      -5.772296       32.19185    
   2683.000      -6.287825       30.86803    
   2700.000      -8.204957       27.16588    
   2800.000      -17.61427       18.34912    
   2900.000      -23.36709       18.77652    
   2969.000      -23.77978       23.83618    
   2974.000      -23.54421       24.45771    
   2979.000      -23.25012       25.12714    
   2984.000      -22.89085       25.84799    
   2989.000      -22.45887       26.62427    
   2994.000      -21.94580       27.46020    
   2999.000      -21.34211       28.36057    
   3000.000      -21.20961       28.54880    
   3004.000      -21.21650       28.49516    
   3009.000      -21.24077       28.41977    
   3014.000      -21.27770       28.34467    
   3019.000      -21.32959       28.26987    
   3024.000      -21.39949       28.19536    
   3029.000      -21.49167       28.12115    
   3034.000      -21.61222       28.04722    
   3039.000      -21.77038       27.97358    
   3044.000      -21.98098       27.90023    
   3049.000      -22.27037       27.82716    
   3054.000      -22.69209       27.75438    
   3059.000      -23.38628       27.68188    
   3064.000      -25.01427       27.60966    
   3069.000      -24.79750       32.36323    
   3074.000      -23.04626       32.27303    
   3079.000      -22.17342       32.18335    
   3084.000      -21.56802       32.09418    
   3089.000      -21.09512       32.00554    
   3094.000      -20.70195       31.91739    
   3099.000      -20.36242       31.82974    
   3100.000      -20.29951       31.81227    
   3104.000      -20.06155       31.74259    
   3109.000      -19.79006       31.65594    
   3114.000      -19.54169       31.56977    
   3119.000      -19.31210       31.48409    
   3124.000      -19.09806       31.39889    
   3129.000      -18.89721       31.31417    
   3134.000      -18.70768       31.22993    
   3139.000      -18.52802       31.14615    
   3144.000      -18.35704       31.06283    
   3149.000      -18.19379       30.97999    
   3154.000      -18.03749       30.89759    
   3159.000      -17.88746       30.81566    
   3164.000      -17.74314       30.73417    
   3200.000      -16.83721       30.16047    
   3300.000      -15.06505       28.67784    
   3400.000      -13.94481       27.34036    
   3457.000      -13.56396       26.63526    
   3462.000      -13.54167       26.57529    
   3467.000      -13.52165       26.51561    
   3472.000      -13.50408       26.45623    
   3477.000      -13.48918       26.39713    
   3482.000      -13.47722       26.33833    
   3487.000      -13.46854       26.27981    
   3492.000      -13.46352       26.22158    
   3497.000      -13.46270       26.16364    
   3500.000      -13.46448       26.12900    
   3502.000      -13.46672       26.10597    
   3507.000      -13.47645       26.04859    
   3512.000      -13.49304       25.99149    
   3517.000      -13.51810       25.93467    
   3522.000      -13.55392       25.87812    
   3527.000      -13.60398       25.82185    
   3532.000      -13.67393       25.76585    
   3537.000      -13.77375       25.71013    
   3542.000      -13.92399       25.65468    
   3547.000      -14.17884       25.59949    
   3552.000      -14.80771       25.54457    
   3557.000      -14.62814       27.27847    
   3562.000      -13.99807       27.21697    
   3567.000      -13.67220       27.15582    
   3572.000      -13.44234       27.09503    
   3577.000      -13.26208       27.03460    
   3582.000      -13.10963       26.97452    
   3587.000      -12.97696       26.91480    
   3592.000      -12.85864       26.85542    
   3597.000      -12.75128       26.79639    
   3600.000      -12.69114       26.76114    
   3602.000      -12.65259       26.73770    
   3607.000      -12.56100       26.67935    
   3612.000      -12.47532       26.62134    
   3617.000      -12.39469       26.56367    
   3622.000      -12.31844       26.50633    
   3627.000      -12.24602       26.44932    
   3632.000      -12.17702       26.39264    
   3637.000      -12.11108       26.33629    
   3642.000      -12.04793       26.28027    
   3647.000      -11.98732       26.22456    
   3652.000      -11.92906       26.16918    
   3700.000      -11.46449       25.65344    
   3753.000      -11.10967       25.11607    
   3758.000      -11.08453       25.06705    
   3763.000      -11.06101       25.01830    
   3768.000      -11.03921       24.96983    
   3773.000      -11.01924       24.92164    
   3778.000      -11.00124       24.87372    
   3783.000      -10.98541       24.82608    
   3788.000      -10.97196       24.77871    
   3793.000      -10.96119       24.73162    
   3798.000      -10.95346       24.68479    
   3800.000      -10.95133       24.66614    
   3803.000      -10.94927       24.63824    
   3808.000      -10.94928       24.59194    
   3813.000      -10.95439       24.54592    
   3818.000      -10.96592       24.50016    
   3823.000      -10.98584       24.45466    
   3828.000      -11.01731       24.40943    
   3833.000      -11.06591       24.36445    
   3838.000      -11.14285       24.31974    
   3843.000      -11.27679       24.27528    
   3848.000      -11.59530       24.23108    
   3853.000      -11.61613       25.24628    
   3858.000      -11.19345       25.20233    
   3863.000      -10.98471       25.15864    
   3868.000      -10.83726       25.11520    
   3873.000      -10.71960       25.07201    
   3878.000      -10.61969       25.02906    
   3883.000      -10.53164       24.98636    
   3888.000      -10.45211       24.94391    
   3893.000      -10.37903       24.90170    
   3898.000      -10.31102       24.85973    
   3900.000      -10.28501       24.84301    
   3903.000      -10.24712       24.81800    
   3908.000      -10.18663       24.77652    
   3913.000      -10.12902       24.73528    
   3918.000      -10.07388       24.69427    
   3923.000      -10.02091       24.65350    
   3928.000      -9.969833       24.61297    
   3933.000      -9.920451       24.57267    
   3938.000      -9.872593       24.53261    
   3943.000      -9.826108       24.49278    
   3948.000      -9.780879       24.45319    
   4000.000      -8.875496       24.03802    
   4100.000      -8.186288       23.20147    
   4200.000      -7.636461       22.42365    
   4300.000      -7.179378       21.70005    
   4400.000      -6.791261       21.02697    
   4500.000      -6.456886       20.40131    
   4600.000      -6.165229       19.82058    
   4700.000      -5.593014       19.22900    
   4800.000      -5.333273       18.65309    
   4900.000      -5.103860       18.10355    
   5000.000      -4.890369       17.57833    
   5100.000      -4.716383       17.07651    
   5200.000      -4.551796       16.59647    
   5300.000      -4.411985       16.13656    
   5400.000      -4.288623       15.69606    
   5500.000      -4.180268       15.27384    
   5600.000      -4.085308       14.86888    
   5700.000      -4.002445       14.48022    
   5800.000      -3.930537       14.10695    
   5900.000      -3.868577       13.74826    
   6000.000      -3.815672       13.40336    
   6100.000      -3.771028       13.07153    
   6200.000      -3.747177       12.75290    
   6300.000      -3.717288       12.44644    
   6400.000      -3.693676       12.15117    
   6500.000      -3.675838       11.86655    
   6600.000      -3.663323       11.59205    
   6700.000      -3.655725       11.32718    
   6800.000      -3.652680       11.07147    
   6900.000      -3.653862       10.82450    
   7000.000      -3.658974       10.58587    
   7100.000      -3.667754       10.35518    
   7200.000      -3.692973       10.13300    
   7300.000      -3.708660       9.918172    
   7400.000      -3.727306       9.710296    
   7500.000      -3.748738       9.509064    
   7600.000      -3.772803       9.314188    
   7700.000      -3.799365       9.125395    
   7800.000      -3.847746       8.942866    
   7900.000      -3.878862       8.766081    
   8000.000      -3.912127       8.594642    
   8100.000      -3.947464       8.428327    
   8200.000      -3.998738       8.267003    
   8300.000      -4.037871       8.110578    
   8400.000      -4.078898       7.958678    
   8500.000      -4.121785       7.811122    
   8600.000      -4.166505       7.667742    
   8700.000      -4.213049       7.528379    
   8800.000      -4.263678       7.392890    
   8900.000      -4.313832       7.261123    
   9000.000      -4.364697       7.134562    
   9100.000      -4.417167       7.011460    
   9200.000      -4.471261       6.891689    
   9300.000      -4.527005       6.775124    
   9400.000      -4.584430       6.661649    
   9500.000      -4.643582       6.551150    
   9600.000      -4.704510       6.443522    
   9700.000      -4.767277       6.338663    
   9800.000      -4.831954       6.236474    
   9900.000      -4.898623       6.136864    
   10000.00      -4.967663       6.039743    
   10100.00      -5.038640       5.945026    
   10200.00      -5.111938       5.852633    
   10300.00      -5.187699       5.762484    
   10400.00      -5.266083       5.674505    
   10500.00      -5.347272       5.588624    
   10600.00      -5.431471       5.504773    
   10700.00      -5.518916       5.422887    
   10800.00      -5.610406       5.342906    
   10900.00      -5.705198       5.264778    
   11000.00      -5.804165       5.188432    
   11100.00      -5.907712       5.113814    
   11200.00      -6.016246       5.040871    
   11300.00      -6.131982       4.969586    
   11400.00      -6.252499       4.899878    
   11500.00      -6.380071       4.831696    
   11600.00      -6.515643       4.764994    
   11700.00      -6.660361       4.699729    
   11800.00      -6.815650       4.635858    
   11900.00      -6.983290       4.573340    
   12000.00      -7.165565       4.512136    
   12100.00      -7.365558       4.452208    
   12200.00      -7.587848       4.393530    
   12300.00      -7.836529       4.336058    
   12400.00      -8.120387       4.279756    
   12500.00      -8.451629       4.224592    
   12600.00      -8.850162       4.170534    
   12700.00      -9.351839       4.117553    
   12800.00      -10.03179       4.065618    
   12900.00      -11.09598       4.014702    
   12938.00      -11.73231       3.995615    
   12943.00      -11.83432       3.993114    
   12948.00      -11.94207       3.990616    
   12953.00      -12.05624       3.988120    
   12958.00      -12.17765       3.985626    
   12963.00      -12.30726       3.983135    
   12968.00      -12.44626       3.980646    
   12973.00      -12.59608       3.978160    
   12978.00      -12.75859       3.975677    
   12983.00      -12.93611       3.973195    
   12988.00      -13.13166       3.970716    
   12993.00      -13.34931       3.968240    
   12998.00      -13.59464       3.965765    
   13000.00      -13.70220       3.964777    
   13003.00      -13.87569       3.963294    
   13008.00      -14.20459       3.960824    
   13013.00      -14.60081       3.958358    
   13018.00      -15.09923       3.955893    
   13023.00      -15.77094       3.953431    
   13028.00      -16.80370       3.950971    
   13033.00      -19.12954       3.948514    
   13038.00      -18.66969       10.13475    
   13043.00      -16.64524       10.12825    
   13048.00      -15.66456       10.12175    
   13053.00      -15.01069       10.11527    
   13058.00      -14.51925       10.10878    
   13063.00      -14.12514       10.10231    
   13068.00      -13.79607       10.09584    
   13073.00      -13.51355       10.08937    
   13078.00      -13.26600       10.08292    
   13083.00      -13.04570       10.07646    
   13088.00      -12.84722       10.07002    
   13093.00      -12.66662       10.06358    
   13098.00      -12.50098       10.05714    
   13100.00      -12.43834       10.05457    
   13103.00      -12.34796       10.05071    
   13108.00      -12.20578       10.04429    
   13113.00      -12.07302       10.03787    
   13118.00      -11.94852       10.03146    
   13123.00      -11.83130       10.02506    
   13128.00      -11.72056       10.01866    
   13133.00      -11.61564       10.01226    
   13200.00      -10.57346       9.927151    
   13300.00      -9.638274       9.802046    
   13400.00      -9.016306       9.679270    
   13500.00      -8.559631       9.558688    
   13600.00      -8.206438       9.440249    
   13700.00      -7.925482       9.323904    
   13800.00      -7.698913       9.209602    
   13900.00      -7.515745       9.097299    
   14000.00      -7.368952       8.986945    
   14100.00      -7.254039       8.878498    
   14200.00      -7.168299       8.771915    
   14300.00      -7.110453       8.667152    
   14400.00      -7.082293       8.564181    
   14500.00      -7.081901       8.462958    
   14600.00      -7.114468       8.363437    
   14700.00      -7.186444       8.265581    
   14800.00      -7.309612       8.169353    
   14900.00      -7.506956       8.074718    
   15000.00      -7.830964       7.981640    
   15100.00      -8.450047       7.890086    
   15103.00      -8.478352       7.887363    
   15108.00      -8.527699       7.882827    
   15113.00      -8.580008       7.878295    
   15118.00      -8.635624       7.873766    
   15123.00      -8.694963       7.869241    
   15128.00      -8.758522       7.864720    
   15133.00      -8.826906       7.860202    
   15138.00      -8.900846       7.855690    
   15143.00      -8.981304       7.851179    
   15148.00      -9.069459       7.846673    
   15153.00      -9.166867       7.842170    
   15158.00      -9.275609       7.837671    
   15163.00      -9.398561       7.833176    
   15168.00      -9.539857       7.828684    
   15173.00      -9.705750       7.824196    
   15178.00      -9.906368       7.819712    
   15183.00      -10.15971       7.815232    
   15188.00      -10.50312       7.810755    
   15193.00      -11.03629       7.806281    
   15198.00      -12.27981       7.801812    
   15200.00      -19.89497       7.800025    
   15203.00      -11.88218       10.93296    
   15208.00      -10.89864       10.92687    
   15213.00      -10.41015       10.92078    
   15218.00      -10.08177       10.91469    
   15223.00      -9.833793       10.90861    
   15228.00      -9.634268       10.90254    
   15233.00      -9.467242       10.89647    
   15238.00      -9.323532       10.89041    
   15243.00      -9.197375       10.88435    
   15248.00      -9.084918       10.87829    
   15253.00      -8.983457       10.87224    
   15258.00      -8.891018       10.86620    
   15263.00      -8.806136       10.86016    
   15268.00      -8.727637       10.85413    
   15273.00      -8.654638       10.84810    
   15278.00      -8.586421       10.84207    
   15283.00      -8.522398       10.83605    
   15288.00      -8.462088       10.83004    
   15293.00      -8.405087       10.82403    
   15298.00      -8.351056       10.81803    
   15300.00      -8.330212       10.81563    
   15400.00      -7.620308       10.69661    
   15500.00      -7.237508       10.57963    
   15600.00      -7.014822       10.46455    
   15700.00      -6.943008       10.35131    
   15763.00      -7.019442       10.28091    
   15768.00      -7.032726       10.27535    
   15773.00      -7.047565       10.26980    
   15778.00      -7.064128       10.26425    
   15783.00      -7.082619       10.25870    
   15788.00      -7.103282       10.25317    
   15793.00      -7.126413       10.24763    
   15798.00      -7.152375       10.24210    
   15800.00      -7.163651       10.23989    
   15803.00      -7.181626       10.23657    
   15808.00      -7.214738       10.23105    
   15813.00      -7.252479       10.22553    
   15818.00      -7.295848       10.22002    
   15823.00      -7.346227       10.21451    
   15828.00      -7.405589       10.20901    
   15833.00      -7.476894       10.20351    
   15838.00      -7.564875       10.19801    
   15843.00      -7.677819       10.19252    
   15848.00      -7.832318       10.18704    
   15853.00      -8.070564       10.18156    
   15858.00      -8.576334       10.17608    
   15863.00      -8.689238       11.76126    
   15868.00      -8.076991       11.75554    
   15873.00      -7.798182       11.74982    
   15878.00      -7.612582       11.74411    
   15883.00      -7.471778       11.73840    
   15888.00      -7.357438       11.73269    
   15893.00      -7.260560       11.72699    
   15898.00      -7.176117       11.72130    
   15900.00      -7.145083       11.71902    
   15903.00      -7.100981       11.71560    
   15908.00      -7.033075       11.70991    
   15913.00      -6.970953       11.70423    
   15918.00      -6.913568       11.69855    
   15923.00      -6.860133       11.69287    
   15928.00      -6.810047       11.68720    
   15933.00      -6.762845       11.68154    
   15938.00      -6.718132       11.67587    
   15943.00      -6.675610       11.67021    
   15948.00      -6.635046       11.66456    
   15953.00      -6.596169       11.65891    
   15958.00      -6.558864       11.65326    
   16000.00      -6.290524       11.60599    
   16100.00      -5.824814       11.49460    
   16200.00      -5.473437       11.38481    
   16300.00      -5.182294       11.27659    
   16400.00      -4.930172       11.16990    
   16500.00      -4.706217       11.06472    
   16600.00      -4.503967       10.96102    
   16700.00      -4.321594       10.85878    
   16800.00      -4.152118       10.75799    
   16900.00      -3.994193       10.65860    
   17000.00      -3.861767       10.56105    
   17100.00      -3.724159       10.46526    
   17200.00      -3.594812       10.37080    
   17300.00      -3.472860       10.27766    
   17400.00      -3.357573       10.18580    
   17500.00      -3.248344       10.09519    
   17600.00      -3.144649       10.00582    
   17700.00      -3.046034       9.917654    
   17800.00      -2.952107       9.830678    
   17900.00      -2.862517       9.744864    
   18000.00      -2.776959       9.660192    
   18100.00      -2.695157       9.576639    
   18200.00      -2.616868       9.494186    
   18300.00      -2.541870       9.412812    
   18400.00      -2.469962       9.332496    
   18500.00      -2.400962       9.253219    
   18600.00      -2.334706       9.174961    
   18700.00      -2.271041       9.097705    
   18800.00      -2.209830       9.021434    
   18900.00      -2.150941       8.946127    
   19000.00      -2.094259       8.871768    
   19100.00      -2.039673       8.798342    
   19200.00      -1.987082       8.725830    
   19300.00      -1.936392       8.654220    
   19400.00      -1.887513       8.583490    
   19500.00      -1.840365       8.513630    
   19600.00      -1.794869       8.444623    
   19700.00      -1.750955       8.376454    
   19800.00      -1.698938       8.308914    
   19900.00      -1.657806       8.241882    
   20000.00      -1.618082       8.175634    
   20100.00      -1.579713       8.110159    
   20200.00      -1.542644       8.045443    
   20300.00      -1.506827       7.981475    
   20400.00      -1.472213       7.918242    
   20500.00      -1.438757       7.855733    
   20600.00      -1.406408       7.793937    
   20700.00      -1.394611       7.733609    
   20800.00      -1.364791       7.674179    
   20900.00      -1.335937       7.615454    
   21000.00      -1.308015       7.557425    
   21100.00      -1.280991       7.500080    
   21200.00      -1.254834       7.443409    
   21300.00      -1.229512       7.387402    
   21400.00      -1.204996       7.332045    
   21500.00      -1.181258       7.277330    
   21600.00      -1.158273       7.223247    
   21700.00      -1.136014       7.169785    
   21800.00      -1.114457       7.116936    
   21900.00      -1.093580       7.064689    
   22000.00      -1.073359       7.013034    
   22100.00      -1.053773       6.961963    
   22200.00      -1.034803       6.911467    
   22300.00      -1.016428       6.861537    
   22400.00     -0.9986286       6.812164    
   22500.00     -0.9813879       6.763339    
   22600.00     -0.9646881       6.715055    
   22700.00     -0.9485125       6.667303    
   22800.00     -0.9328453       6.620076    
   22900.00     -0.9176704       6.573365    
   23000.00     -0.9029732       6.527162    
   23100.00     -0.8887395       6.481461    
   23200.00     -0.8749554       6.436253    
   23300.00     -0.8616078       6.391532    
   23400.00     -0.8486835       6.347290    
   23500.00     -0.8361703       6.303519    
   23600.00     -0.8240563       6.260215    
   23700.00     -0.8123301       6.217369    
   23800.00     -0.8009806       6.174976    
   23900.00     -0.7899969       6.133027    
   24000.00     -0.7793688       6.091518    
   24100.00     -0.7690862       6.050441    
   24200.00     -0.7591395       6.009791    
   24300.00     -0.7495196       5.969563    
   24400.00     -0.7402171       5.929749    
   24500.00     -0.7312234       5.890343    
   24600.00     -0.7225301       5.851341    
   24700.00     -0.7141291       5.812736    
   24800.00     -0.7060125       5.774524    
   24900.00     -0.6981726       5.736698    
