  Element 84: Po      Atomic mass:  209.0000

  Edge          keV         A
    K        93.1050    0.1332
    L-I      16.9393    0.7319
    L-II     16.2443    0.7632
    L-III    13.8138    0.8975
    M1        4.1494    2.9880
    M2        3.8541    3.2169
    M3        3.3019    3.7549
    M4        2.7980    4.4312
    M5        2.6830    4.6211

Scattering factors as a function of energy: 

   1000.000      -29.98008       27.13431    
   1100.000      -27.55013       25.17858    
   1200.000      -26.05029       23.39963    
   1300.000      -24.95450       21.78164    
   1400.000      -24.16509       20.30556    
   1500.000      -23.62947       18.95752    
   1600.000      -23.30202       17.72468    
   1700.000      -23.11978       16.59300    
   1800.000      -23.15152       15.54287    
   1900.000      -23.62702       14.57803    
   2000.000      -24.02776       13.72470    
   2100.000      -24.83987       12.96735    
   2200.000      -25.69202       12.27089    
   2300.000      -26.88413       11.62863    
   2400.000      -28.62962       11.03491    
   2500.000      -31.57111       10.48481    
   2586.000      -37.34425       10.04339    
   2591.000      -37.94038       10.01857    
   2596.000      -38.59283       9.993837    
   2600.000      -39.16129       9.974118    
   2601.000      -39.31056       9.969196    
   2606.000      -40.10439       9.944645    
   2611.000      -40.98775       9.920181    
   2616.000      -41.97728       9.895807    
   2621.000      -43.09413       9.871519    
   2626.000      -44.36520       9.847320    
   2631.000      -45.82587       9.823206    
   2636.000      -47.52294       9.799180    
   2641.000      -49.52069       9.775238    
   2646.000      -51.90917       9.751384    
   2651.000      -54.82059       9.727613    
   2656.000      -58.45740       9.703928    
   2661.000      -63.15263       9.680326    
   2666.000      -69.50549       9.656810    
   2671.000      -78.76568       9.633376    
   2676.000      -94.29839       9.610024    
   2681.000      -133.7445       9.586758    
   2686.000      -116.5206       115.1449    
   2691.000      -76.75197       104.4903    
   2696.000      -57.73596       95.13213    
   2700.000      -48.03283       88.46079    
   2701.000      -46.08226       86.89577    
   2705.000      -39.65390       81.01253    
   2706.000      -38.33079       79.63059    
   2710.000      -33.91789       74.43150    
   2711.000      -33.00254       73.20928    
   2715.000      -29.94532       68.60532    
   2716.000      -29.31298       67.52163    
   2720.000      -27.22117       63.43647    
   2721.000      -26.79532       62.47417    
   2725.000      -25.42043       58.84218    
   2726.000      -25.15069       57.98558    
   2730.000      -24.32768       54.75028    
   2731.000      -24.18036       53.98669    
   2735.000      -23.79741       51.09932    
   2736.000      -23.74954       50.41704    
   2740.000      -23.73149       47.83547    
   2741.000      -23.76796       47.22505    
   2745.000      -24.06691       44.91277    
   2746.000      -24.17867       44.36541    
   2750.000      -24.76902       42.29079    
   2751.000      -24.95219       41.79939    
   2755.000      -25.82897       39.93478    
   2756.000      -26.08497       39.49279    
   2760.000      -27.26510       37.81446    
   2761.000      -27.60132       37.41629    
   2765.000      -29.12967       35.90314    
   2766.000      -29.56169       35.54392    
   2770.000      -31.52339       34.17789    
   2771.000      -32.07961       33.85334    
   2775.000      -34.62873       32.61828    
   2776.000      -35.36067       32.32467    
   2780.000      -38.78439       31.20674    
   2781.000      -39.79218       30.94079    
   2785.000      -44.69015       29.92756    
   2790.000      -54.12721       28.76719    
   2795.000      -74.65014       27.71348    
   2800.000      -83.25529       99.27804    
   2805.000      -49.08595       90.16742    
   2810.000      -34.92552       82.29209    
   2815.000      -26.73723       75.46378    
   2820.000      -22.32520       69.52707    
   2825.000      -18.02210       64.35121    
   2830.000      -15.69982       59.82750    
   2835.000      -14.16399       55.86393    
   2840.000      -13.18380       52.38378    
   2845.000      -12.60452       49.32167    
   2850.000      -12.31879       46.62283    
   2855.000      -12.24996       44.24031    
   2860.000      -12.34225       42.13465    
   2865.000      -12.55450       40.27180    
   2870.000      -12.85589       38.62310    
   2875.000      -13.22323       37.16369    
   2880.000      -13.63890       35.87252    
   2885.000      -14.08943       34.73152    
   2890.000      -14.56457       33.72503    
   2895.000      -15.05642       32.83982    
   2900.000      -15.55896       32.06435    
   3000.000      -24.83118       31.76425    
   3100.000      -22.27280       30.09130    
   3200.000      -21.01294       28.57004    
   3204.000      -20.99385       28.51216    
   3209.000      -20.97463       28.44011    
   3214.000      -20.96095       28.36840    
   3219.000      -20.95333       28.29702    
   3224.000      -20.95233       28.22598    
   3229.000      -20.95864       28.15526    
   3234.000      -20.97313       28.08488    
   3239.000      -20.99688       28.01482    
   3244.000      -21.03120       27.94509    
   3249.000      -21.07782       27.87568    
   3254.000      -21.13897       27.80659    
   3259.000      -21.21765       27.73782    
   3264.000      -21.31796       27.66936    
   3269.000      -21.44580       27.60122    
   3274.000      -21.61000       27.53339    
   3279.000      -21.82472       27.46587    
   3284.000      -22.11466       27.39866    
   3289.000      -22.52940       27.33175    
   3294.000      -23.19655       27.26515    
   3299.000      -24.64566       27.19885    
   3300.000      -25.27659       27.18563    
   3304.000      -25.05915       31.96424    
   3309.000      -23.09103       31.88089    
   3314.000      -22.18370       31.79806    
   3319.000      -21.56824       31.71572    
   3324.000      -21.09322       31.63390    
   3329.000      -20.70143       31.55257    
   3334.000      -20.36504       31.47174    
   3339.000      -20.06836       31.39140    
   3344.000      -19.80161       31.31154    
   3349.000      -19.55836       31.23217    
   3354.000      -19.33407       31.15327    
   3359.000      -19.12547       31.07486    
   3364.000      -18.93009       30.99690    
   3369.000      -18.74604       30.91942    
   3374.000      -18.57182       30.84240    
   3379.000      -18.40625       30.76584    
   3384.000      -18.24833       30.68974    
   3389.000      -18.09728       30.61408    
   3394.000      -17.95242       30.53888    
   3399.000      -17.81317       30.46412    
   3400.000      -17.78595       30.44921    
   3500.000      -15.67794       29.04161    
   3600.000      -14.37637       27.76576    
   3700.000      -13.36509       26.58897    
   3757.000      -13.08532       25.95748    
   3762.000      -13.07087       25.90366    
   3767.000      -13.05855       25.85008    
   3772.000      -13.04854       25.79675    
   3777.000      -13.04107       25.74367    
   3782.000      -13.03641       25.69082    
   3787.000      -13.03489       25.63823    
   3792.000      -13.03693       25.58587    
   3797.000      -13.04304       25.53375    
   3800.000      -13.04893       25.50259    
   3802.000      -13.05389       25.48186    
   3807.000      -13.07034       25.43022    
   3812.000      -13.09357       25.37881    
   3817.000      -13.12519       25.32764    
   3822.000      -13.16751       25.27670    
   3827.000      -13.22407       25.22599    
   3832.000      -13.30055       25.17551    
   3837.000      -13.40710       25.12527    
   3842.000      -13.56459       25.07525    
   3847.000      -13.82855       25.02546    
   3852.000      -14.48177       24.97589    
   3857.000      -14.26177       26.71595    
   3862.000      -13.64933       26.65933    
   3867.000      -13.33129       26.60303    
   3872.000      -13.10772       26.54706    
   3877.000      -12.93174       26.49140    
   3882.000      -12.78471       26.43605    
   3887.000      -12.65726       26.38102    
   3892.000      -12.54403       26.32630    
   3897.000      -12.44163       26.27189    
   3900.000      -12.38443       26.23939    
   3902.000      -12.34783       26.21779    
   3907.000      -12.26103       26.16398    
   3912.000      -12.18008       26.11049    
   3917.000      -12.10409       26.05729    
   3922.000      -12.03240       26.00439    
   3927.000      -11.96449       25.95178    
   3932.000      -11.89992       25.89948    
   3937.000      -11.83836       25.84746    
   3942.000      -11.77951       25.79573    
   3947.000      -11.72315       25.74429    
   3952.000      -11.66908       25.69314    
   4000.000      -11.24405       25.21636    
   4052.000      -10.93020       24.72778    
   4057.000      -10.90797       24.68227    
   4062.000      -10.88733       24.63701    
   4067.000      -10.86835       24.59200    
   4072.000      -10.85117       24.54723    
   4077.000      -10.83593       24.50272    
   4082.000      -10.82280       24.45845    
   4087.000      -10.81201       24.41442    
   4092.000      -10.80386       24.37064    
   4097.000      -10.79871       24.32710    
   4100.000      -10.79727       24.30109    
   4102.000      -10.79707       24.28380    
   4107.000      -10.79959       24.24074    
   4112.000      -10.80719       24.19792    
   4117.000      -10.82120       24.15534    
   4122.000      -10.84361       24.11299    
   4127.000      -10.87766       24.07087    
   4132.000      -10.92905       24.02899    
   4137.000      -11.00941       23.98734    
   4142.000      -11.14905       23.94592    
   4147.000      -11.49159       23.90474    
   4152.000      -11.43445       24.90991    
   4157.000      -11.04629       24.86880    
   4162.000      -10.84746       24.82792    
   4167.000      -10.70610       24.78726    
   4172.000      -10.59312       24.74682    
   4177.000      -10.49720       24.70661    
   4182.000      -10.41274       24.66662    
   4187.000      -10.33654       24.62685    
   4192.000      -10.26659       24.58730    
   4197.000      -10.20158       24.54797    
   4200.000      -10.16454       24.52448    
   4202.000      -10.14056       24.50886    
   4207.000      -10.08286       24.46997    
   4212.000      -10.02796       24.43129    
   4217.000      -9.975483       24.39283    
   4222.000      -9.925102       24.35458    
   4227.000      -9.876575       24.31654    
   4232.000      -9.829700       24.27872    
   4237.000      -9.784302       24.24111    
   4242.000      -9.740242       24.20371    
   4247.000      -9.697401       24.16652    
   4300.000      -8.806189       23.77626    
   4400.000      -8.159202       22.98993    
   4500.000      -7.643731       22.25716    
   4600.000      -7.215345       21.57391    
   4700.000      -6.851694       20.93682    
   4800.000      -6.538672       20.34316    
   4900.000      -6.266215       19.79070    
   5000.000      -6.026514       19.27767    
   5100.000      -5.456207       18.73934    
   5200.000      -5.231946       18.21831    
   5300.000      -5.032388       17.71976    
   5400.000      -4.837792       17.24183    
   5500.000      -4.679158       16.78240    
   5600.000      -4.534772       16.34170    
   5700.000      -4.409304       15.91839    
   5800.000      -4.298002       15.51181    
   5900.000      -4.199501       15.12107    
   6000.000      -4.112598       14.74532    
   6100.000      -4.036232       14.38377    
   6200.000      -3.969465       14.03569    
   6300.000      -3.911462       13.70040    
   6400.000      -3.861479       13.37725    
   6500.000      -3.818851       13.06565    
   6600.000      -3.782984       12.76504    
   6700.000      -3.766795       12.47595    
   6800.000      -3.743136       12.19689    
   6900.000      -3.724715       11.92733    
   7000.000      -3.711143       11.66685    
   7100.000      -3.702070       11.41502    
   7200.000      -3.697178       11.17145    
   7300.000      -3.696182       10.93577    
   7400.000      -3.698823       10.70764    
   7500.000      -3.704868       10.48672    
   7600.000      -3.714108       10.27271    
   7700.000      -3.726174       10.06531    
   7800.000      -3.753427       9.865025    
   7900.000      -3.771421       9.670902    
   8000.000      -3.791912       9.482616    
   8100.000      -3.814781       9.299928    
   8200.000      -3.839926       9.122611    
   8300.000      -3.870678       8.950453    
   8400.000      -3.900215       8.783477    
   8500.000      -3.931814       8.621264    
   8600.000      -3.965453       8.463630    
   8700.000      -4.001150       8.310402    
   8800.000      -4.038984       8.161409    
   8900.000      -4.092237       8.016520    
   9000.000      -4.131166       7.877450    
   9100.000      -4.171571       7.742170    
   9200.000      -4.213442       7.610540    
   9300.000      -4.256763       7.482424    
   9400.000      -4.302114       7.357694    
   9500.000      -4.348392       7.236237    
   9600.000      -4.396120       7.117929    
   9700.000      -4.445290       7.002660    
   9800.000      -4.495919       6.890320    
   9900.000      -4.548027       6.780810    
   10000.00      -4.601645       6.674030    
   10100.00      -4.656809       6.569888    
   10200.00      -4.713562       6.468295    
   10300.00      -4.771957       6.369164    
   10400.00      -4.832052       6.272416    
   10500.00      -4.893918       6.177969    
   10600.00      -4.957632       6.085751    
   10700.00      -5.023284       5.995689    
   10800.00      -5.090976       5.907713    
   10900.00      -5.160822       5.821759    
   11000.00      -5.232952       5.737761    
   11100.00      -5.307510       5.655659    
   11200.00      -5.384662       5.575395    
   11300.00      -5.464594       5.496911    
   11400.00      -5.547516       5.420154    
   11500.00      -5.633670       5.345072    
   11600.00      -5.723345       5.271615    
   11700.00      -5.817446       5.199747    
   11800.00      -5.915103       5.129413    
   11900.00      -6.017347       5.060566    
   12000.00      -6.124666       4.993161    
   12100.00      -6.237628       4.927157    
   12200.00      -6.358685       4.862548    
   12300.00      -6.485102       4.799273    
   12400.00      -6.619606       4.737283    
   12500.00      -6.763387       4.676543    
   12600.00      -6.917912       4.617019    
   12700.00      -7.085034       4.558677    
   12800.00      -7.267135       4.501484    
   12900.00      -7.467342       4.445410    
   13000.00      -7.689890       4.390424    
   13100.00      -7.940696       4.336498    
   13200.00      -8.228393       4.283604    
   13300.00      -8.567561       4.231723    
   13400.00      -8.977859       4.180826    
   13500.00      -9.501508       4.130881    
   13600.00      -10.22818       4.081866    
   13700.00      -11.42676       4.033755    
   13716.00      -11.71583       4.026140    
   13721.00      -11.81605       4.023765    
   13726.00      -11.92188       4.021392    
   13731.00      -12.03399       4.019021    
   13736.00      -12.15314       4.016653    
   13741.00      -12.28030       4.014286    
   13746.00      -12.41659       4.011922    
   13751.00      -12.56343       4.009560    
   13756.00      -12.72254       4.007200    
   13761.00      -12.89621       4.004842    
   13766.00      -13.08733       4.002487    
   13771.00      -13.29976       4.000134    
   13776.00      -13.53882       3.997782    
   13781.00      -13.81210       3.995433    
   13786.00      -14.13098       3.993086    
   13791.00      -14.51367       3.990741    
   13796.00      -14.99194       3.988399    
   13800.00      -15.48436       3.986526    
   13801.00      -15.62988       3.986059    
   13806.00      -16.58944       3.983721    
   13811.00      -18.57722       3.981384    
   13816.00      -19.06335       10.10292    
   13821.00      -16.74559       10.09681    
   13826.00      -15.71270       10.09071    
   13831.00      -15.03893       10.08461    
   13836.00      -14.53769       10.07852    
   13841.00      -14.13831       10.07243    
   13846.00      -13.80612       10.06635    
   13851.00      -13.52171       10.06027    
   13856.00      -13.27303       10.05420    
   13861.00      -13.05207       10.04814    
   13866.00      -12.85325       10.04207    
   13871.00      -12.67253       10.03602    
   13876.00      -12.50688       10.02997    
   13881.00      -12.35400       10.02392    
   13886.00      -12.21202       10.01789    
   13891.00      -12.07950       10.01185    
   13896.00      -11.95526       10.00582    
   13900.00      -11.86119       10.00100    
   13901.00      -11.83834       9.999796    
   13906.00      -11.72791       9.993777    
   13911.00      -11.62330       9.987763    
   14000.00      -10.33634       9.881577    
   14100.00      -9.491827       9.764180    
   14200.00      -8.912998       9.648767    
   14300.00      -8.480357       9.535293    
   14400.00      -8.143832       9.423805    
   14500.00      -7.868119       9.314179    
   14600.00      -7.641919       9.206367    
   14700.00      -7.454980       9.100330    
   14800.00      -7.300661       8.996027    
   14900.00      -7.174456       8.893424    
   15000.00      -7.073336       8.792481    
   15100.00      -6.995377       8.693166    
   15200.00      -6.939558       8.595444    
   15300.00      -6.905683       8.499280    
   15400.00      -6.894433       8.404643    
   15500.00      -6.907541       8.311500    
   15600.00      -6.948183       8.219819    
   15700.00      -7.021767       8.129574    
   15800.00      -7.137585       8.040731    
   15900.00      -7.312621       7.953266    
   16000.00      -7.584196       7.867150    
   16100.00      -8.041510       7.782372    
   16147.00      -8.402965       7.742975    
   16152.00      -8.452152       7.738800    
   16157.00      -8.504223       7.734629    
   16162.00      -8.559556       7.730460    
   16167.00      -8.618515       7.726295    
   16172.00      -8.681629       7.722133    
   16177.00      -8.749442       7.717975    
   16182.00      -8.822702       7.713820    
   16187.00      -8.902352       7.709668    
   16192.00      -8.989491       7.705519    
   16197.00      -9.085695       7.701373    
   16200.00      -9.148559       7.698886    
   16202.00      -9.192910       7.697230    
   16207.00      -9.314001       7.693090    
   16212.00      -9.452865       7.688954    
   16217.00      -9.615555       7.684822    
   16222.00      -9.811843       7.680691    
   16227.00      -10.05873       7.676565    
   16232.00      -10.39145       7.672441    
   16237.00      -10.90152       7.668321    
   16242.00      -12.03436       7.664203    
   16247.00      -11.88335       10.75657    
   16252.00      -10.84639       10.75106    
   16257.00      -10.35010       10.74556    
   16262.00      -10.02004       10.74006    
   16267.00      -9.772029       10.73456    
   16272.00      -9.573282       10.72907    
   16277.00      -9.407247       10.72358    
   16282.00      -9.264704       10.71809    
   16287.00      -9.139707       10.71261    
   16292.00      -9.028459       10.70713    
   16297.00      -8.928150       10.70166    
   16300.00      -8.872432       10.69838    
   16302.00      -8.836877       10.69619    
   16307.00      -8.753113       10.69073    
   16312.00      -8.675685       10.68526    
   16317.00      -8.603753       10.67981    
   16322.00      -8.536542       10.67435    
   16327.00      -8.473519       10.66890    
   16332.00      -8.414155       10.66346    
   16337.00      -8.358090       10.65802    
   16342.00      -8.304967       10.65258    
   16400.00      -7.834822       10.58979    
   16500.00      -7.349008       10.48276    
   16600.00      -7.060318       10.37725    
   16700.00      -6.903452       10.27325    
   16800.00      -6.901704       10.17083    
   16842.00      -6.975182       10.12825    
   16847.00      -6.989297       10.12319    
   16852.00      -7.004944       10.11815    
   16857.00      -7.022304       10.11310    
   16862.00      -7.041567       10.10806    
   16867.00      -7.062994       10.10302    
   16872.00      -7.086866       10.09798    
   16877.00      -7.113568       10.09295    
   16882.00      -7.143539       10.08793    
   16887.00      -7.177375       10.08290    
   16892.00      -7.215855       10.07788    
   16897.00      -7.259971       10.07286    
   16900.00      -7.289723       10.06986    
   16902.00      -7.311164       10.06785    
   16907.00      -7.371414       10.06284    
   16912.00      -7.443812       10.05783    
   16917.00      -7.533209       10.05283    
   16922.00      -7.648362       10.04783    
   16927.00      -7.806918       10.04284    
   16932.00      -8.055369       10.03785    
   16937.00      -8.619172       10.03286    
   16942.00      -8.531376       11.59430    
   16947.00      -7.997626       11.58910    
   16952.00      -7.737277       11.58390    
   16957.00      -7.560921       11.57870    
   16962.00      -7.426176       11.57350    
   16967.00      -7.316296       11.56831    
   16972.00      -7.222967       11.56313    
   16977.00      -7.141535       11.55794    
   16982.00      -7.068990       11.55276    
   16987.00      -7.003418       11.54759    
   16992.00      -6.943395       11.54241    
   16997.00      -6.887962       11.53724    
   17000.00      -6.856567       11.53414    
   17002.00      -6.836328       11.53207    
   17007.00      -6.787951       11.52691    
   17012.00      -6.742359       11.52175    
   17017.00      -6.699170       11.51659    
   17022.00      -6.658123       11.51144    
   17027.00      -6.618942       11.50628    
   17032.00      -6.581456       11.50114    
   17037.00      -6.545474       11.49599    
   17100.00      -6.178055       11.43145    
   17200.00      -5.761755       11.33007    
   17300.00      -5.439455       11.22997    
   17400.00      -5.169321       11.13111    
   17500.00      -4.933788       11.03349    
   17600.00      -4.723547       10.93709    
   17700.00      -4.532949       10.84187    
   17800.00      -4.358251       10.74783    
   17900.00      -4.196805       10.65494    
   18000.00      -4.065269       10.56357    
   18100.00      -3.925225       10.47388    
   18200.00      -3.793731       10.38530    
   18300.00      -3.669846       10.29782    
   18400.00      -3.552779       10.21142    
   18500.00      -3.441877       10.12608    
   18600.00      -3.336584       10.04177    
   18700.00      -3.237333       9.958488    
   18800.00      -3.141900       9.876217    
   18900.00      -3.050822       9.794932    
   19000.00      -2.963787       9.714618    
   19100.00      -2.880515       9.635258    
   19200.00      -2.800757       9.556837    
   19300.00      -2.724289       9.479340    
   19400.00      -2.650907       9.402749    
   19500.00      -2.580430       9.327051    
   19600.00      -2.512692       9.252231    
   19700.00      -2.447541       9.178275    
   19800.00      -2.384840       9.105171    
   19900.00      -2.324460       9.032902    
   20000.00      -2.266283       8.961456    
   20100.00      -2.210202       8.890821    
   20200.00      -2.156117       8.820981    
   20300.00      -2.103935       8.751929    
   20400.00      -2.053568       8.683648    
   20500.00      -2.004935       8.616127    
   20600.00      -1.957962       8.549356    
   20700.00      -1.912579       8.483321    
   20800.00      -1.868718       8.418014    
   20900.00      -1.826318       8.353420    
   21000.00      -1.785322       8.289532    
   21100.00      -1.745704       8.226336    
   21200.00      -1.713325       8.164061    
   21300.00      -1.676321       8.102515    
   21400.00      -1.640503       8.041637    
   21500.00      -1.605829       7.981420    
   21600.00      -1.572259       7.921851    
   21700.00      -1.539753       7.862922    
   21800.00      -1.508274       7.804624    
   21900.00      -1.477785       7.746946    
   22000.00      -1.448259       7.689879    
   22100.00      -1.441178       7.634192    
   22200.00      -1.413889       7.579329    
   22300.00      -1.387430       7.525080    
   22400.00      -1.361774       7.471432    
   22500.00      -1.336892       7.418378    
   22600.00      -1.312760       7.365910    
   22700.00      -1.289352       7.314017    
   22800.00      -1.266645       7.262692    
   22900.00      -1.244615       7.211925    
   23000.00      -1.223241       7.161709    
   23100.00      -1.202501       7.112035    
   23200.00      -1.182376       7.062895    
   23300.00      -1.162847       7.014283    
   23400.00      -1.143893       6.966188    
   23500.00      -1.125499       6.918605    
   23600.00      -1.107647       6.871526    
   23700.00      -1.090320       6.824943    
   23800.00      -1.073502       6.778850    
   23900.00      -1.057179       6.733239    
   24000.00      -1.041335       6.688103    
   24100.00      -1.025956       6.643435    
   24200.00      -1.011028       6.599230    
   24300.00     -0.9965398       6.555481    
   24400.00     -0.9824764       6.512180    
   24500.00     -0.9688264       6.469322    
   24600.00     -0.9555777       6.426900    
   24700.00     -0.9427190       6.384909    
   24800.00     -0.9302391       6.343343    
   24900.00     -0.9181269       6.302195    
