  Element 59: Pr      Atomic mass:  140.9077

  Edge          keV         A
    K        41.9906    0.2953
    L-I       6.8348    1.8140
    L-II      6.4404    1.9251
    L-III     5.9643    2.0788
    M1        1.5110    8.2054
    M2        1.3374    9.2705
    M3        1.2422    9.9810

Scattering factors as a function of energy: 

   1000.000      -35.39924       35.87213    
   1100.000      -24.78184       30.27080    
   1145.000      -22.82962       28.32191    
   1150.000      -22.67460       28.12256    
   1155.000      -22.53140       27.92637    
   1160.000      -22.40012       27.73328    
   1165.000      -22.28096       27.54321    
   1170.000      -22.17427       27.35612    
   1175.000      -22.08056       27.17193    
   1180.000      -22.00055       26.99058    
   1185.000      -21.93521       26.81201    
   1190.000      -21.88588       26.63617    
   1195.000      -21.85441       26.46299    
   1200.000      -21.84336       26.29243    
   1205.000      -21.85635       26.12443    
   1210.000      -21.89871       25.95894    
   1215.000      -21.97858       25.79590    
   1220.000      -22.11200       25.63529    
   1225.000      -22.31747       25.47705    
   1230.000      -22.64685       25.32113    
   1235.000      -23.23067       25.16748    
   1240.000      -24.71943       25.01605    
   1240.000      -24.71943       25.01605    
   1245.000      -24.23925       29.17999    
   1245.000      -24.23925       29.17999    
   1250.000      -22.69225       28.98904    
   1250.000      -22.69225       28.98904    
   1255.000      -21.89249       28.80177    
   1255.000      -21.89249       28.80177    
   1260.000      -21.33338       28.61811    
   1260.000      -21.33338       28.61811    
   1265.000      -20.89804       28.43795    
   1265.000      -20.89804       28.43795    
   1270.000      -20.54019       28.26121    
   1270.000      -20.54019       28.26121    
   1275.000      -20.23678       28.08781    
   1275.000      -20.23678       28.08781    
   1280.000      -19.97479       27.91767    
   1280.000      -19.97479       27.91767    
   1285.000      -19.74631       27.75072    
   1285.000      -19.74631       27.75072    
   1290.000      -19.54643       27.58687    
   1290.000      -19.54643       27.58687    
   1295.000      -19.37219       27.42607    
   1295.000      -19.37219       27.42607    
   1300.000      -19.22216       27.26823    
   1305.000      -19.09629       27.11330    
   1305.000      -19.09629       27.11330    
   1310.000      -18.99630       26.96120    
   1310.000      -18.99630       26.96120    
   1315.000      -18.92629       26.81188    
   1315.000      -18.92629       26.81188    
   1320.000      -18.89503       26.66528    
   1320.000      -18.89503       26.66528    
   1325.000      -18.92179       26.52134    
   1325.000      -18.92179       26.52134    
   1330.000      -19.05867       26.38000    
   1330.000      -19.05867       26.38000    
   1335.000      -19.55647       26.24121    
   1335.000      -19.55647       26.24121    
   1340.000      -19.35311       27.93539    
   1340.000      -19.35311       27.93539    
   1345.000      -18.57794       27.78329    
   1350.000      -18.14559       27.63424    
   1355.000      -17.82189       27.48818    
   1360.000      -17.55461       27.34505    
   1365.000      -17.32313       27.20477    
   1370.000      -17.11703       27.06729    
   1375.000      -16.93029       26.93254    
   1380.000      -16.75904       26.80047    
   1385.000      -16.60068       26.67103    
   1390.000      -16.45332       26.54416    
   1395.000      -16.31557       26.41981    
   1400.000      -16.18636       26.29793    
   1405.000      -16.06488       26.17848    
   1410.000      -15.95045       26.06140    
   1413.000      -15.88497       25.99227    
   1415.000      -15.84257       25.94665    
   1418.000      -15.78080       25.87890    
   1420.000      -15.74082       25.83419    
   1423.000      -15.68257       25.76779    
   1425.000      -15.64487       25.72397    
   1428.000      -15.58999       25.65890    
   1430.000      -15.55450       25.61596    
   1433.000      -15.50287       25.55220    
   1435.000      -15.46952       25.51012    
   1438.000      -15.42108       25.44764    
   1443.000      -15.34456       25.34519    
   1448.000      -15.27333       25.24481    
   1453.000      -15.20752       25.14646    
   1458.000      -15.14735       25.05013    
   1463.000      -15.09318       24.95576    
   1468.000      -15.04558       24.86333    
   1473.000      -15.00539       24.77281    
   1478.000      -14.97390       24.68418    
   1483.000      -14.95310       24.59740    
   1488.000      -14.94627       24.51245    
   1493.000      -14.95921       24.42929    
   1498.000      -15.00361       24.34792    
   1500.000      -15.03549       24.31586    
   1503.000      -15.10892       24.26829    
   1508.000      -15.39935       24.19039    
   1513.000      -15.47700       25.28303    
   1518.000      -14.93926       25.20564    
   1523.000      -14.66954       25.12996    
   1528.000      -14.47262       25.05598    
   1533.000      -14.31098       24.98366    
   1538.000      -14.17055       24.91300    
   1543.000      -14.04447       24.84397    
   1548.000      -13.92886       24.77655    
   1553.000      -13.82130       24.71073    
   1558.000      -13.72017       24.64648    
   1563.000      -13.62432       24.58381    
   1568.000      -13.53291       24.52267    
   1573.000      -13.44481       24.46307    
   1578.000      -12.37016       24.39033    
   1583.000      -12.28449       24.31786    
   1588.000      -12.20163       24.24685    
   1593.000      -12.12801       24.17728    
   1598.000      -12.04995       24.10916    
   1600.000      -12.01932       24.08231    
   1603.000      -11.97399       24.04245    
   1608.000      -11.20672       23.97574    
   1700.000      -9.296958       22.42620    
   1800.000      -7.884249       20.88247    
   1900.000      -7.011915       19.45734    
   2000.000      -6.297867       18.17801    
   2100.000      -5.765477       17.01294    
   2200.000      -5.447993       15.96174    
   2300.000      -5.122776       15.00704    
   2400.000      -4.870578       14.13554    
   2500.000      -4.701158       13.33832    
   2600.000      -4.558095       12.61086    
   2700.000      -4.468590       11.94241    
   2800.000      -4.398971       11.32826    
   2900.000      -4.357187       10.76087    
   3000.000      -4.342983       10.23547    
   3100.000      -4.345390       9.752673    
   3200.000      -4.364304       9.304586    
   3300.000      -4.397645       8.887874    
   3400.000      -4.443761       8.499592    
   3500.000      -4.501361       8.137147    
   3600.000      -4.569452       7.798235    
   3700.000      -4.647297       7.480809    
   3800.000      -4.738865       7.183292    
   3900.000      -4.839949       6.904230    
   4000.000      -4.945114       6.641776    
   4100.000      -5.059855       6.394587    
   4200.000      -5.182814       6.161486    
   4300.000      -5.315206       5.941367    
   4400.000      -5.457676       5.733255    
   4500.000      -5.612267       5.536290    
   4600.000      -5.777853       5.349659    
   4700.000      -5.957066       5.172618    
   4800.000      -6.151857       5.004502    
   4900.000      -6.364758       4.844702    
   5000.000      -6.599096       4.692665    
   5100.000      -6.859318       4.547879    
   5200.000      -7.151524       4.409879    
   5300.000      -7.484363       4.278235    
   5400.000      -7.878740       4.152630    
   5500.000      -8.338840       4.032995    
   5600.000      -8.907519       3.918617    
   5700.000      -9.653390       3.809184    
   5800.000      -10.75296       3.704438    
   5867.000      -11.94374       3.636951    
   5872.000      -12.06317       3.631991    
   5877.000      -12.18918       3.627043    
   5882.000      -12.32257       3.622104    
   5887.000      -12.46427       3.617176    
   5892.000      -12.61538       3.612258    
   5897.000      -12.77726       3.607351    
   5900.000      -12.88025       3.604411    
   5902.000      -12.95160       3.602454    
   5907.000      -13.14049       3.597567    
   5912.000      -13.34660       3.592690    
   5917.000      -13.57339       3.587825    
   5922.000      -13.82557       3.582968    
   5927.000      -14.10955       3.578123    
   5932.000      -14.43452       3.573287    
   5937.000      -14.81436       3.568462    
   5942.000      -15.27155       3.563647    
   5947.000      -15.84572       3.558841    
   5952.000      -16.61792       3.554046    
   5957.000      -17.80046       3.549262    
   5962.000      -20.42354       3.544487    
   5967.000      -20.06881       10.71109    
   5972.000      -17.66224       10.69113    
   5977.000      -16.51085       10.67124    
   5982.000      -15.74661       10.65143    
   5987.000      -15.17396       10.63170    
   5992.000      -14.71627       10.61205    
   5997.000      -14.33537       10.59248    
   6000.000      -14.13426       10.58077    
   6002.000      -14.00953       10.57299    
   6007.000      -13.72506       10.55357    
   6012.000      -13.47293       10.53423    
   6017.000      -13.24676       10.51497    
   6022.000      -13.04195       10.49579    
   6027.000      -12.85498       10.47668    
   6032.000      -12.68319       10.45765    
   6037.000      -12.52447       10.43869    
   6042.000      -12.37715       10.41981    
   6047.000      -12.23984       10.40100    
   6052.000      -12.11141       10.38227    
   6057.000      -11.99093       10.36361    
   6062.000      -11.87760       10.34502    
   6100.000      -11.19315       10.20613    
   6200.000      -10.23504       9.859634    
   6300.000      -9.990682       9.538587    
   6343.000      -10.11715       9.407762    
   6348.000      -10.14550       9.392817    
   6353.000      -10.17755       9.377929    
   6358.000      -10.21366       9.363096    
   6363.000      -10.25429       9.348317    
   6368.000      -10.29995       9.333591    
   6373.000      -10.35132       9.318920    
   6378.000      -10.40917       9.304304    
   6383.000      -10.47455       9.289741    
   6388.000      -10.54873       9.275229    
   6393.000      -10.63339       9.260772    
   6398.000      -10.73078       9.246368    
   6400.000      -10.77397       9.240621    
   6403.000      -10.84403       9.232016    
   6408.000      -10.97757       9.217716    
   6413.000      -11.13814       9.203467    
   6418.000      -11.33653       9.189271    
   6423.000      -11.59182       9.175128    
   6428.000      -11.94296       9.161035    
   6433.000      -12.49115       9.146992    
   6438.000      -13.71628       9.133000    
   6443.000      -13.61004       12.61525    
   6448.000      -12.38941       12.59632    
   6453.000      -11.80197       12.57746    
   6458.000      -11.40643       12.55867    
   6463.000      -11.10549       12.53994    
   6468.000      -10.86116       12.52127    
   6473.000      -10.65467       12.50267    
   6478.000      -10.47533       12.48413    
   6483.000      -10.31646       12.46565    
   6488.000      -10.17358       12.44723    
   6493.000      -10.04362       12.42888    
   6498.000      -9.924280       12.41058    
   6500.000      -9.879133       12.40329    
   6503.000      -9.813890       12.39235    
   6508.000      -9.711117       12.37418    
   6513.000      -9.614942       12.35608    
   6518.000      -9.524542       12.33803    
   6523.000      -9.439256       12.32004    
   6528.000      -9.358517       12.30211    
   6533.000      -9.281875       12.28424    
   6538.000      -9.208941       12.26643    
   6600.000      -8.523809       12.05053    
   6700.000      -7.924782       11.72038    
   6737.000      -7.837310       11.60356    
   6742.000      -7.832660       11.58799    
   6747.000      -7.830089       11.57246    
   6752.000      -7.829782       11.55699    
   6757.000      -7.832157       11.54156    
   6762.000      -7.836804       11.52619    
   6767.000      -7.844771       11.51086    
   6772.000      -7.856187       11.49559    
   6777.000      -7.871559       11.48036    
   6782.000      -7.891529       11.46518    
   6787.000      -7.916929       11.45005    
   6792.000      -7.948873       11.43497    
   6797.000      -7.988903       11.41993    
   6800.000      -8.017677       11.41093    
   6802.000      -8.039211       11.40494    
   6807.000      -8.103098       11.39000    
   6812.000      -8.185834       11.37511    
   6817.000      -8.296685       11.36027    
   6822.000      -8.454216       11.34547    
   6827.000      -8.705513       11.33072    
   6832.000      -9.255942       11.31601    
   6837.000      -9.366632       13.07995    
   6842.000      -8.667354       13.06466    
   6847.000      -8.341315       13.04942    
   6852.000      -8.119772       13.03422    
   6857.000      -7.948572       13.01907    
   6862.000      -7.807148       13.00397    
   6867.000      -7.685488       12.98891    
   6872.000      -7.577937       12.97389    
   6877.000      -7.480999       12.95892    
   6882.000      -7.392327       12.94399    
   6887.000      -7.310309       12.92911    
   6892.000      -7.233768       12.91427    
   6897.000      -7.161829       12.89947    
   6900.000      -7.120575       12.89061    
   6902.000      -7.093800       12.88472    
   6907.000      -7.029154       12.87001    
   6912.000      -6.967466       12.85534    
   6917.000      -6.908395       12.84072    
   6922.000      -6.851643       12.82614    
   6927.000      -6.796978       12.81160    
   6932.000      -6.744199       12.79710    
   7000.000      -6.152541       12.60410    
   7100.000      -5.512094       12.33365    
   7200.000      -5.010520       12.07811    
   7300.000      -4.593771       11.83642    
   7400.000      -4.236442       11.60762    
   7500.000      -3.923748       11.39085    
   7600.000      -3.646006       11.18532    
   7700.000      -3.396377       10.99031    
   7800.000      -2.905562       10.78932    
   7900.000      -2.687132       10.57775    
   8000.000      -2.488102       10.37292    
   8100.000      -2.306022       10.17455    
   8200.000      -2.138875       9.982343    
   8300.000      -1.984974       9.796028    
   8400.000      -1.794708       9.613767    
   8500.000      -1.661278       9.432505    
   8600.000      -1.537938       9.256119    
   8700.000      -1.423786       9.084434    
   8800.000      -1.318028       8.917276    
   8900.000      -1.234499       8.754734    
   9000.000      -1.144575       8.598593    
   9100.000      -1.060944       8.446696    
   9200.000     -0.9831148       8.298890    
   9300.000     -0.9106325       8.155025    
   9400.000     -0.8430921       8.014959    
   9500.000     -0.7801245       7.878557    
   9600.000     -0.7213972       7.745689    
   9700.000     -0.6666080       7.616233    
   9800.000     -0.6154796       7.490070    
   9900.000     -0.5677613       7.367087    
   10000.00     -0.5232213       7.247175    
   10100.00     -0.4816473       7.130232    
   10200.00     -0.4429624       7.016160    
   10300.00     -0.4067623       6.904860    
   10400.00     -0.3729916       6.796246    
   10500.00     -0.3414967       6.690227    
   10600.00     -0.3121370       6.586721    
   10700.00     -0.2847819       6.485648    
   10800.00     -0.2593098       6.386929    
   10900.00     -0.2356085       6.290493    
   11000.00     -0.2135729       6.196266    
   11100.00     -0.1931057       6.104181    
   11200.00     -0.1741163       6.014173    
   11300.00     -0.1565196       5.926178    
   11400.00     -0.1402368       5.840137    
   11500.00     -0.1251934       5.755988    
   11600.00     -0.1113205       5.673678    
   11700.00     -9.8553404E-02   5.593153    
   11800.00     -8.6831003E-02   5.514359    
   11900.00     -7.6096557E-02   5.437247    
   12000.00     -6.7581631E-02   5.361811    
   12100.00     -5.8682989E-02   5.287979    
   12200.00     -5.0618608E-02   5.215690    
   12300.00     -4.3343935E-02   5.144900    
   12400.00     -3.6817346E-02   5.075568    
   12500.00     -3.0999368E-02   5.007652    
   12600.00     -2.5853006E-02   4.941113    
   12700.00     -2.1343350E-02   4.875916    
   12800.00     -1.7437348E-02   4.812021    
   12900.00     -1.6540995E-02   4.749416    
   13000.00     -1.3773082E-02   4.688130    
   13100.00     -1.1516609E-02   4.628046    
   13200.00     -9.7454386E-03   4.569132    
   13300.00     -8.4348088E-03   4.511358    
   13400.00     -7.5613558E-03   4.454694    
   13500.00     -7.1029318E-03   4.399111    
   13600.00     -7.0385933E-03   4.344581    
   13700.00     -8.7769460E-03   4.291096    
   13800.00     -9.4597144E-03   4.238651    
   13900.00     -1.0478199E-02   4.187181    
   14000.00     -1.1815539E-02   4.136663    
   14100.00     -1.3455717E-02   4.087072    
   14200.00     -1.5383526E-02   4.038386    
   14300.00     -1.7584590E-02   3.990582    
   14400.00     -2.0045185E-02   3.943639    
   14500.00     -2.2752369E-02   3.897536    
   14600.00     -2.5693780E-02   3.852251    
   14700.00     -2.8857660E-02   3.807768    
   14800.00     -3.2232933E-02   3.764064    
   14900.00     -3.5808939E-02   3.721123    
   15000.00     -3.9575685E-02   3.678927    
   15100.00     -4.3523554E-02   3.637457    
   15200.00     -4.7643404E-02   3.596698    
   15300.00     -5.1926643E-02   3.556633    
   15400.00     -5.6364946E-02   3.517245    
   15500.00     -6.0950551E-02   3.478519    
   15600.00     -6.5675944E-02   3.440441    
   15700.00     -7.0533961E-02   3.402996    
   15800.00     -7.5517930E-02   3.366169    
   15900.00     -8.0621295E-02   3.329947    
   16000.00     -8.5838020E-02   3.294317    
   16100.00     -9.1162197E-02   3.259265    
   16200.00     -9.6588247E-02   3.224778    
   16300.00     -0.1021108       3.190846    
   16400.00     -0.1077249       3.157454    
   16500.00     -0.1134257       3.124593    
   16600.00     -0.1192086       3.092250    
   16700.00     -0.1250691       3.060414    
   16800.00     -0.1310031       3.029076    
   16900.00     -0.1370067       2.998223    
   17000.00     -0.1431010       2.967847    
   17100.00     -0.1492298       2.937937    
   17200.00     -0.1554199       2.908484    
   17300.00     -0.1616654       2.879478    
   17400.00     -0.1679631       2.850910    
   17500.00     -0.1745913       2.822771    
   17600.00     -0.1809808       2.795055    
   17700.00     -0.1874158       2.767751    
   17800.00     -0.1938920       2.740851    
   17900.00     -0.2008331       2.714347    
   18000.00     -0.2073815       2.688234    
   18100.00     -0.2139638       2.662501    
   18200.00     -0.2205781       2.637140    
   18300.00     -0.2272223       2.612145    
   18400.00     -0.2338946       2.587508    
   18500.00     -0.2405932       2.563223    
   18600.00     -0.2473162       2.539282    
   18700.00     -0.2540621       2.515679    
   18800.00     -0.2608290       2.492409    
   18900.00     -0.2676159       2.469463    
   19000.00     -0.2744211       2.446836    
   19100.00     -0.2812433       2.424523    
   19200.00     -0.2880813       2.402517    
   19300.00     -0.2949336       2.380813    
   19400.00     -0.3017993       2.359405    
   19500.00     -0.3086774       2.338287    
   19600.00     -0.3155667       2.317455    
   19700.00     -0.3224663       2.296904    
   19800.00     -0.3293750       2.276627    
   19900.00     -0.3362924       2.256621    
   20000.00     -0.3432174       2.236880    
   20100.00     -0.3501493       2.217399    
   20200.00     -0.3570874       2.198174    
   20300.00     -0.3640308       2.179202    
   20400.00     -0.3709792       2.160475    
   20500.00     -0.3779318       2.141992    
   20600.00     -0.3848881       2.123747    
   20700.00     -0.3918476       2.105736    
   20800.00     -0.3988096       2.087956    
   20900.00     -0.4057739       2.070402    
   21000.00     -0.4127401       2.053070    
   21100.00     -0.4197077       2.035957    
   21200.00     -0.4266763       2.019059    
   21300.00     -0.4336455       2.002373    
   21400.00     -0.4406154       1.985893    
   21500.00     -0.4475854       1.969619    
   21600.00     -0.4545554       1.953545    
   21700.00     -0.4615251       1.937668    
   21800.00     -0.4684943       1.921987    
   21900.00     -0.4754631       1.906495    
   22000.00     -0.4824311       1.891192    
   22100.00     -0.4893983       1.876074    
   22200.00     -0.4963645       1.861138    
   22300.00     -0.5033297       1.846381    
   22400.00     -0.5102940       1.831799    
   22500.00     -0.5172573       1.817391    
   22600.00     -0.5242196       1.803153    
   22700.00     -0.5311809       1.789083    
   22800.00     -0.5381411       1.775179    
   22900.00     -0.5451006       1.761436    
   23000.00     -0.5520593       1.747854    
   23100.00     -0.5590173       1.734429    
   23200.00     -0.5659748       1.721159    
   23300.00     -0.5729319       1.708042    
   23400.00     -0.5798889       1.695075    
   23500.00     -0.5868458       1.682255    
   23600.00     -0.5938030       1.669582    
   23700.00     -0.6007607       1.657051    
   23800.00     -0.6077189       1.644663    
   23900.00     -0.6146784       1.632413    
   24000.00     -0.6216391       1.620300    
   24100.00     -0.6286015       1.608322    
   24200.00     -0.6355659       1.596477    
   24300.00     -0.6425327       1.584763    
   24400.00     -0.6495025       1.573178    
   24500.00     -0.6564755       1.561720    
   24600.00     -0.6634523       1.550387    
   24700.00     -0.6704335       1.539178    
   24800.00     -0.6774194       1.528090    
   24900.00     -0.6844110       1.517122    
