  Element 88: Ra      Atomic mass:  226.0254

  Edge          keV         A
    K       103.9219    0.1193
    L-I      19.2367    0.6445
    L-II     18.4843    0.6708
    L-III    15.4444    0.8028
    M1        4.8220    2.5712
    M2        4.4895    2.7616
    M3        3.7918    3.2698
    M4        3.2484    3.8168
    M5        3.1049    3.9932
    N1        1.2084   10.2602
    N2        1.0576   11.7232

Scattering factors as a function of energy: 

   1000.000      -33.08521       32.59144    
   1100.000      -30.00501       30.60966    
   1111.000      -29.69589       30.34731    
   1116.000      -29.56161       30.22859    
   1121.000      -29.43095       30.11021    
   1126.000      -29.30374       29.99219    
   1131.000      -29.17990       29.87451    
   1136.000      -29.05939       29.75720    
   1141.000      -28.94220       29.64026    
   1146.000      -28.82835       29.52369    
   1151.000      -28.71791       29.40751    
   1156.000      -28.61102       29.29170    
   1161.000      -28.50788       29.17630    
   1166.000      -28.40877       29.06129    
   1171.000      -28.31415       28.94667    
   1176.000      -28.22465       28.83247    
   1181.000      -28.14131       28.71868    
   1186.000      -28.06580       28.60531    
   1191.000      -28.00110       28.49236    
   1196.000      -28.51066       28.38034    
   1200.000      -28.50235       28.29584    
   1201.000      -28.50560       28.27478    
   1206.000      -28.60966       28.16982    
   1211.000      -28.50122       28.62220    
   1216.000      -28.21860       28.51738    
   1221.000      -28.03823       28.41320    
   1226.000      -27.88977       28.30965    
   1231.000      -27.75768       28.20672    
   1236.000      -27.63587       28.10442    
   1241.000      -27.52132       28.00274    
   1246.000      -27.41229       27.90167    
   1251.000      -27.30770       27.80122    
   1256.000      -27.20680       27.70137    
   1261.000      -27.10908       27.60212    
   1266.000      -27.05538       27.50368    
   1271.000      -26.96359       27.40587    
   1276.000      -26.87406       27.30867    
   1281.000      -26.78661       27.21205    
   1286.000      -26.70109       27.11603    
   1291.000      -26.61737       27.02059    
   1296.000      -26.53535       26.92573    
   1300.000      -26.47089       26.85025    
   1301.000      -26.45493       26.83144    
   1306.000      -26.37603       26.73773    
   1400.000      -25.05687       25.06775    
   1500.000      -24.05537       23.44072    
   1600.000      -23.26999       21.96790    
   1700.000      -22.71348       20.61266    
   1800.000      -22.33442       19.36991    
   1900.000      -22.11000       18.22739    
   2000.000      -22.02536       17.17459    
   2100.000      -22.07209       16.20248    
   2200.000      -22.25479       15.30471    
   2300.000      -22.56360       14.47338    
   2400.000      -23.01625       13.70214    
   2500.000      -23.87502       13.01007    
   2600.000      -24.88457       12.38123    
   2700.000      -25.97646       11.80486    
   2800.000      -27.46292       11.26795    
   2900.000      -29.61601       10.76689    
   3000.000      -33.18420       10.29850    
   3007.000      -33.53800       10.26811    
   3012.000      -33.80416       10.24649    
   3017.000      -34.08269       10.22496    
   3022.000      -34.37484       10.20349    
   3027.000      -34.68203       10.18210    
   3032.000      -35.00598       10.16078    
   3037.000      -35.34867       10.13953    
   3042.000      -35.71262       10.11836    
   3047.000      -36.10080       10.09726    
   3052.000      -36.51703       10.07623    
   3057.000      -36.96615       10.05527    
   3062.000      -37.45457       10.03438    
   3067.000      -37.99092       10.01356    
   3072.000      -38.58744       9.992811    
   3077.000      -39.26220       9.972133    
   3082.000      -40.04390       9.951523    
   3087.000      -40.98220       9.930984    
   3092.000      -42.17604       9.910512    
   3097.000      -43.87341       9.890110    
   3100.000      -45.45335       9.877901    
   3102.000      -47.13449       9.869775    
   3107.000      -48.32087       19.37237    
   3112.000      -44.94752       19.51834    
   3117.000      -43.59723       19.66492    
   3122.000      -42.79090       19.81206    
   3127.000      -42.24097       19.95971    
   3132.000      -41.84057       20.10778    
   3137.000      -41.53832       20.25624    
   3142.000      -41.30590       20.40500    
   3147.000      -41.12611       20.55401    
   3151.000      -41.01267       20.67335    
   3152.000      -40.98798       20.70320    
   3156.000      -40.90246       20.82264    
   3157.000      -40.88418       20.85251    
   3161.000      -40.82249       20.97200    
   3162.000      -40.80979       21.00187    
   3166.000      -40.76917       21.12135    
   3167.000      -40.76148       21.15122    
   3171.000      -40.74018       21.27065    
   3172.000      -40.73717       21.30049    
   3176.000      -40.73420       21.41980    
   3177.000      -40.73571       21.44961    
   3181.000      -40.75075       21.56875    
   3182.000      -40.75677       21.59851    
   3186.000      -40.79012       21.71744    
   3187.000      -40.80082       21.74713    
   3191.000      -40.85342       21.86578    
   3192.000      -40.86910       21.89540    
   3196.000      -40.94265       22.01372    
   3197.000      -40.96386       22.04325    
   3200.000      -41.03477       22.13173    
   3201.000      -41.06094       22.16118    
   3202.000      -41.08847       22.19061    
   3206.000      -41.21294       22.30811    
   3211.000      -41.40540       22.45441    
   3216.000      -41.64839       22.60005    
   3221.000      -41.95737       22.74492    
   3226.000      -42.35759       22.88899    
   3231.000      -42.89384       23.03217    
   3236.000      -43.65777       23.17440    
   3241.000      -44.88801       23.31560    
   3246.000      -47.71713       23.45572    
   3251.000      -47.38604       31.83349    
   3256.000      -44.48180       32.02633    
   3261.000      -43.04570       32.21738    
   3266.000      -42.04856       32.40658    
   3271.000      -41.26477       32.59384    
   3276.000      -40.60654       32.77910    
   3281.000      -40.03067       32.96227    
   3286.000      -39.51255       33.14329    
   3291.000      -39.03696       33.32207    
   3296.000      -38.59373       33.49856    
   3300.000      -38.25765       33.63804    
   3301.000      -38.17581       33.67268    
   3306.000      -37.77811       33.84435    
   3311.000      -37.39676       34.01351    
   3316.000      -37.02888       34.18009    
   3321.000      -36.67215       34.34404    
   3326.000      -36.32477       34.50527    
   3331.000      -35.98526       34.66374    
   3336.000      -35.65245       34.81936    
   3341.000      -35.32532       34.97210    
   3346.000      -35.00308       35.12187    
   3400.000      -31.70125       36.53632    
   3500.000      -25.90176       38.03996    
   3600.000      -20.51077       37.97546    
   3694.000      -16.36248       36.57491    
   3699.000      -16.18611       36.46857    
   3700.000      -16.15159       36.44696    
   3704.000      -16.01621       36.35934    
   3709.000      -15.85334       36.24725    
   3714.000      -15.69810       36.13237    
   3719.000      -15.55120       36.01473    
   3724.000      -15.41353       35.89441    
   3729.000      -15.28612       35.77143    
   3734.000      -15.17031       35.64588    
   3739.000      -15.06775       35.51778    
   3744.000      -14.98061       35.38720    
   3749.000      -14.91172       35.25419    
   3754.000      -14.86501       35.11881    
   3759.000      -14.84607       34.98110    
   3764.000      -14.86306       34.84114    
   3769.000      -14.92966       34.69895    
   3774.000      -15.06909       34.55462    
   3779.000      -15.32818       34.40819    
   3784.000      -15.82568       34.25972    
   3789.000      -17.07988       34.10925    
   3794.000      -17.22389       38.44468    
   3799.000      -15.32828       38.28653    
   3800.000      -15.10269       38.25469    
   3804.000      -14.37735       38.12658    
   3809.000      -13.69263       37.96486    
   3814.000      -13.13744       37.80145    
   3819.000      -12.65987       37.63638    
   3824.000      -12.23465       37.46973    
   3829.000      -11.84748       37.30154    
   3834.000      -11.48952       37.13187    
   3839.000      -11.15493       36.96078    
   3844.000      -10.83959       36.78831    
   3849.000      -10.54057       36.61454    
   3854.000      -10.25562       36.43950    
   3859.000      -9.983062       36.26326    
   3864.000      -9.721538       36.08586    
   3869.000      -9.470000       35.90736    
   3874.000      -9.227556       35.72781    
   3879.000      -8.993512       35.54728    
   3884.000      -8.767248       35.36580    
   3889.000      -8.548281       35.18344    
   3900.000      -8.090146       34.77934    
   4000.000      -5.042476       31.00664    
   4100.000      -11.79073       28.59180    
   4200.000      -10.54776       26.94867    
   4300.000      -12.56648       25.84933    
   4392.000      -12.18102       25.02215    
   4397.000      -12.17154       24.97838    
   4400.000      -12.16669       24.95216    
   4402.000      -12.16382       24.93471    
   4407.000      -12.15802       24.89116    
   4412.000      -12.15435       24.84774    
   4417.000      -12.15303       24.80443    
   4422.000      -12.15436       24.76123    
   4427.000      -12.15869       24.71815    
   4432.000      -12.16647       24.67519    
   4437.000      -12.17826       24.63234    
   4442.000      -12.19481       24.58961    
   4447.000      -12.21711       24.54699    
   4452.000      -12.24651       24.50448    
   4457.000      -12.28496       24.46209    
   4462.000      -12.33541       24.41981    
   4467.000      -12.40256       24.37765    
   4472.000      -12.49473       24.33559    
   4477.000      -12.62877       24.29365    
   4482.000      -12.84826       24.25182    
   4487.000      -13.35541       24.21010    
   4492.000      -13.32678       25.70793    
   4497.000      -12.75880       25.66571    
   4500.000      -12.57643       25.64044    
   4502.000      -12.47942       25.62362    
   4507.000      -12.28587       25.58163    
   4512.000      -12.13444       25.53976    
   4517.000      -12.00821       25.49800    
   4522.000      -11.89881       25.45635    
   4527.000      -11.80150       25.41481    
   4532.000      -11.71332       25.37338    
   4537.000      -11.63233       25.33206    
   4542.000      -11.55714       25.29086    
   4547.000      -11.48675       25.24976    
   4552.000      -11.42042       25.20876    
   4557.000      -11.35758       25.16788    
   4562.000      -11.29779       25.12711    
   4567.000      -11.24067       25.08644    
   4572.000      -11.18594       25.04588    
   4577.000      -11.13335       25.00543    
   4582.000      -11.08271       24.96509    
   4587.000      -11.03983       24.92487    
   4600.000      -10.92029       24.82079    
   4700.000      -10.25162       24.04347    
   4725.000      -10.14475       23.85537    
   4730.000      -10.12681       23.81804    
   4735.000      -10.11017       23.78080    
   4740.000      -10.09495       23.74366    
   4745.000      -10.08126       23.70662    
   4750.000      -10.06925       23.66967    
   4755.000      -10.05911       23.63281    
   4760.000      -10.05106       23.59605    
   4765.000      -10.04540       23.55939    
   4770.000      -10.04250       23.52281    
   4775.000      -10.04284       23.48633    
   4780.000      -10.04699       23.44995    
   4785.000      -10.05605       23.41366    
   4790.000      -10.07123       23.37745    
   4795.000      -10.09452       23.34134    
   4800.000      -10.12915       23.30532    
   4805.000      -10.18084       23.26940    
   4810.000      -10.26149       23.23356    
   4815.000      -10.40290       23.19782    
   4820.000      -10.77119       23.16216    
   4825.000      -10.61372       24.12608    
   4830.000      -10.27271       24.09050    
   4835.000      -10.08957       24.05501    
   4840.000      -9.957617       24.01961    
   4845.000      -9.851460       23.98429    
   4850.000      -9.760932       23.94907    
   4855.000      -9.680944       23.91393    
   4860.000      -9.608572       23.87887    
   4865.000      -9.541985       23.84390    
   4870.000      -9.479939       23.80902    
   4875.000      -9.421579       23.77422    
   4880.000      -9.366275       23.73951    
   4885.000      -9.313551       23.70488    
   4890.000      -9.263046       23.67034    
   4895.000      -9.214462       23.63588    
   4900.000      -9.167574       23.60150    
   4905.000      -9.122190       23.56721    
   4910.000      -9.078161       23.53300    
   4915.000      -9.035346       23.49888    
   4920.000      -8.993640       23.46483    
   5000.000      -8.412055       22.92913    
   5100.000      -7.852301       22.28697    
   5200.000      -7.387012       21.67388    
   5300.000      -6.989486       21.08817    
   5400.000      -6.639887       20.52818    
   5500.000      -6.331137       19.99235    
   5600.000      -6.056602       19.47927    
   5700.000      -5.822325       18.98790    
   5800.000      -5.602057       18.51679    
   5900.000      -5.368927       18.06100    
   6000.000      -5.187923       17.62053    
   6100.000      -5.024949       17.19648    
   6200.000      -4.878173       16.78799    
   6300.000      -4.741266       16.39356    
   6400.000      -4.623124       16.01447    
   6500.000      -4.506878       15.64892    
   6600.000      -4.411417       15.29542    
   6700.000      -4.325915       14.95419    
   6800.000      -4.249526       14.62465    
   6900.000      -4.181492       14.30624    
   7000.000      -4.121139       13.99846    
   7100.000      -4.067857       13.70082    
   7200.000      -4.021101       13.41287    
   7300.000      -3.980379       13.13416    
   7400.000      -3.945244       12.86430    
   7500.000      -3.915295       12.60291    
   7600.000      -3.899179       12.34971    
   7700.000      -3.878717       12.10483    
   7800.000      -3.862405       11.86739    
   7900.000      -3.849970       11.63709    
   8000.000      -3.841167       11.41362    
   8100.000      -3.835773       11.19672    
   8200.000      -3.833588       10.98611    
   8300.000      -3.834437       10.78156    
   8400.000      -3.838166       10.58281    
   8500.000      -3.844658       10.38966    
   8600.000      -3.852710       10.20186    
   8700.000      -3.864644       10.01924    
   8800.000      -3.879782       9.841580    
   8900.000      -3.901466       9.668716    
   9000.000      -3.918333       9.502772    
   9100.000      -3.936980       9.341313    
   9200.000      -3.957324       9.184175    
   9300.000      -3.979288       9.031198    
   9400.000      -4.002802       8.882231    
   9500.000      -4.027804       8.737129    
   9600.000      -4.054240       8.595755    
   9700.000      -4.082813       8.458003    
   9800.000      -4.112058       8.323748    
   9900.000      -4.142599       8.192853    
   10000.00      -4.174404       8.065202    
   10100.00      -4.207444       7.940686    
   10200.00      -4.241694       7.819200    
   10300.00      -4.277137       7.700641    
   10400.00      -4.313756       7.584914    
   10500.00      -4.351541       7.471925    
   10600.00      -4.390486       7.361586    
   10700.00      -4.430588       7.253812    
   10800.00      -4.471849       7.148521    
   10900.00      -4.514277       7.045635    
   11000.00      -4.557881       6.945077    
   11100.00      -4.602676       6.846776    
   11200.00      -4.648681       6.750664    
   11300.00      -4.695912       6.656671    
   11400.00      -4.746275       6.564756    
   11500.00      -4.796103       6.474840    
   11600.00      -4.847267       6.386859    
   11700.00      -4.899807       6.300759    
   11800.00      -4.953777       6.216481    
   11900.00      -5.009235       6.133974    
   12000.00      -5.068804       6.053205    
   12100.00      -5.127462       5.974121    
   12200.00      -5.187818       5.896660    
   12300.00      -5.249964       5.820776    
   12400.00      -5.314000       5.746427    
   12500.00      -5.380038       5.673566    
   12600.00      -5.448205       5.602157    
   12700.00      -5.518640       5.532157    
   12800.00      -5.591501       5.463529    
   12900.00      -5.666964       5.396236    
   13000.00      -5.745231       5.330242    
   13100.00      -5.826525       5.265512    
   13200.00      -5.911104       5.202015    
   13300.00      -5.999263       5.139717    
   13400.00      -6.091341       5.078587    
   13500.00      -6.188590       5.018603    
   13600.00      -6.289727       4.959739    
   13700.00      -6.396134       4.901957    
   13800.00      -6.508443       4.845227    
   13900.00      -6.627394       4.789525    
   14000.00      -6.753879       4.734824    
   14100.00      -6.891357       4.681110    
   14200.00      -7.036417       4.628389    
   14300.00      -7.193126       4.576596    
   14400.00      -7.363624       4.525710    
   14500.00      -7.550720       4.475708    
   14600.00      -7.758173       4.426569    
   14700.00      -7.991184       4.378274    
   14800.00      -8.257248       4.330801    
   14900.00      -8.567705       4.284133    
   15000.00      -8.940943       4.238249    
   15100.00      -9.409707       4.193131    
   15200.00      -10.04139       4.148764    
   15300.00      -11.01449       4.105127    
   15347.00      -11.74641       4.084867    
   15352.00      -11.84461       4.082720    
   15357.00      -11.94833       4.080576    
   15362.00      -12.05824       4.078434    
   15367.00      -12.17507       4.076293    
   15372.00      -12.29982       4.074154    
   15377.00      -12.43358       4.072016    
   15382.00      -12.57776       4.069880    
   15387.00      -12.73410       4.067747    
   15392.00      -12.90484       4.065615    
   15397.00      -13.09285       4.063484    
   15400.00      -13.21548       4.062207    
   15402.00      -13.30202       4.061356    
   15407.00      -13.53763       4.059229    
   15412.00      -13.80740       4.057104    
   15417.00      -14.12279       4.054981    
   15422.00      -14.50229       4.052859    
   15427.00      -14.97858       4.050739    
   15432.00      -15.61816       4.048621    
   15437.00      -16.59403       4.046504    
   15442.00      -18.72595       4.044390    
   15447.00      -18.59019       10.01520    
   15452.00      -16.54495       10.00998    
   15457.00      -15.57938       10.00476    
   15462.00      -14.94016       9.999540    
   15467.00      -14.46129       9.994328    
   15472.00      -14.07809       9.989120    
   15477.00      -13.75855       9.983914    
   15482.00      -13.48444       9.978713    
   15487.00      -13.24440       9.973515    
   15492.00      -13.03090       9.968322    
   15497.00      -12.83858       9.963130    
   15500.00      -12.73171       9.960017    
   15502.00      -12.66361       9.957943    
   15507.00      -12.50313       9.952759    
   15512.00      -12.35490       9.947578    
   15517.00      -12.21718       9.942401    
   15522.00      -12.08858       9.937227    
   15527.00      -11.96796       9.932057    
   15532.00      -11.85441       9.926892    
   15537.00      -11.74710       9.921729    
   15542.00      -11.64541       9.916569    
   15600.00      -10.74246       9.856972    
   15700.00      -9.782310       9.755304    
   15800.00      -9.148076       9.654992    
   15900.00      -8.678213       9.556013    
   16000.00      -8.308730       9.458344    
   16100.00      -8.007643       9.361966    
   16200.00      -7.756701       9.266857    
   16300.00      -7.544314       9.172998    
   16400.00      -7.363052       9.080367    
   16500.00      -7.212893       8.989012    
   16600.00      -7.081241       8.898890    
   16700.00      -6.967121       8.809942    
   16800.00      -6.870293       8.722146    
   16900.00      -6.789305       8.635483    
   17000.00      -6.723147       8.549934    
   17100.00      -6.671181       8.465485    
   17200.00      -6.633104       8.382115    
   17300.00      -6.608947       8.299811    
   17400.00      -6.599097       8.218554    
   17500.00      -6.604359       8.138327    
   17600.00      -6.626066       8.059114    
   17700.00      -6.666277       7.980902    
   17800.00      -6.728115       7.903676    
   17900.00      -6.816391       7.827416    
   18000.00      -6.938817       7.752110    
   18100.00      -7.108652       7.677745    
   18200.00      -7.351420       7.604304    
   18300.00      -7.726690       7.531776    
   18387.00      -8.309096       7.469407    
   18392.00      -8.358117       7.465842    
   18397.00      -8.409955       7.462281    
   18400.00      -8.442563       7.460145    
   18402.00      -8.464982       7.458720    
   18407.00      -8.523554       7.455163    
   18412.00      -8.586190       7.451608    
   18417.00      -8.653420       7.448055    
   18422.00      -8.726007       7.444504    
   18427.00      -8.804788       7.440956    
   18432.00      -8.890923       7.437410    
   18437.00      -8.985927       7.433865    
   18442.00      -9.091704       7.430324    
   18447.00      -9.211059       7.426783    
   18452.00      -9.347805       7.423246    
   18457.00      -9.507935       7.419710    
   18462.00      -9.700811       7.416177    
   18467.00      -9.943274       7.412647    
   18472.00      -10.26974       7.409118    
   18477.00      -10.76976       7.405591    
   18482.00      -11.87924       7.402066    
   18487.00      -11.73231       10.42851    
   18492.00      -10.71867       10.42389    
   18497.00      -10.23399       10.41928    
   18500.00      -10.02826       10.41651    
   18502.00      -9.911816       10.41466    
   18507.00      -9.670105       10.41005    
   18512.00      -9.476463       10.40545    
   18517.00      -9.314804       10.40084    
   18522.00      -9.176110       10.39624    
   18527.00      -9.054564       10.39164    
   18532.00      -8.946453       10.38704    
   18537.00      -8.849030       10.38245    
   18542.00      -8.760429       10.37786    
   18547.00      -8.679130       10.37327    
   18552.00      -8.604074       10.36868    
   18557.00      -8.534351       10.36409    
   18562.00      -8.469234       10.35951    
   18567.00      -8.408199       10.35493    
   18572.00      -8.350729       10.35036    
   18577.00      -8.296474       10.34578    
   18582.00      -8.245064       10.34121    
   18600.00      -8.079772       10.32477    
   18700.00      -7.478965       10.23406    
   18800.00      -7.134315       10.14434    
   18900.00      -6.921977       10.05562    
   19000.00      -6.815216       9.967877    
   19100.00      -6.843058       9.881099    
   19139.00      -6.920627       9.847514    
   19144.00      -6.935406       9.843220    
   19149.00      -6.951654       9.838925    
   19154.00      -6.969522       9.834636    
   19159.00      -6.989218       9.830347    
   19164.00      -7.010961       9.826061    
   19169.00      -7.035051       9.821777    
   19174.00      -7.061820       9.817497    
   19179.00      -7.091725       9.813217    
   19184.00      -7.125301       9.808942    
   19189.00      -7.163281       9.804668    
   19194.00      -7.206648       9.800396    
   19199.00      -7.256696       9.796127    
   19200.00      -7.267679       9.795272    
   19204.00      -7.315361       9.791859    
   19209.00      -7.385443       9.787595    
   19214.00      -7.471559       9.783332    
   19219.00      -7.581642       9.779073    
   19224.00      -7.731892       9.774815    
   19229.00      -7.963276       9.770559    
   19234.00      -8.458514       9.766308    
   19239.00      -8.529177       11.27883    
   19244.00      -7.962016       11.27440    
   19249.00      -7.700541       11.26996    
   19254.00      -7.526437       11.26554    
   19259.00      -7.394456       11.26111    
   19264.00      -7.287487       11.25669    
   19269.00      -7.197042       11.25226    
   19274.00      -7.118333       11.24784    
   19279.00      -7.048460       11.24343    
   19284.00      -6.985408       11.23901    
   19289.00      -6.927855       11.23460    
   19294.00      -6.874764       11.23018    
   19299.00      -6.825432       11.22577    
   19300.00      -6.815965       11.22489    
   19304.00      -6.779250       11.22137    
   19309.00      -6.735804       11.21696    
   19314.00      -6.694718       11.21256    
   19319.00      -6.655686       11.20816    
   19324.00      -6.618500       11.20376    
   19329.00      -6.582930       11.19937    
   19334.00      -6.548835       11.19497    
   19400.00      -6.188701       11.13718    
   19500.00      -5.810664       11.05037    
   19600.00      -5.512585       10.96448    
   19700.00      -5.262840       10.87943    
   19800.00      -5.045182       10.79521    
   19900.00      -4.850560       10.71182    
   20000.00      -4.673904       10.62923    
   20100.00      -4.553285       10.54791    
   20200.00      -4.403911       10.46903    
   20300.00      -4.264709       10.39098    
   20400.00      -4.134296       10.31374    
   20500.00      -4.011596       10.23730    
   20600.00      -3.895739       10.16166    
   20700.00      -3.786011       10.08679    
   20800.00      -3.681820       10.01269    
   20900.00      -3.585818       9.939344    
   21000.00      -3.491280       9.866792    
   21100.00      -3.400971       9.794973    
   21200.00      -3.314574       9.723881    
   21300.00      -3.231808       9.653503    
   21400.00      -3.152420       9.583831    
   21500.00      -3.076188       9.514853    
   21600.00      -3.002914       9.446559    
   21700.00      -2.932418       9.378942    
   21800.00      -2.864541       9.311995    
   21900.00      -2.799131       9.245703    
   22000.00      -2.736057       9.180059    
   22100.00      -2.675195       9.115057    
   22200.00      -2.616435       9.050686    
   22300.00      -2.559672       8.986939    
   22400.00      -2.504810       8.923807    
   22500.00      -2.451760       8.861281    
   22600.00      -2.403423       8.799364    
   22700.00      -2.353759       8.738045    
   22800.00      -2.305681       8.677311    
   22900.00      -2.259118       8.617151    
   23000.00      -2.214011       8.557560    
   23100.00      -2.170301       8.498529    
   23200.00      -2.127933       8.440054    
   23300.00      -2.086856       8.382126    
   23400.00      -2.047021       8.324738    
   23500.00      -2.008382       8.267881    
   23600.00      -1.970897       8.211553    
   23700.00      -1.934524       8.155744    
   23800.00      -1.899226       8.100450    
   23900.00      -1.864966       8.045662    
   24000.00      -1.831719       7.991375    
   24100.00      -1.820439       7.938203    
   24200.00      -1.789412       7.885796    
   24300.00      -1.759261       7.833889    
   24400.00      -1.729959       7.782474    
   24500.00      -1.701480       7.731545    
   24600.00      -1.673797       7.681098    
   24700.00      -1.646885       7.631124    
   24800.00      -1.620721       7.581619    
   24900.00      -1.595282       7.532575    
