  Element 37: Rb      Atomic mass:   85.4678

  Edge          keV         A
    K        15.1997    0.8157
    L-I       2.0651    6.0038
    L-II      1.8639    6.6519
    L-III     1.8044    6.8712

Scattering factors as a function of energy: 

   1000.000      -7.191930       5.839890    
   1100.000      -7.389704       5.146033    
   1200.000      -7.697274       4.572954    
   1300.000      -8.126775       4.093475    
   1400.000      -8.703774       3.688421    
   1500.000      -9.501592       3.342439    
   1600.000      -10.68656       3.044278    
   1700.000      -12.77499       2.785290    
   1707.000      -12.99349       2.768445    
   1712.000      -13.15950       2.756508    
   1717.000      -13.33480       2.744650    
   1722.000      -13.52044       2.732871    
   1727.000      -13.71769       2.721169    
   1732.000      -13.92804       2.709544    
   1737.000      -14.15329       2.697995    
   1742.000      -14.39568       2.686522    
   1747.000      -14.65797       2.675123    
   1752.000      -14.94368       2.663799    
   1757.000      -15.25738       2.652548    
   1762.000      -15.60512       2.641370    
   1766.000      -15.91333       2.632480    
   1767.000      -15.99525       2.630265    
   1771.000      -16.34568       2.621432    
   1772.000      -16.43964       2.619231    
   1776.000      -16.84591       2.610454    
   1777.000      -16.95613       2.608268    
   1781.000      -17.43991       2.599548    
   1782.000      -17.57336       2.597375    
   1786.000      -18.17227       2.588711    
   1787.000      -18.34174       2.586552    
   1791.000      -19.13054       2.577943    
   1792.000      -19.36372       2.575798    
   1796.000      -20.52832       2.567244    
   1797.000      -20.90541       2.565112    
   1800.000      -22.44430       2.558733    
   1801.000      -23.20407       2.556612    
   1802.000      -24.22793       2.554494    
   1806.000      -25.44689       11.73474    
   1807.000      -24.02778       11.71960    
   1811.000      -21.33142       11.65950    
   1812.000      -20.92970       11.64458    
   1816.000      -19.74828       11.58537    
   1817.000      -19.52294       11.57067    
   1821.000      -18.79307       11.51233    
   1822.000      -18.64373       11.49785    
   1826.000      -18.14287       11.44036    
   1827.000      -18.03796       11.42610    
   1831.000      -17.68419       11.36945    
   1832.000      -17.61052       11.35539    
   1836.000      -17.36827       11.29958    
   1837.000      -17.32018       11.28572    
   1841.000      -17.17648       11.23072    
   1842.000      -17.15291       11.21706    
   1846.000      -17.11232       11.16285    
   1847.000      -17.11695       11.14940    
   1851.000      -17.20914       11.09597    
   1852.000      -17.25474       11.08271    
   1856.000      -17.57479       11.03005    
   1857.000      -17.70502       11.01698    
   1861.000      -18.70396       10.96508    
   1862.000      -19.25251       10.95219    
   1866.000      -18.87826       15.42714    
   1867.000      -18.25874       15.40856    
   1871.000      -16.84710       15.33477    
   1872.000      -16.60591       15.31646    
   1876.000      -15.83202       15.24373    
   1877.000      -15.67094       15.22568    
   1881.000      -15.10815       15.15400    
   1882.000      -14.98340       15.13621    
   1886.000      -14.53091       15.06556    
   1887.000      -14.42754       15.04803    
   1891.000      -14.04484       14.97839    
   1892.000      -13.95587       14.96111    
   1896.000      -13.62235       14.89246    
   1897.000      -13.54395       14.87542    
   1900.000      -13.31915       14.82460    
   1901.000      -13.24743       14.80775    
   1902.000      -13.17721       14.79096    
   1906.000      -12.90997       14.72425    
   1911.000      -12.60304       14.64192    
   1916.000      -12.32166       14.56076    
   1921.000      -12.06215       14.48074    
   1926.000      -11.82166       14.40184    
   1931.000      -11.59795       14.32405    
   1936.000      -11.38924       14.24734    
   1941.000      -11.19405       14.17170    
   1946.000      -11.01119       14.09711    
   1951.000      -10.83967       14.02356    
   1956.000      -10.67865       13.95101    
   1961.000      -10.52747       13.87947    
   1968.000      -10.33124       13.78096    
   1973.000      -10.20150       13.71175    
   1978.000      -10.08004       13.64349    
   1983.000      -9.966635       13.57616    
   1988.000      -9.861110       13.50974    
   1993.000      -9.763399       13.44423    
   1998.000      -9.673534       13.37961    
   2000.000      -9.639815       13.35400    
   2003.000      -9.591664       13.31585    
   2008.000      -9.518077       13.25296    
   2013.000      -9.453236       13.19092    
   2018.000      -9.397856       13.12971    
   2023.000      -9.352977       13.06932    
   2028.000      -9.320143       13.00973    
   2033.000      -9.301672       12.95095    
   2038.000      -9.301170       12.89295    
   2043.000      -9.324594       12.83572    
   2048.000      -9.382680       12.77925    
   2053.000      -9.497683       12.72354    
   2058.000      -9.729075       12.66856    
   2063.000      -10.38024       12.61431    
   2068.000      -10.09275       14.48062    
   2073.000      -9.402822       14.42305    
   2078.000      -9.018011       14.36626    
   2083.000      -8.735566       14.31022    
   2088.000      -8.505292       14.25490    
   2093.000      -8.307204       14.20030    
   2098.000      -8.131226       14.14641    
   2100.000      -8.074006       14.12505    
   2103.000      -7.979918       14.09324    
   2108.000      -7.832911       14.04076    
   2113.000      -7.696112       13.98897    
   2118.000      -7.567756       13.93784    
   2123.000      -7.446568       13.88738    
   2128.000      -7.331553       13.83757    
   2133.000      -7.221956       13.78840    
   2138.000      -7.117153       13.73986    
   2143.000      -7.016655       13.69195    
   2148.000      -6.920037       13.64466    
   2153.000      -6.826958       13.59798    
   2158.000      -6.737125       13.55190    
   2163.000      -6.650274       13.50640    
   2200.000      -6.082548       13.18749    
   2300.000      -4.957455       12.46434    
   2400.000      -3.723798       11.81241    
   2500.000      -2.856547       11.12716    
   2600.000      -2.313247       10.49672    
   2700.000      -1.818937       9.925252    
   2800.000      -1.458529       9.386215    
   2900.000      -1.164839       8.890760    
   3000.000     -0.9236702       8.434196    
   3100.000     -0.7243764       8.012201    
   3200.000     -0.5597168       7.621365    
   3300.000     -0.4234966       7.258654    
   3400.000     -0.3108281       6.921396    
   3500.000     -0.2178058       6.607237    
   3600.000     -0.1412738       6.314088    
   3700.000     -8.1527740E-02   6.040488    
   3800.000     -3.2998882E-02   5.784700    
   3900.000      7.5543546E-03   5.545084    
   4000.000      3.9650317E-02   5.320217    
   4100.000      6.4510502E-02   5.108892    
   4200.000      8.0952652E-02   4.910232    
   4300.000      9.4165556E-02   4.723162    
   4400.000      0.1028101       4.546715    
   4500.000      0.1033715       4.380119    
   4600.000      0.1046034       4.222732    
   4700.000      0.1003402       4.073828    
   4800.000      9.6092410E-02   3.932798    
   4900.000      8.9664027E-02   3.799058    
   5000.000      8.1348747E-02   3.672107    
   5100.000      7.1400993E-02   3.551486    
   5200.000      6.0041506E-02   3.436777    
   5300.000      4.7462042E-02   3.327594    
   5400.000      3.3829663E-02   3.223584    
   5500.000      1.9289756E-02   3.124421    
   5600.000      3.9691818E-03   3.029805    
   5700.000     -1.2021337E-02   2.939459    
   5800.000     -2.8585194E-02   2.853126    
   5900.000     -4.5637820E-02   2.770570    
   6000.000     -6.3106135E-02   2.691571    
   6100.000     -8.1916600E-02   2.615938    
   6200.000     -0.1000353       2.543482    
   6300.000     -0.1183976       2.474013    
   6400.000     -0.1369611       2.407369    
   6500.000     -0.1556889       2.343396    
   6600.000     -0.1745489       2.281953    
   6700.000     -0.1935133       2.222906    
   6800.000     -0.2125583       2.166130    
   6900.000     -0.2316631       2.111511    
   7000.000     -0.2508104       2.058939    
   7100.000     -0.2699855       2.008312    
   7200.000     -0.2891762       1.959535    
   7300.000     -0.3083723       1.912517    
   7400.000     -0.3275656       1.867174    
   7500.000     -0.3467498       1.823428    
   7600.000     -0.3659200       1.781202    
   7700.000     -0.3850725       1.740428    
   7800.000     -0.4041962       1.701038    
   7900.000     -0.4272929       1.663093    
   8000.000     -0.4463527       1.626436    
   8100.000     -0.4678372       1.591002    
   8200.000     -0.4868415       1.556787    
   8300.000     -0.5058337       1.523668    
   8400.000     -0.5248209       1.491600    
   8500.000     -0.5438173       1.460536    
   8600.000     -0.5628476       1.430437    
   8700.000     -0.5819691       1.401261    
   8800.000     -0.6013790       1.372971    
   8900.000     -0.6228281       1.345530    
   9000.000     -0.6419251       1.319093    
   9100.000     -0.6610313       1.293442    
   9200.000     -0.6801610       1.268547    
   9300.000     -0.6993231       1.244379    
   9400.000     -0.7185271       1.220908    
   9500.000     -0.7377839       1.198107    
   9600.000     -0.7571044       1.175952    
   9700.000     -0.7765000       1.154417    
   9800.000     -0.7959834       1.133480    
   9900.000     -0.8155669       1.113117    
   10000.00     -0.8352644       1.093308    
   10100.00     -0.8550900       1.074033    
   10200.00     -0.8750582       1.055273    
   10300.00     -0.8951854       1.037008    
   10400.00     -0.9154876       1.019222    
   10500.00     -0.9359828       1.001897    
   10600.00     -0.9566891      0.9850178    
   10700.00     -0.9776260      0.9685689    
   10800.00     -0.9988147      0.9525353    
   10900.00      -1.020277      0.9369032    
   11000.00      -1.042036      0.9216589    
   11100.00      -1.064117      0.9067896    
   11200.00      -1.086547      0.8922831    
   11300.00      -1.109355      0.8781272    
   11400.00      -1.132570      0.8643109    
   11500.00      -1.156227      0.8508229    
   11600.00      -1.180361      0.8376529    
   11700.00      -1.205010      0.8247910    
   11800.00      -1.230216      0.8122272    
   11900.00      -1.256024      0.7999526    
   12000.00      -1.282485      0.7879580    
   12100.00      -1.309653      0.7762349    
   12200.00      -1.337586      0.7647752    
   12300.00      -1.366351      0.7535707    
   12400.00      -1.396019      0.7426142    
   12500.00      -1.426671      0.7318978    
   12600.00      -1.458397      0.7214147    
   12700.00      -1.491296      0.7111583    
   12800.00      -1.525481      0.7011216    
   12900.00      -1.561079      0.6912987    
   13000.00      -1.598235      0.6816832    
   13100.00      -1.637112      0.6722693    
   13200.00      -1.677900      0.6630514    
   13300.00      -1.720818      0.6540240    
   13400.00      -1.766121      0.6451818    
   13500.00      -1.814108      0.6365197    
   13600.00      -1.865135      0.6280327    
   13700.00      -1.919628      0.6197163    
   13800.00      -1.978103      0.6115656    
   13900.00      -2.041192      0.6035764    
   14000.00      -2.109685      0.5957443    
   14100.00      -2.184581      0.5880651    
   14200.00      -2.267172      0.5805350    
   14300.00      -2.359170      0.5731499    
   14400.00      -2.462901      0.5659063    
   14500.00      -2.581654      0.5588003    
   14600.00      -2.720268      0.5518284    
   14700.00      -2.886299      0.5449875    
   14800.00      -3.092504      0.5382740    
   14900.00      -3.362968      0.5316849    
   15000.00      -3.752222      0.5252171    
   15100.00      -4.435792      0.5188674    
   15102.00      -4.456002      0.5187416    
   15107.00      -4.508460      0.5184273    
   15112.00      -4.563919      0.5181133    
   15117.00      -4.622722      0.5177996    
   15122.00      -4.685314      0.5174861    
   15127.00      -4.752187      0.5171729    
   15132.00      -4.823956      0.5168601    
   15137.00      -4.901375      0.5165474    
   15142.00      -4.985387      0.5162351    
   15147.00      -5.077194      0.5159231    
   15152.00      -5.178356      0.5156114    
   15157.00      -5.290932      0.5153000    
   15162.00      -5.417824      0.5149888    
   15167.00      -5.563102      0.5146779    
   15172.00      -5.732901      0.5143673    
   15177.00      -5.937049      0.5140570    
   15182.00      -6.192790      0.5137469    
   15187.00      -6.534842      0.5134372    
   15192.00      -7.051769      0.5131277    
   15197.00      -8.137254      0.5128186    
   15200.00      -10.43642       3.786758    
   15202.00      -8.312678       3.785729    
   15207.00      -7.104660       3.783160    
   15212.00      -6.557118       3.780594    
   15217.00      -6.198123       3.778033    
   15222.00      -5.930250       3.775474    
   15227.00      -5.716303       3.772920    
   15232.00      -5.538053       3.770369    
   15237.00      -5.385197       3.767822    
   15242.00      -5.251364       3.765280    
   15247.00      -5.132258       3.762740    
   15252.00      -5.024945       3.760204    
   15257.00      -4.927273       3.757672    
   15262.00      -4.837635       3.755144    
   15267.00      -4.754792       3.752619    
   15272.00      -4.677776       3.750098    
   15277.00      -4.605809       3.747580    
   15282.00      -4.538274       3.745067    
   15287.00      -4.474626       3.742557    
   15292.00      -4.414448       3.740051    
   15297.00      -4.357374       3.737548    
   15300.00      -4.324488       3.736048    
   15400.00      -3.568754       3.686790    
   15500.00      -3.120106       3.638932    
   15600.00      -2.799413       3.592423    
   15700.00      -2.549941       3.547216    
   15800.00      -2.346166       3.503264    
   15900.00      -2.174353       3.460523    
   16000.00      -2.026228       3.418952    
   16100.00      -1.896383       3.378510    
   16200.00      -1.781111       3.339159    
   16300.00      -1.677737       3.300863    
   16400.00      -1.584262       3.263585    
   16500.00      -1.499158       3.227292    
   16600.00      -1.421224       3.191952    
   16700.00      -1.349502       3.157533    
   16800.00      -1.283211       3.124007    
   16900.00      -1.221704       3.091343    
   17000.00      -1.164445       3.059516    
   17100.00      -1.110979       3.028499    
   17200.00      -1.060917       2.998266    
   17300.00      -1.013928       2.968794    
   17400.00     -0.9697195       2.940058    
   17500.00     -0.9280412       2.912037    
   17600.00     -0.8886710       2.884709    
   17700.00     -0.8514130       2.858054    
   17800.00     -0.8160942       2.832052    
   17900.00     -0.7825579       2.806682    
   18000.00     -0.7506660       2.781927    
   18100.00     -0.7202932       2.757770    
   18200.00     -0.6913267       2.734193    
   18300.00     -0.6636646       2.711179    
   18400.00     -0.6372128       2.688714    
   18500.00     -0.6118869       2.666780    
   18600.00     -0.5876092       2.645365    
   18700.00     -0.5643087       2.624453    
   18800.00     -0.5419202       2.604031    
   18900.00     -0.5203825       2.584086    
   19000.00     -0.4996404       2.564604    
   19100.00     -0.4796423       2.545574    
   19200.00     -0.4603401       2.526984    
   19300.00     -0.4416898       2.508822    
   19400.00     -0.4236492       2.491077    
   19500.00     -0.4061798       2.473738    
   19600.00     -0.3892452       2.456795    
   19700.00     -0.3728094       2.440239    
   19800.00     -0.2732035       2.422333    
   19900.00     -0.2560058       2.402177    
   20000.00     -0.2393906       2.382269    
   20100.00     -0.2233288       2.362604    
   20200.00     -0.2077970       2.343179    
   20300.00     -0.1927737       2.323988    
   20400.00     -0.1782375       2.305030    
   20500.00     -0.1641695       2.286299    
   20600.00     -0.1505512       2.267792    
   20700.00     -0.1373651       2.249506    
   20800.00     -0.1245950       2.231438    
   20900.00     -0.1122247       2.213582    
   21000.00     -0.1002396       2.195937    
   21100.00     -8.8625386E-02   2.178499    
   21200.00     -7.7368706E-02   2.161264    
   21300.00     -6.6456906E-02   2.144231    
   21400.00     -5.5877324E-02   2.127394    
   21500.00     -4.5618527E-02   2.110751    
   21600.00     -3.5669379E-02   2.094300    
   21700.00     -2.6019258E-02   2.078037    
   21800.00     -1.6658193E-02   2.061960    
   21900.00     -7.5761173E-03   2.046065    
   22000.00      1.2360653E-03   2.030350    
   22100.00      9.7872401E-03   2.014813    
   22200.00      1.8085916E-02   1.999449    
   22300.00      2.6140090E-02   1.984258    
   22400.00      3.3957884E-02   1.969236    
   22500.00      4.1546639E-02   1.954380    
   22600.00      4.8913542E-02   1.939689    
   22700.00      5.6065496E-02   1.925160    
   22800.00      6.3009001E-02   1.910790    
   22900.00      6.9750689E-02   1.896577    
   23000.00      7.6296553E-02   1.882519    
   23100.00      8.2652472E-02   1.868614    
   23200.00      8.8824116E-02   1.854859    
   23300.00      9.4816811E-02   1.841252    
   23400.00      0.1006360       1.827792    
   23500.00      0.1062867       1.814475    
   23600.00      0.1117737       1.801300    
   23700.00      0.1171018       1.788265    
   23800.00      0.1222752       1.775368    
   23900.00      0.1272987       1.762607    
   24000.00      0.1321762       1.749980    
   24100.00      0.1369118       1.737485    
   24200.00      0.1415095       1.725120    
   24300.00      0.1459730       1.712885    
   24400.00      0.1503059       1.700775    
   24500.00      0.1545118       1.688791    
   24600.00      0.1585940       1.676930    
   24700.00      0.1625558       1.665190    
   24800.00      0.1664004       1.653571    
   24900.00      0.1701308       1.642070    
