  Element 75: Re      Atomic mass:  186.2070

  Edge          keV         A
    K        71.6764    0.1730
    L-I      12.5267    0.9898
    L-II     11.9587    1.0368
    L-III    10.5353    1.1768
    M1        2.9317    4.2291
    M2        2.6816    4.6235
    M3        2.3673    5.2374
    M4        1.9489    6.3618
    M5        1.8829    6.5847

Scattering factors as a function of energy: 

   1000.000      -26.95243       16.30092    
   1100.000      -26.61830       14.97383    
   1200.000      -26.59635       13.81408    
   1300.000      -26.87445       12.79127    
   1400.000      -27.47879       11.88223    
   1500.000      -28.49025       11.06897    
   1600.000      -30.10677       10.33733    
   1700.000      -32.90639       9.675930    
   1785.000      -38.30305       9.162207    
   1790.000      -38.86515       9.133428    
   1795.000      -39.48252       9.104784    
   1800.000      -40.16454       9.076275    
   1805.000      -40.92278       9.047899    
   1810.000      -41.77164       9.019656    
   1815.000      -42.72935       8.991544    
   1820.000      -43.81908       8.963563    
   1825.000      -45.07099       8.935712    
   1830.000      -46.52486       8.907990    
   1835.000      -48.23422       8.880396    
   1840.000      -50.27290       8.852930    
   1845.000      -52.74575       8.825590    
   1850.000      -55.80705       8.798376    
   1851.000      -56.50875       8.792949    
   1855.000      -59.69468       8.771288    
   1856.000      -60.60168       8.765885    
   1860.000      -64.79861       8.744323    
   1861.000      -66.01811       8.738945    
   1865.000      -71.81595       8.717482    
   1866.000      -73.55206       8.712128    
   1870.000      -82.16719       8.690763    
   1871.000      -84.87823       8.685432    
   1875.000      -99.48197       8.664165    
   1876.000      -104.5758       8.658860    
   1880.000      -139.4488       8.637689    
   1881.000      -157.4249       8.632408    
   1885.000      -147.6478       149.8715    
   1886.000      -126.7356       145.9100    
   1890.000      -82.03992       131.2770    
   1891.000      -75.13559       127.9010    
   1895.000      -55.20686       115.4152    
   1896.000      -51.55347       112.5309    
   1900.000      -40.34296       101.8504    
   1901.000      -38.20616       99.37997    
   1905.000      -31.59777       90.22092    
   1906.000      -30.34867       88.09976    
   1910.000      -26.61585       80.22601    
   1911.000      -25.95671       78.40024    
   1915.000      -24.23415       71.61484    
   1916.000      -24.01036       70.03950    
   1920.000      -23.85527       64.17784    
   1921.000      -23.99321       62.81530    
   1925.000      -25.23850       57.73946    
   1926.000      -25.72760       56.55816    
   1930.000      -28.47032       52.15235    
   1931.000      -29.37603       51.12575    
   1935.000      -34.12265       47.29252    
   1936.000      -35.65837       46.39828    
   1940.000      -43.94268       43.05534    
   1941.000      -46.78484       42.27468    
   1945.000      -64.82365       39.35268    
   1946.000      -72.82496       38.66953    
   1950.000      -100.4679       130.4439    
   1951.000      -78.53909       127.3027    
   1955.000      -41.42735       115.6368    
   1956.000      -36.21432       112.9311    
   1960.000      -21.52781       102.8709    
   1961.000      -18.87443       100.5348    
   1965.000      -10.74705       91.83854    
   1966.000      -9.191138       89.81676    
   1970.000      -4.307427       82.28176    
   1971.000      -3.359029       80.52789    
   1975.000     -0.3835158       73.98380    
   1976.000      0.1851366       72.45879    
   1980.000       1.938866       66.76217    
   1981.000       2.262753       65.43310    
   1986.000       3.350577       59.30190    
   1991.000       3.757202       53.93911    
   1996.000       3.688109       49.23816    
   2000.000       3.387362       45.89241    
   2001.000       3.285452       45.10825    
   2006.000       2.649785       41.47187    
   2011.000       1.853509       38.26344    
   2016.000      0.9491417       35.42630    
   2021.000     -2.4744410E-02   32.91249    
   2026.000      -1.039988       30.68033    
   2031.000      -2.075762       28.69443    
   2036.000      -3.117027       26.92390    
   2041.000      -4.152815       25.34244    
   2046.000      -5.173426       23.92698    
   2100.000      -14.68824       15.21097    
   2200.000      -26.87276       10.90646    
   2270.000      -35.00131       10.52625    
   2275.000      -35.65609       10.54956    
   2280.000      -36.32722       10.57995    
   2285.000      -37.01630       10.61763    
   2290.000      -37.72499       10.66286    
   2295.000      -38.45523       10.71596    
   2300.000      -39.20904       10.77725    
   2305.000      -39.98884       10.84713    
   2310.000      -40.79725       10.92604    
   2315.000      -41.63751       11.01447    
   2320.000      -42.51329       11.11297    
   2325.000      -43.42930       11.22215    
   2330.000      -44.39130       11.34268    
   2335.000      -45.40720       11.47532    
   2340.000      -46.48788       11.62088    
   2345.000      -47.65016       11.78028    
   2350.000      -48.92210       11.95452    
   2355.000      -50.35936       12.14472    
   2360.000      -52.10395       12.35207    
   2365.000      -54.83669       12.57795    
   2370.000      -55.63328       17.54090    
   2375.000      -55.14349       17.78790    
   2380.000      -55.53268       18.05866    
   2385.000      -56.23154       18.35513    
   2390.000      -57.11472       18.67950    
   2395.000      -58.13541       19.03413    
   2400.000      -59.27280       19.42170    
   2405.000      -60.51700       19.84508    
   2410.000      -61.86417       20.30752    
   2415.000      -63.31361       20.81253    
   2420.000      -64.86718       21.36409    
   2425.000      -66.52805       21.96648    
   2430.000      -68.30101       22.62458    
   2435.000      -70.19170       23.34364    
   2440.000      -72.20712       24.12963    
   2445.000      -74.35538       24.98904    
   2450.000      -33.17860       25.52770    
   2455.000      -33.56570       25.60414    
   2460.000      -33.98322       25.69266    
   2465.000      -34.43216       25.79421    
   2500.000      -38.83359       26.97497    
   2584.000      -15.78683       28.43073    
   2589.000      -15.72532       28.34748    
   2594.000      -15.66707       28.26472    
   2599.000      -15.61224       28.18246    
   2600.000      -15.60170       28.16607    
   2604.000      -15.56101       28.10069    
   2609.000      -15.51362       28.01941    
   2614.000      -15.47037       27.93861    
   2619.000      -15.43164       27.85829    
   2624.000      -15.39792       27.77844    
   2629.000      -15.36986       27.69908    
   2634.000      -15.34828       27.62018    
   2639.000      -15.33434       27.54175    
   2644.000      -15.32961       27.46378    
   2649.000      -15.33637       27.38627    
   2654.000      -15.35807       27.30922    
   2659.000      -15.40027       27.23262    
   2664.000      -15.47277       27.15648    
   2669.000      -15.59544       27.08078    
   2674.000      -15.81938       27.00553    
   2679.000      -16.37686       26.93072    
   2684.000      -16.35292       28.70588    
   2689.000      -15.61510       28.62106    
   2694.000      -15.24126       28.53700    
   2699.000      -14.97496       28.45369    
   2700.000      -14.92898       28.43712    
   2704.000      -14.76178       28.37113    
   2709.000      -14.58075       28.28931    
   2714.000      -14.42151       28.20821    
   2719.000      -14.27815       28.12784    
   2724.000      -14.14700       28.04818    
   2729.000      -14.02558       27.96922    
   2734.000      -13.91217       27.89096    
   2739.000      -13.80550       27.81339    
   2744.000      -13.70464       27.73650    
   2749.000      -13.60884       27.66028    
   2754.000      -13.51752       27.58474    
   2759.000      -13.40668       27.50983    
   2764.000      -13.32305       27.43558    
   2769.000      -13.24275       27.36197    
   2774.000      -13.16554       27.28901    
   2779.000      -13.09118       27.21668    
   2800.000      -12.80653       26.91974    
   2834.000      -12.42665       26.46159    
   2839.000      -12.37865       26.39651    
   2844.000      -12.33269       26.33199    
   2849.000      -12.28885       26.26804    
   2854.000      -12.24720       26.20466    
   2859.000      -12.20788       26.14184    
   2864.000      -12.17103       26.07957    
   2869.000      -12.13685       26.01786    
   2874.000      -12.10563       25.95670    
   2879.000      -12.07772       25.89610    
   2884.000      -12.05361       25.83603    
   2889.000      -12.03396       25.77650    
   2894.000      -12.01971       25.71751    
   2899.000      -12.01220       25.65906    
   2900.000      -12.01167       25.64743    
   2904.000      -12.01349       25.60114    
   2909.000      -12.02691       25.54375    
   2914.000      -12.05834       25.48688    
   2919.000      -12.11966       25.43054    
   2924.000      -12.24131       25.37472    
   2929.000      -12.55902       25.31943    
   2934.000      -12.55931       26.39273    
   2939.000      -12.08589       26.33616    
   2944.000      -11.84053       26.28020    
   2949.000      -11.66019       26.22486    
   2954.000      -11.51106       26.17014    
   2959.000      -11.38014       26.11602    
   2964.000      -11.26097       26.06251    
   2969.000      -11.14978       26.00960    
   2974.000      -11.04417       25.95730    
   2979.000      -10.94238       25.90559    
   2984.000      -10.84312       25.85448    
   2989.000      -10.74526       25.80396    
   2994.000      -10.64781       25.75403    
   2999.000      -10.54980       25.70470    
   3000.000      -10.53004       25.69490    
   3004.000      -10.47136       25.64836    
   3009.000      -10.40025       25.59037    
   3014.000      -10.33117       25.53267    
   3019.000      -10.26393       25.47526    
   3024.000      -10.19838       25.41813    
   3029.000      -10.13437       25.36129    
   3100.000      -9.323646       24.57986    
   3200.000      -8.421427       23.53702    
   3300.000      -7.689346       22.56000    
   3400.000      -7.079041       21.64309    
   3500.000      -6.573275       20.78161    
   3600.000      -6.135866       19.97359    
   3700.000      -5.761297       19.21281    
   3800.000      -5.440332       18.49555    
   3900.000      -5.175017       17.82023    
   4000.000      -4.937376       17.18307    
   4100.000      -4.732600       16.58053    
   4200.000      -4.556366       16.01007    
   4300.000      -4.405065       15.46936    
   4400.000      -4.275648       14.95631    
   4500.000      -4.165529       14.46900    
   4600.000      -4.072495       14.00569    
   4700.000      -3.994644       13.56477    
   4800.000      -3.938244       13.14537    
   4900.000      -3.904259       12.74598    
   5000.000      -3.863153       12.36543    
   5100.000      -3.831726       12.00209    
   5200.000      -3.825040       11.65520    
   5300.000      -3.810289       11.32366    
   5400.000      -3.813705       11.00681    
   5500.000      -3.812991       10.70414    
   5600.000      -3.818170       10.41416    
   5700.000      -3.828758       10.13616    
   5800.000      -3.844329       9.869463    
   5900.000      -3.871171       9.613674    
   6000.000      -3.895829       9.368396    
   6100.000      -3.924434       9.132697    
   6200.000      -3.956737       8.906070    
   6300.000      -3.992522       8.688040    
   6400.000      -4.031603       8.478168    
   6500.000      -4.073824       8.276040    
   6600.000      -4.119051       8.081267    
   6700.000      -4.167177       7.893488    
   6800.000      -4.218116       7.712361    
   6900.000      -4.271803       7.537569    
   7000.000      -4.328193       7.368810    
   7100.000      -4.387261       7.205802    
   7200.000      -4.449000       7.048280    
   7300.000      -4.513423       6.895993    
   7400.000      -4.580563       6.748707    
   7500.000      -4.650469       6.606198    
   7600.000      -4.723215       6.468257    
   7700.000      -4.798893       6.334686    
   7800.000      -4.877621       6.205296    
   7900.000      -4.959539       6.079911    
   8000.000      -5.044819       5.958363    
   8100.000      -5.133661       5.840492    
   8200.000      -5.234660       5.726276    
   8300.000      -5.331279       5.615618    
   8400.000      -5.437898       5.508254    
   8500.000      -5.552037       5.404205    
   8600.000      -5.662910       5.303268    
   8700.000      -5.779505       5.205189    
   8800.000      -5.902447       5.109858    
   8900.000      -6.032481       5.017170    
   9000.000      -6.168358       4.928309    
   9100.000      -6.312785       4.841899    
   9200.000      -6.466969       4.757850    
   9300.000      -6.632406       4.676070    
   9400.000      -6.810962       4.596478    
   9500.000      -7.005029       4.518994    
   9600.000      -7.217720       4.443540    
   9700.000      -7.453204       4.370045    
   9800.000      -7.717511       4.298441    
   9900.000      -8.018479       4.228661    
   10000.00      -8.368973       4.160641    
   10100.00      -8.789557       4.094319    
   10200.00      -9.317223       4.029639    
   10300.00      -10.03115       3.966566    
   10400.00      -11.14017       3.905059    
   10438.00      -11.80084       3.882079    
   10443.00      -11.90662       3.879071    
   10448.00      -12.01832       3.876067    
   10453.00      -12.13665       3.873066    
   10458.00      -12.26242       3.870069    
   10463.00      -12.39666       3.867076    
   10468.00      -12.54057       3.864086    
   10473.00      -12.69563       3.861100    
   10478.00      -12.86377       3.858118    
   10483.00      -13.04736       3.855139    
   10488.00      -13.24953       3.852164    
   10493.00      -13.47444       3.849192    
   10498.00      -13.72784       3.846224    
   10500.00      -13.83890       3.845038    
   10503.00      -14.01798       3.843260    
   10508.00      -14.35729       3.840299    
   10513.00      -14.76571       3.837342    
   10518.00      -15.27888       3.834388    
   10523.00      -15.96914       3.831439    
   10528.00      -17.02629       3.828492    
   10533.00      -19.37045       3.825549    
   10538.00      -19.05769       10.22646    
   10543.00      -16.91427       10.21823    
   10548.00      -15.88885       10.21001    
   10553.00      -15.20762       10.20180    
   10558.00      -14.69657       10.19361    
   10563.00      -14.28724       10.18542    
   10568.00      -13.94580       10.17724    
   10573.00      -13.65289       10.16907    
   10578.00      -13.39642       10.16091    
   10583.00      -13.16833       10.15276    
   10588.00      -12.96297       10.14462    
   10593.00      -12.77623       10.13649    
   10598.00      -12.60507       10.12837    
   10600.00      -12.54037       10.12512    
   10603.00      -12.44704       10.12026    
   10608.00      -12.30031       10.11216    
   10613.00      -12.16338       10.10407    
   10618.00      -12.03506       10.09599    
   10623.00      -11.91432       10.08792    
   10628.00      -11.80034       10.07985    
   10633.00      -11.69241       10.07180    
   10700.00      -10.62596       9.964845    
   10800.00      -9.680398       9.808364    
   10900.00      -9.071772       9.655562    
   11000.00      -8.643071       9.506322    
   11100.00      -8.331459       9.360532    
   11200.00      -8.106728       9.218087    
   11300.00      -7.953666       9.078881    
   11400.00      -7.866155       8.942819    
   11500.00      -7.845623       8.809802    
   11600.00      -7.903015       8.679741    
   11700.00      -8.070157       8.552606    
   11800.00      -8.421530       8.428269    
   11861.00      -8.836516       8.353758    
   11866.00      -8.883887       8.347693    
   11871.00      -8.934281       8.341637    
   11876.00      -8.988049       8.335587    
   11881.00      -9.045592       8.329544    
   11886.00      -9.107432       8.323506    
   11891.00      -9.174164       8.317476    
   11896.00      -9.246531       8.311452    
   11900.00      -9.309094       8.306638    
   11901.00      -9.325465       8.305434    
   11906.00      -9.412151       8.299423    
   11911.00      -9.508128       8.293419    
   11916.00      -9.615449       8.287421    
   11921.00      -9.736913       8.281431    
   11926.00      -9.876597       8.275447    
   11931.00      -10.04054       8.269468    
   11936.00      -10.23843       8.263496    
   11941.00      -10.48728       8.257531    
   11946.00      -10.82134       8.251573    
   11951.00      -11.32800       8.245621    
   11956.00      -12.39596       8.239675    
   11961.00      -12.56307       11.46259    
   11966.00      -11.36858       11.45447    
   11971.00      -10.82548       11.44635    
   11976.00      -10.46846       11.43825    
   11981.00      -10.20142       11.43015    
   11986.00      -9.987638       11.42207    
   11991.00      -9.809144       11.41399    
   11996.00      -9.655773       11.40592    
   12000.00      -9.546856       11.39947    
   12001.00      -9.521217       11.39786    
   12006.00      -9.401310       11.38981    
   12011.00      -9.293086       11.38177    
   12016.00      -9.194450       11.37373    
   12021.00      -9.103814       11.36571    
   12026.00      -9.019959       11.35769    
   12031.00      -8.941930       11.34968    
   12036.00      -8.868961       11.34169    
   12041.00      -8.800432       11.33370    
   12046.00      -8.735845       11.32572    
   12051.00      -8.674747       11.31774    
   12056.00      -8.616797       11.30978    
   12100.00      -8.205853       11.24007    
   12200.00      -7.630594       11.08409    
   12300.00      -7.316003       10.93143    
   12400.00      -7.219546       10.78200    
   12429.00      -7.252605       10.73925    
   12434.00      -7.262850       10.73191    
   12439.00      -7.274763       10.72457    
   12444.00      -7.288520       10.71725    
   12449.00      -7.304333       10.70993    
   12454.00      -7.322455       10.70261    
   12459.00      -7.343191       10.69531    
   12464.00      -7.366930       10.68801    
   12469.00      -7.394143       10.68072    
   12474.00      -7.425438       10.67344    
   12479.00      -7.461605       10.66617    
   12484.00      -7.503695       10.65890    
   12489.00      -7.553158       10.65164    
   12494.00      -7.612066       10.64439    
   12499.00      -7.683512       10.63715    
   12500.00      -7.699707       10.63570    
   12504.00      -7.772505       10.62991    
   12509.00      -7.887774       10.62269    
   12514.00      -8.046921       10.61547    
   12519.00      -8.294848       10.60825    
   12524.00      -8.831315       10.60105    
   12529.00      -8.902956       12.25160    
   12534.00      -8.278144       12.24411    
   12539.00      -7.987692       12.23664    
   12544.00      -7.792641       12.22917    
   12549.00      -7.643707       12.22171    
   12554.00      -7.522164       12.21425    
   12559.00      -7.418725       12.20681    
   12564.00      -7.328191       12.19937    
   12569.00      -7.247331       12.19193    
   12574.00      -7.173997       12.18451    
   12579.00      -7.106693       12.17709    
   12584.00      -7.044343       12.16968    
   12589.00      -6.986110       12.16227    
   12594.00      -6.931380       12.15487    
   12599.00      -6.879662       12.14748    
   12600.00      -6.869640       12.14600    
   12604.00      -6.830565       12.14010    
   12609.00      -6.783769       12.13272    
   12614.00      -6.739011       12.12535    
   12619.00      -6.696073       12.11799    
   12624.00      -6.654778       12.11063    
   12700.00      -6.155131       11.99967    
   12800.00      -5.683146       11.85610    
   12900.00      -5.307895       11.71517    
   13000.00      -4.990320       11.57683    
   13100.00      -4.712449       11.44100    
   13200.00      -4.464355       11.30762    
   13300.00      -4.239818       11.17663    
   13400.00      -4.034608       11.04795    
   13500.00      -3.845666       10.92154    
   13600.00      -3.670695       10.79734    
   13700.00      -3.505151       10.67528    
   13800.00      -3.353116       10.55513    
   13900.00      -3.210584       10.43701    
   14000.00      -3.076663       10.32089    
   14100.00      -2.950535       10.20671    
   14200.00      -2.831504       10.09442    
   14300.00      -2.718963       9.983985    
   14400.00      -2.612390       9.875359    
   14500.00      -2.511320       9.768497    
   14600.00      -2.415348       9.663359    
   14700.00      -2.324113       9.559908    
   14800.00      -2.237288       9.458102    
   14900.00      -2.154583       9.357908    
   15000.00      -2.075734       9.259287    
   15100.00      -2.000503       9.162205    
   15200.00      -1.928673       9.066628    
   15300.00      -1.860046       8.972524    
   15400.00      -1.794439       8.879859    
   15500.00      -1.731688       8.788604    
   15600.00      -1.659212       8.698297    
   15700.00      -1.601435       8.608949    
   15800.00      -1.546481       8.520901    
   15900.00      -1.493514       8.434125    
   16000.00      -1.442777       8.348596    
   16100.00      -1.394168       8.264289    
   16200.00      -1.347586       8.181180    
   16300.00      -1.328056       8.099486    
   16400.00      -1.285954       8.020294    
   16500.00      -1.245551       7.942290    
   16600.00      -1.206766       7.865451    
   16700.00      -1.169528       7.789752    
   16800.00      -1.133768       7.715173    
   16900.00      -1.099420       7.641687    
   17000.00      -1.066423       7.569274    
   17100.00      -1.034721       7.497914    
   17200.00      -1.004258       7.427585    
   17300.00     -0.9749836       7.358268    
   17400.00     -0.9468479       7.289942    
   17500.00     -0.9198052       7.222587    
   17600.00     -0.8938114       7.156186    
   17700.00     -0.8688249       7.090720    
   17800.00     -0.8448065       7.026172    
   17900.00     -0.8217176       6.962522    
   18000.00     -0.7995228       6.899755    
   18100.00     -0.7781879       6.837854    
   18200.00     -0.7576805       6.776803    
   18300.00     -0.7379698       6.716588    
   18400.00     -0.7190254       6.657189    
   18500.00     -0.7008471       6.598594    
   18600.00     -0.6833525       6.540787    
   18700.00     -0.6665437       6.483755    
   18800.00     -0.6503964       6.427484    
   18900.00     -0.6348863       6.371958    
   19000.00     -0.6199912       6.317166    
   19100.00     -0.6056895       6.263093    
   19200.00     -0.5919604       6.209727    
   19300.00     -0.5787843       6.157057    
   19400.00     -0.5661418       6.105068    
   19500.00     -0.5540149       6.053750    
   19600.00     -0.5423859       6.003089    
   19700.00     -0.5312383       5.953076    
   19800.00     -0.5205559       5.903700    
   19900.00     -0.5103229       5.854948    
   20000.00     -0.5005246       5.806809    
   20100.00     -0.4911467       5.759275    
   20200.00     -0.4821753       5.712334    
   20300.00     -0.4735975       5.665977    
   20400.00     -0.4654002       5.620193    
   20500.00     -0.4575712       5.574974    
   20600.00     -0.4500987       5.530308    
   20700.00     -0.4429718       5.486188    
   20800.00     -0.4366522       5.442606    
   20900.00     -0.4301821       5.399551    
   21000.00     -0.4240254       5.357015    
   21100.00     -0.4188734       5.314995    
   21200.00     -0.4133169       5.273489    
   21300.00     -0.4080451       5.232479    
   21400.00     -0.4030490       5.191953    
   21500.00     -0.3983203       5.151906    
   21600.00     -0.3938507       5.112329    
   21700.00     -0.3896323       5.073215    
   21800.00     -0.3856575       5.034557    
   21900.00     -0.3819188       4.996347    
   22000.00     -0.3784091       4.958579    
   22100.00     -0.3751217       4.921246    
   22200.00     -0.3720497       4.884339    
   22300.00     -0.3691868       4.847855    
   22400.00     -0.3665266       4.811785    
   22500.00     -0.3640633       4.776122    
   22600.00     -0.3617909       4.740862    
   22700.00     -0.3597038       4.705997    
   22800.00     -0.3577966       4.671524    
   22900.00     -0.3560640       4.637433    
   23000.00     -0.3545009       4.603721    
   23100.00     -0.3531023       4.570380    
   23200.00     -0.3518634       4.537407    
   23300.00     -0.3507797       4.504796    
   23400.00     -0.3498466       4.472540    
   23500.00     -0.3490597       4.440635    
   23600.00     -0.3484148       4.409076    
   23700.00     -0.3479080       4.377857    
   23800.00     -0.3475351       4.346974    
   23900.00     -0.3472924       4.316422    
   24000.00     -0.3498015       4.286245    
   24100.00     -0.3498174       4.256401    
   24200.00     -0.3499515       4.226872    
   24300.00     -0.3502003       4.197656    
   24400.00     -0.3505607       4.168747    
   24500.00     -0.3510293       4.140142    
   24600.00     -0.3516033       4.111835    
   24700.00     -0.3522795       4.083823    
   24800.00     -0.3530550       4.056102    
   24900.00     -0.3539272       4.028666    
