  Element 44: Ru      Atomic mass:  101.0700

  Edge          keV         A
    K        22.1172    0.5606
    L-I       3.2240    3.8457
    L-II      2.9669    4.1789
    L-III     2.8379    4.3689

Scattering factors as a function of energy: 

   1000.000      -6.860278       13.19118    
   1100.000      -6.318153       11.72231    
   1200.000      -6.050775       10.49038    
   1300.000      -5.884812       9.450051    
   1400.000      -5.818544       8.560656    
   1500.000      -5.829315       7.793478    
   1600.000      -5.898687       7.126300    
   1700.000      -6.018744       6.541929    
   1800.000      -6.184506       6.026824    
   1900.000      -6.432611       5.573399    
   2000.000      -6.713088       5.174308    
   2100.000      -7.020802       4.818658    
   2200.000      -7.388896       4.499420    
   2300.000      -7.834527       4.211646    
   2400.000      -8.395284       3.951811    
   2500.000      -9.106811       3.716254    
   2600.000      -10.08528       3.501659    
   2700.000      -11.61366       3.305546    
   2740.000      -12.56586       3.231792    
   2745.000      -12.71059       3.222751    
   2750.000      -12.86303       3.213748    
   2755.000      -13.02403       3.204784    
   2760.000      -13.19463       3.195858    
   2765.000      -13.37608       3.186970    
   2770.000      -13.56985       3.178120    
   2775.000      -13.77782       3.169307    
   2780.000      -14.00224       3.160533    
   2785.000      -14.24607       3.151795    
   2790.000      -14.51304       3.143094    
   2795.000      -14.80821       3.134430    
   2800.000      -15.13844       3.125802    
   2805.000      -15.51358       3.117211    
   2810.000      -15.94830       3.108656    
   2815.000      -16.46607       3.100137    
   2820.000      -17.10781       3.091654    
   2825.000      -17.95547       3.083205    
   2830.000      -19.21526       3.074793    
   2835.000      -21.77073       3.066415    
   2840.000      -22.61156       11.03152    
   2845.000      -19.53292       11.00508    
   2850.000      -18.20118       10.97854    
   2855.000      -17.34975       10.95188    
   2860.000      -16.72957       10.92511    
   2865.000      -16.24689       10.89824    
   2869.000      -15.92845       10.87667    
   2870.000      -15.85630       10.87127    
   2874.000      -15.59263       10.84962    
   2875.000      -15.53233       10.84420    
   2879.000      -15.31047       10.82247    
   2880.000      -15.25942       10.81703    
   2884.000      -15.07095       10.79522    
   2885.000      -15.02748       10.78976    
   2889.000      -14.86672       10.76788    
   2890.000      -14.82962       10.76240    
   2894.000      -14.69267       10.74044    
   2895.000      -14.66115       10.73494    
   2899.000      -14.54533       10.71292    
   2900.000      -14.51884       10.70740    
   2904.000      -14.42237       10.68530    
   2905.000      -14.40057       10.67976    
   2909.000      -14.32239       10.65759    
   2910.000      -14.30508       10.65204    
   2914.000      -14.24481       10.62980    
   2915.000      -14.23199       10.62424    
   2919.000      -14.18987       10.60193    
   2920.000      -14.18168       10.59635    
   2924.000      -14.15871       10.57398    
   2925.000      -14.15551       10.56838    
   2929.000      -14.15362       10.54594    
   2930.000      -14.15604       10.54033    
   2934.000      -14.17853       10.51783    
   2935.000      -14.18762       10.51220    
   2939.000      -14.23992       10.48964    
   2944.000      -14.34875       10.46138    
   2949.000      -14.52476       10.43305    
   2954.000      -14.80815       10.40464    
   2959.000      -15.30098       10.37617    
   2964.000      -16.44201       10.34763    
   2969.000      -16.72595       14.27299    
   2974.000      -15.10133       14.29263    
   2979.000      -14.32142       14.30839    
   2984.000      -13.76940       14.32013    
   2989.000      -13.32519       14.32776    
   2994.000      -12.94405       14.33118    
   2999.000      -12.60441       14.33032    
   3000.000      -12.54032       14.32963    
   3004.000      -12.29624       14.32563    
   3009.000      -12.01081       14.31683    
   3014.000      -11.74294       14.30379    
   3019.000      -11.48937       14.28647    
   3024.000      -11.24786       14.26486    
   3029.000      -11.01676       14.23896    
   3034.000      -10.79488       14.20879    
   3039.000      -10.58132       14.17438    
   3044.000      -10.37541       14.13577    
   3049.000      -10.17665       14.09301    
   3054.000      -9.984664       14.04617    
   3059.000      -9.799166       13.99533    
   3064.000      -9.619967       13.94059    
   3100.000      -8.507746       13.44173    
   3127.000      -9.058349       13.10123    
   3132.000      -8.998871       13.05825    
   3137.000      -8.943528       13.01563    
   3142.000      -8.892420       12.97338    
   3147.000      -8.845683       12.93148    
   3152.000      -8.803521       12.88993    
   3157.000      -8.766200       12.84873    
   3162.000      -8.734083       12.80788    
   3167.000      -8.707646       12.76736    
   3172.000      -8.687530       12.72719    
   3177.000      -8.674590       12.68734    
   3182.000      -8.670007       12.64783    
   3187.000      -8.675434       12.60863    
   3192.000      -8.693287       12.56977    
   3197.000      -8.727251       12.53121    
   3200.000      -8.757709       12.50823    
   3202.000      -8.783329       12.49298    
   3207.000      -8.872282       12.45505    
   3212.000      -9.016373       12.41744    
   3217.000      -9.275349       12.38012    
   3222.000      -9.961427       12.34311    
   3227.000      -9.659089       14.18606    
   3232.000      -9.011804       14.14733    
   3237.000      -8.662724       14.10891    
   3242.000      -8.410850       14.07079    
   3247.000      -8.208317       14.03296    
   3252.000      -8.035934       13.99543    
   3257.000      -7.884077       13.95819    
   3262.000      -7.747181       13.92123    
   3267.000      -7.621769       13.88456    
   3272.000      -7.505484       13.84817    
   3277.000      -7.396684       13.81205    
   3282.000      -7.294147       13.77622    
   3287.000      -7.196967       13.74066    
   3292.000      -7.104424       13.70536    
   3297.000      -7.015962       13.67034    
   3300.000      -6.964648       13.64945    
   3302.000      -6.931119       13.63558    
   3307.000      -6.849530       13.60108    
   3312.000      -6.770875       13.56684    
   3317.000      -6.694899       13.53287    
   3322.000      -6.621373       13.49914    
   3400.000      -5.693326       13.00433    
   3500.000      -4.850823       12.44727    
   3600.000      -4.219456       11.96481    
   3700.000      -3.656825       11.54495    
   3800.000      -3.237038       11.16560    
   3900.000      -2.447506       10.78708    
   4000.000      -2.099682       10.37719    
   4100.000      -1.802139       9.992129    
   4200.000      -1.519844       9.629409    
   4300.000      -1.294735       9.281639    
   4400.000      -1.099076       8.952517    
   4500.000     -0.9284723       8.640708    
   4600.000     -0.7793510       8.345002    
   4700.000     -0.6487725       8.064292    
   4800.000     -0.5342913       7.797565    
   4900.000     -0.4338559       7.543898    
   5000.000     -0.3457293       7.302438    
   5100.000     -0.2684318       7.072405    
   5200.000     -0.2006944       6.853080    
   5300.000     -0.1427389       6.643818    
   5400.000     -9.2225395E-02   6.444034    
   5500.000     -4.7128435E-02   6.253123    
   5600.000     -8.0030318E-03   6.070554    
   5700.000      1.9826457E-02   5.895981    
   5800.000      4.8775818E-02   5.729248    
   5900.000      7.3453173E-02   5.569500    
   6000.000      9.1113314E-02   5.416542    
   6100.000      0.1084998       5.269914    
   6200.000      0.1228057       5.129177    
   6300.000      0.1343325       4.994014    
   6400.000      0.1433491       4.864133    
   6500.000      0.1443175       4.739511    
   6600.000      0.1488817       4.619882    
   6700.000      0.1516194       4.504769    
   6800.000      0.1527043       4.393944    
   6900.000      0.1522926       4.287196    
   7000.000      0.1505249       4.184323    
   7100.000      0.1475283       4.085139    
   7200.000      0.1434174       3.989467    
   7300.000      0.1382960       3.897140    
   7400.000      0.1322579       3.808004    
   7500.000      0.1253880       3.721911    
   7600.000      0.1177631       3.638723    
   7700.000      0.1094530       3.558310    
   7800.000      0.1005205       3.480546    
   7900.000      9.1022849E-02   3.405317    
   8000.000      8.1011273E-02   3.332512    
   8100.000      7.0531823E-02   3.262028    
   8200.000      5.9625618E-02   3.193765    
   8300.000      4.8328158E-02   3.127630    
   8400.000      3.6669496E-02   3.063535    
   8500.000      2.4671642E-02   3.001396    
   8600.000      1.2344581E-02   2.941134    
   8700.000     -4.4314936E-03   2.882709    
   8800.000     -1.7477971E-02   2.826047    
   8900.000     -3.1258401E-02   2.771044    
   9000.000     -4.4128802E-02   2.718038    
   9100.000     -5.7195824E-02   2.666565    
   9200.000     -7.0340276E-02   2.616567    
   9300.000     -8.3581068E-02   2.567987    
   9400.000     -9.6904650E-02   2.520770    
   9500.000     -0.1102990       2.474865    
   9600.000     -0.1237530       2.430224    
   9700.000     -0.1372563       2.386800    
   9800.000     -0.1508003       2.344547    
   9900.000     -0.1643766       2.303425    
   10000.00     -0.1779780       2.263392    
   10100.00     -0.1915979       2.224410    
   10200.00     -0.2052303       2.186442    
   10300.00     -0.2188703       2.149451    
   10400.00     -0.2325130       2.113406    
   10500.00     -0.2461546       2.078273    
   10600.00     -0.2597915       2.044020    
   10700.00     -0.2734205       2.010620    
   10800.00     -0.2870390       1.978043    
   10900.00     -0.3006447       1.946262    
   11000.00     -0.3143046       1.915251    
   11100.00     -0.3278808       1.884986    
   11200.00     -0.3414408       1.855441    
   11300.00     -0.3549829       1.826595    
   11400.00     -0.3685060       1.798425    
   11500.00     -0.3820101       1.770909    
   11600.00     -0.3954951       1.744027    
   11700.00     -0.4089608       1.717761    
   11800.00     -0.4224080       1.692090    
   11900.00     -0.4358369       1.666996    
   12000.00     -0.4492483       1.642463    
   12100.00     -0.4626429       1.618474    
   12200.00     -0.4760205       1.595012    
   12300.00     -0.4906933       1.572062    
   12400.00     -0.5038559       1.549636    
   12500.00     -0.5172052       1.527692    
   12600.00     -0.5305456       1.506216    
   12700.00     -0.5438777       1.485196    
   12800.00     -0.5572028       1.464619    
   12900.00     -0.5714663       1.444480    
   13000.00     -0.5847908       1.424772    
   13100.00     -0.5981160       1.405470    
   13200.00     -0.6114436       1.386562    
   13300.00     -0.6247763       1.368039    
   13400.00     -0.6381167       1.349889    
   13500.00     -0.6514678       1.332102    
   13600.00     -0.6648328       1.314669    
   13700.00     -0.6782145       1.297580    
   13800.00     -0.6916166       1.280826    
   13900.00     -0.7050430       1.264399    
   14000.00     -0.7201256       1.248299    
   14100.00     -0.7336261       1.232533    
   14200.00     -0.7471575       1.217070    
   14300.00     -0.7607265       1.201900    
   14400.00     -0.7743369       1.187017    
   14500.00     -0.7879935       1.172412    
   14600.00     -0.8017004       1.158080    
   14700.00     -0.8154621       1.144013    
   14800.00     -0.8292835       1.130204    
   14900.00     -0.8431693       1.116648    
   15000.00     -0.8571248       1.103338    
   15100.00     -0.8711551       1.090268    
   15200.00     -0.8852656       1.077432    
   15300.00     -0.8994623       1.064825    
   15400.00     -0.9137507       1.052441    
   15500.00     -0.9281372       1.040274    
   15600.00     -0.9426281       1.028320    
   15700.00     -0.9572300       1.016575    
   15800.00     -0.9719500       1.005031    
   15900.00     -0.9867951      0.9936862    
   16000.00      -1.001773      0.9825346    
   16100.00      -1.016892      0.9715722    
   16200.00      -1.032159      0.9607945    
   16300.00      -1.047584      0.9501977    
   16400.00      -1.063176      0.9397772    
   16500.00      -1.078945      0.9295293    
   16600.00      -1.094899      0.9194502    
   16700.00      -1.111051      0.9095360    
   16800.00      -1.127410      0.8997835    
   16900.00      -1.143988      0.8901886    
   17000.00      -1.160799      0.8807482    
   17100.00      -1.177855      0.8714589    
   17200.00      -1.195170      0.8623174    
   17300.00      -1.212758      0.8533208    
   17400.00      -1.230636      0.8444656    
   17500.00      -1.248819      0.8357490    
   17600.00      -1.267326      0.8271682    
   17700.00      -1.286174      0.8187202    
   17800.00      -1.305385      0.8104024    
   17900.00      -1.324980      0.8022119    
   18000.00      -1.344981      0.7941461    
   18100.00      -1.365414      0.7862027    
   18200.00      -1.386304      0.7783789    
   18300.00      -1.407682      0.7706726    
   18400.00      -1.429577      0.7630811    
   18500.00      -1.452023      0.7556024    
   18600.00      -1.475057      0.7482339    
   18700.00      -1.498719      0.7409738    
   18800.00      -1.523049      0.7338198    
   18900.00      -1.548098      0.7267697    
   19000.00      -1.573916      0.7198216    
   19100.00      -1.600559      0.7129735    
   19200.00      -1.628091      0.7062234    
   19300.00      -1.656581      0.6995696    
   19400.00      -1.686105      0.6930101    
   19500.00      -1.716750      0.6865431    
   19600.00      -1.749229      0.6801671    
   19700.00      -1.782413      0.6738819    
   19800.00      -1.817042      0.6676843    
   19900.00      -1.853255      0.6615722    
   20000.00      -1.891211      0.6555443    
   20100.00      -1.931090      0.6495990    
   20200.00      -1.973101      0.6437348    
   20300.00      -2.017488      0.6379502    
   20400.00      -2.064537      0.6322437    
   20500.00      -2.114587      0.6266140    
   20600.00      -2.168041      0.6210595    
   20700.00      -2.225388      0.6155791    
   20800.00      -2.287225      0.6101714    
   20900.00      -2.354297      0.6048350    
   21000.00      -2.427539      0.5995687    
   21100.00      -2.508157      0.5943713    
   21200.00      -2.597737      0.5892416    
   21300.00      -2.698424      0.5841784    
   21400.00      -2.813221      0.5791804    
   21500.00      -2.946507      0.5742466    
   21600.00      -3.105022      0.5693760    
   21700.00      -3.299940      0.5645673    
   21800.00      -3.551818      0.5598197    
   21900.00      -3.905269      0.5551319    
   22000.00      -4.491697      0.5505030    
   22020.00      -4.671601      0.5495842    
   22025.00      -4.722508      0.5493549    
   22030.00      -4.776338      0.5491256    
   22035.00      -4.833394      0.5488966    
   22040.00      -4.894126      0.5486676    
   22045.00      -4.958982      0.5484389    
   22050.00      -5.028579      0.5482103    
   22055.00      -5.103683      0.5479818    
   22060.00      -5.185158      0.5477535    
   22065.00      -5.274240      0.5475252    
   22070.00      -5.372393      0.5472972    
   22075.00      -5.481736      0.5470693    
   22080.00      -5.605009      0.5468416    
   22085.00      -5.746300      0.5466140    
   22090.00      -5.911787      0.5463865    
   22095.00      -6.111207      0.5461591    
   22100.00      -6.362222      0.5459319    
   22105.00      -6.700502      0.5457049    
   22110.00      -7.220975      0.5454780    
   22115.00      -8.392780      0.5452513    
   22120.00      -8.163956       3.665064    
   22125.00      -7.143647       3.663516    
   22130.00      -6.649228       3.661969    
   22135.00      -6.319332       3.660424    
   22140.00      -6.071330       3.658880    
   22145.00      -5.872304       3.657337    
   22150.00      -5.706095       3.655796    
   22155.00      -5.563251       3.654256    
   22160.00      -5.438051       3.652718    
   22165.00      -5.326509       3.651181    
   22170.00      -5.225982       3.649645    
   22175.00      -5.134442       3.648111    
   22180.00      -5.050369       3.646578    
   22185.00      -4.972679       3.645047    
   22190.00      -4.900411       3.643517    
   22195.00      -4.832896       3.641988    
   22200.00      -4.769497       3.640461    
   22205.00      -4.709777       3.638935    
   22210.00      -4.653308       3.637411    
   22215.00      -4.599730       3.635887    
   22300.00      -3.956826       3.610203    
   22400.00      -3.502634       3.580482    
   22500.00      -3.184456       3.551288    
   22600.00      -2.938943       3.522609    
   22700.00      -2.738926       3.494431    
   22800.00      -2.570195       3.466746    
   22900.00      -2.424354       3.439540    
   23000.00      -2.296027       3.412803    
   23100.00      -2.181554       3.386525    
   23200.00      -2.078342       3.360696    
   23300.00      -1.984417       3.335307    
   23400.00      -1.898364       3.310346    
   23500.00      -1.819023       3.285805    
   23600.00      -1.745489       3.261676    
   23700.00      -1.677027       3.237948    
   23800.00      -1.613036       3.214615    
   23900.00      -1.553013       3.191666    
   24000.00      -1.496536       3.169095    
   24100.00      -1.443248       3.146892    
   24200.00      -1.392839       3.125051    
   24300.00      -1.345046       3.103565    
   24400.00      -1.299633       3.082425    
   24500.00      -1.256398       3.061625    
   24600.00      -1.215161       3.041157    
   24700.00      -1.175761       3.021015    
   24800.00      -1.138056       3.001193    
   24900.00      -1.101915       2.981684    
