  Element 34: Se      Atomic mass:   78.9600

  Edge          keV         A
    K        12.6578    0.9795
    L-I       1.6539    7.4965
    L-II      1.4762    8.3989
    L-III     1.4358    8.6352

Scattering factors as a function of energy: 

   1000.000      -8.607587       3.997403    
   1100.000      -9.287859       3.517751    
   1200.000      -10.31635       3.124169    
   1300.000      -12.10092       2.796254    
   1338.000      -13.28116       2.685705    
   1343.000      -13.48082       2.671672    
   1348.000      -13.69537       2.657754    
   1353.000      -13.92708       2.643950    
   1358.000      -14.17870       2.630258    
   1363.000      -14.45364       2.616676    
   1368.000      -14.75623       2.603205    
   1373.000      -15.09194       2.589842    
   1378.000      -15.46790       2.576586    
   1379.000      -15.54869       2.573948    
   1383.000      -15.89350       2.563437    
   1384.000      -15.98562       2.560819    
   1388.000      -16.38143       2.550392    
   1389.000      -16.48793       2.547795    
   1393.000      -16.94920       2.537451    
   1394.000      -17.07437       2.534874    
   1398.000      -17.62182       2.524612    
   1399.000      -17.77190       2.522056    
   1400.000      -17.92794       2.519505    
   1403.000      -18.43624       2.511875    
   1404.000      -18.62070       2.509339    
   1408.000      -19.44982       2.499238    
   1409.000      -19.68380       2.496722    
   1413.000      -20.75721       2.486700    
   1414.000      -21.06686       2.484204    
   1418.000      -22.52894       2.474260    
   1419.000      -22.96437       2.471784    
   1423.000      -25.11563       2.461917    
   1424.000      -25.79060       2.459460    
   1428.000      -29.42310       2.449671    
   1429.000      -30.69157       2.447232    
   1433.000      -39.45566       2.437519    
   1434.000      -44.06836       2.435100    
   1438.000      -40.27527       36.67175    
   1439.000      -35.52129       35.85484    
   1443.000      -25.25735       32.81315    
   1444.000      -23.66784       32.10558    
   1448.000      -19.09896       29.46757    
   1449.000      -18.27035       28.85309    
   1453.000      -15.78679       26.55917    
   1454.000      -15.33431       26.02413    
   1458.000      -14.05723       24.02426    
   1459.000      -13.85842       23.55720    
   1463.000      -13.52047       21.80920    
   1464.000      -13.55551       21.40051    
   1468.000      -14.29500       19.86888    
   1469.000      -14.67803       19.51033    
   1473.000      -17.87801       18.16499    
   1474.000      -19.62782       17.84966    
   1478.000      -19.56322       33.59214    
   1479.000      -16.73189       32.92500    
   1483.000      -10.84654       30.42723    
   1484.000      -9.933128       29.84310    
   1488.000      -7.253278       27.65348    
   1489.000      -6.751348       27.14078    
   1493.000      -5.174428       25.21665    
   1494.000      -4.864782       24.76557    
   1498.000      -3.872366       23.07075    
   1499.000      -3.675332       22.67296    
   1500.000      -3.495345       22.28489    
   1503.000      -3.044989       21.17665    
   1504.000      -2.921086       20.82504    
   1508.000      -2.533345       19.50100    
   1509.000      -2.459693       19.18952    
   1513.000      -2.241368       18.01531    
   1514.000      -2.203493       17.73875    
   1518.000      -2.107159       16.69520    
   1519.000      -2.095246       16.44914    
   1523.000      -2.088105       15.51973    
   1524.000      -2.095296       15.30035    
   1528.000      -2.154073       14.47090    
   1529.000      -2.175435       14.27491    
   1533.000      -2.283216       13.53319    
   1534.000      -2.315128       13.35777    
   1539.000      -2.499189       12.53591    
   1544.000      -2.716264       11.79806    
   1549.000      -2.957443       11.13447    
   1554.000      -3.217309       10.53664    
   1556.000      -3.325028       10.31423    
   1559.000      -3.489973       9.997177    
   1561.000      -3.601857       9.796264    
   1564.000      -3.772096       9.509634    
   1566.000      -3.886956       9.327869    
   1569.000      -4.060957       9.068377    
   1571.000      -4.177922       8.903708    
   1574.000      -4.354575       8.668472    
   1576.000      -4.473023       8.519104    
   1581.000      -4.771073       8.169949    
   1586.000      -5.071338       7.852637    
   1591.000      -5.373468       7.563993    
   1596.000      -5.677459       7.301220    
   1600.000      -5.922210       7.107956    
   1601.000      -5.983646       7.061850    
   1606.000      -6.292718       6.843699    
   1611.000      -6.605778       6.644843    
   1616.000      -6.924477       6.463566    
   1621.000      -7.251215       6.298368    
   1626.000      -7.589640       6.147903    
   1631.000      -7.945537       6.010984    
   1636.000      -8.328918       5.886558    
   1641.000      -8.759643       5.773692    
   1646.000      -9.287421       5.671560    
   1651.000      -10.12447       5.579432    
   1656.000      -10.54661       7.410464    
   1661.000      -10.02905       7.331000    
   1666.000      -9.930598       7.259910    
   1671.000      -9.947311       7.196757    
   1676.000      -10.01961       7.141166    
   1681.000      -10.12524       7.092814    
   1686.000      -10.25357       7.051428    
   1691.000      -10.39876       7.016779    
   1696.000      -10.55733       6.988683    
   1700.000      -10.69235       6.970825    
   1701.000      -10.72713       6.966995    
   1706.000      -10.90676       6.951608    
   1711.000      -11.09535       6.942452    
   1716.000      -11.29233       6.939495    
   1721.000      -11.49739       6.942735    
   1726.000      -11.71040       6.952209    
   1731.000      -11.93133       6.967986    
   1736.000      -12.16029       6.990170    
   1741.000      -12.39745       7.018898    
   1746.000      -12.64306       7.054344    
   1751.000      -12.89744       7.096718    
   1800.000      -15.95655       7.950431    
   1900.000      -9.887308       11.71486    
   2000.000      -3.048110       11.41847    
   2100.000      -2.365687       10.62943    
   2200.000      -1.785446       9.921059    
   2300.000      -1.372942       9.273848    
   2400.000      -1.049832       8.689712    
   2500.000     -0.7946336       8.160489    
   2600.000     -0.5921067       7.679322    
   2700.000     -0.4311810       7.240413    
   2800.000     -0.3037920       6.838830    
   2900.000     -0.1879250       6.469453    
   3000.000     -0.1122350       6.126599    
   3100.000     -4.9625028E-02   5.811957    
   3200.000     -2.0185837E-03   5.521328    
   3300.000      3.3887140E-02   5.252306    
   3400.000      5.9010025E-02   5.002890    
   3500.000      7.6619290E-02   4.771144    
   3600.000      8.7400995E-02   4.555405    
   3700.000      9.2482440E-02   4.354208    
   3800.000      9.2795268E-02   4.166258    
   3900.000      8.9113064E-02   3.990398    
   4000.000      8.2080796E-02   3.825601    
   4100.000      7.2238162E-02   3.670942    
   4200.000      6.0038168E-02   3.525598    
   4300.000      4.5861863E-02   3.388822    
   4400.000      2.9337393E-02   3.259961    
   4500.000      1.2100555E-02   3.138408    
   4600.000     -6.2850746E-03   3.023604    
   4700.000     -2.5624491E-02   2.915053    
   4800.000     -4.5752171E-02   2.812302    
   4900.000     -6.6527314E-02   2.714942    
   5000.000     -8.7830693E-02   2.622597    
   5100.000     -0.1095611       2.534924    
   5200.000     -0.1316327       2.451611    
   5300.000     -0.1539731       2.372368    
   5400.000     -0.1765210       2.296933    
   5500.000     -0.1992252       2.225064    
   5600.000     -0.2220427       2.156535    
   5700.000     -0.2449379       2.091142    
   5800.000     -0.2678815       2.028694    
   5900.000     -0.2908497       1.969015    
   6000.000     -0.3138234       1.911942    
   6100.000     -0.3367876       1.857324    
   6200.000     -0.3597285       1.805021    
   6300.000     -0.3862277       1.755037    
   6400.000     -0.4113996       1.707152    
   6500.000     -0.4341597       1.661314    
   6600.000     -0.4568999       1.617310    
   6700.000     -0.4795975       1.575043    
   6800.000     -0.5022569       1.534421    
   6900.000     -0.5248838       1.495359    
   7000.000     -0.5474856       1.457777    
   7100.000     -0.5700710       1.421601    
   7200.000     -0.5963840       1.386812    
   7300.000     -0.6189833       1.353397    
   7400.000     -0.6415935       1.321188    
   7500.000     -0.6642285       1.290127    
   7600.000     -0.6869029       1.260159    
   7700.000     -0.7096325       1.231234    
   7800.000     -0.7324341       1.203302    
   7900.000     -0.7553254       1.176319    
   8000.000     -0.7783253       1.150240    
   8100.000     -0.8014543       1.125027    
   8200.000     -0.8247333       1.100640    
   8300.000     -0.8481854       1.077044    
   8400.000     -0.8718343       1.054204    
   8500.000     -0.8957061       1.032088    
   8600.000     -0.9198278       1.010665    
   8700.000     -0.9442282      0.9899068    
   8800.000     -0.9689388      0.9697853    
   8900.000     -0.9939926      0.9502748    
   9000.000      -1.019506      0.9314628    
   9100.000      -1.045429      0.9132140    
   9200.000      -1.071804      0.8955060    
   9300.000      -1.098675      0.8783169    
   9400.000      -1.126093      0.8616268    
   9500.000      -1.154109      0.8454159    
   9600.000      -1.182783      0.8296659    
   9700.000      -1.212177      0.8143595    
   9800.000      -1.242362      0.7994795    
   9900.000      -1.273414      0.7850105    
   10000.00      -1.305421      0.7709368    
   10100.00      -1.338476      0.7572441    
   10200.00      -1.372687      0.7439188    
   10300.00      -1.408174      0.7309474    
   10400.00      -1.445071      0.7183176    
   10500.00      -1.483533      0.7060170    
   10600.00      -1.523736      0.6940342    
   10700.00      -1.565883      0.6823584    
   10800.00      -1.610209      0.6709788    
   10900.00      -1.656988      0.6598856    
   11000.00      -1.706545      0.6490690    
   11100.00      -1.759265      0.6385196    
   11200.00      -1.815612      0.6282288    
   11300.00      -1.876152      0.6181880    
   11400.00      -1.941581      0.6083891    
   11500.00      -2.012776      0.5988241    
   11600.00      -2.090856      0.5894858    
   11700.00      -2.177280      0.5803669    
   11800.00      -2.274004      0.5714604    
   11900.00      -2.383727      0.5627598    
   12000.00      -2.510331      0.5542586    
   12100.00      -2.659663      0.5459507    
   12200.00      -2.841137      0.5378304    
   12300.00      -3.071344      0.5298917    
   12400.00      -3.383753      0.5221294    
   12500.00      -3.863509      0.5145381    
   12560.00      -4.342547      0.5100633    
   12565.00      -4.395659      0.5096931    
   12570.00      -4.451833      0.5093233    
   12575.00      -4.511420      0.5089539    
   12580.00      -4.574848      0.5085849    
   12585.00      -4.642631      0.5082163    
   12590.00      -4.715391      0.5078480    
   12595.00      -4.793897      0.5074802    
   12600.00      -4.879107      0.5071128    
   12605.00      -4.972221      0.5067459    
   12610.00      -5.074862      0.5063793    
   12615.00      -5.189123      0.5060131    
   12620.00      -5.317906      0.5056473    
   12625.00      -5.465356      0.5052819    
   12630.00      -5.637684      0.5049169    
   12635.00      -5.844824      0.5045523    
   12640.00      -6.104173      0.5041881    
   12645.00      -6.450631      0.5038243    
   12650.00      -6.972532      0.5034610    
   12655.00      -8.055866      0.5030980    
   12660.00      -8.319967       3.846461    
   12665.00      -7.052211       3.843189    
   12670.00      -6.486044       3.839924    
   12675.00      -6.116062       3.836665    
   12680.00      -5.840367       3.833412    
   12685.00      -5.620319       3.830165    
   12690.00      -5.437082       3.826925    
   12695.00      -5.279947       3.823691    
   12700.00      -5.142355       3.820462    
   12705.00      -5.019933       3.817240    
   12710.00      -4.909632       3.814023    
   12715.00      -4.809239       3.810813    
   12720.00      -4.717100       3.807608    
   12725.00      -4.631943       3.804410    
   12730.00      -4.552786       3.801219    
   12735.00      -4.478802       3.798032    
   12740.00      -4.409359       3.794852    
   12745.00      -4.343923       3.791677    
   12750.00      -4.282052       3.788509    
   12755.00      -4.223371       3.785346    
   12800.00      -3.798312       3.757148    
   12900.00      -3.196559       3.696152    
   13000.00      -2.802631       3.637367    
   13100.00      -2.509892       3.580694    
   13200.00      -2.277710       3.526041    
   13300.00      -2.086093       3.473317    
   13400.00      -1.923630       3.422441    
   13500.00      -1.783213       3.373332    
   13600.00      -1.660060       3.325916    
   13700.00      -1.550805       3.280123    
   13800.00      -1.452978       3.235884    
   13900.00      -1.364714       3.193137    
   14000.00      -1.284563       3.151821    
   14100.00      -1.211377       3.111879    
   14200.00      -1.144231       3.073256    
   14300.00      -1.082363       3.035902    
   14400.00      -1.025144       2.999767    
   14500.00     -0.9720428       2.964804    
   14600.00     -0.9226102       2.930969    
   14700.00     -0.8764613       2.898221    
   14800.00     -0.8332629       2.866518    
   14900.00     -0.7927264       2.835823    
   15000.00     -0.7545981       2.806099    
   15100.00     -0.7186556       2.777312    
   15200.00     -0.6847018       2.749428    
   15300.00     -0.6525607       2.722416    
   15400.00     -0.6220762       2.696246    
   15500.00     -0.5931068       2.670888    
   15600.00     -0.5655261       2.646316    
   15700.00     -0.5392197       2.622504    
   15800.00     -0.5140829       2.599425    
   15900.00     -0.4900215       2.577057    
   16000.00     -0.4669483       2.555375    
   16100.00     -0.4447843       2.534359    
   16200.00     -0.4234565       2.513987    
   16300.00     -0.4028977       2.494240    
   16400.00     -0.3830428       2.475096    
   16500.00     -0.2620196       2.453742    
   16600.00     -0.2410040       2.429383    
   16700.00     -0.2208282       2.405381    
   16800.00     -0.2014467       2.381729    
   16900.00     -0.1828194       2.358420    
   17000.00     -0.1649098       2.335447    
   17100.00     -0.1476837       2.312804    
   17200.00     -0.1311093       2.290485    
   17300.00     -0.1151568       2.268483    
   17400.00     -9.9797331E-02   2.246793    
   17500.00     -8.5004836E-02   2.225408    
   17600.00     -7.0754372E-02   2.204322    
   17700.00     -5.7022467E-02   2.183531    
   17800.00     -4.3787226E-02   2.163028    
   17900.00     -3.1027231E-02   2.142808    
   18000.00     -1.8722981E-02   2.122866    
   18100.00     -6.8557779E-03   2.103197    
   18200.00      4.5920843E-03   2.083796    
   18300.00      1.5637180E-02   2.064658    
   18400.00      2.6295850E-02   2.045778    
   18500.00      3.6582991E-02   2.027152    
   18600.00      4.6512969E-02   2.008774    
   18700.00      5.6099430E-02   1.990641    
   18800.00      6.5355197E-02   1.972749    
   18900.00      7.4292988E-02   1.955092    
   19000.00      8.2924418E-02   1.937667    
   19100.00      9.1260716E-02   1.920469    
   19200.00      9.9312618E-02   1.903495    
   19300.00      0.1070902       1.886742    
   19400.00      0.1146035       1.870204    
   19500.00      0.1218618       1.853878    
   19600.00      0.1288740       1.837761    
   19700.00      0.1356486       1.821849    
   19800.00      0.1421937       1.806140    
   19900.00      0.1485174       1.790628    
   20000.00      0.1546270       1.775311    
   20100.00      0.1605298       1.760185    
   20200.00      0.1662327       1.745248    
   20300.00      0.1717421       1.730496    
   20400.00      0.1770646       1.715927    
   20500.00      0.1822063       1.701536    
   20600.00      0.1871730       1.687322    
   20700.00      0.1919704       1.673281    
   20800.00      0.1966037       1.659412    
   20900.00      0.2010783       1.645709    
   21000.00      0.2053992       1.632172    
   21100.00      0.2095712       1.618797    
   21200.00      0.2135990       1.605582    
   21300.00      0.2174868       1.592525    
   21400.00      0.2212393       1.579622    
   21500.00      0.2248604       1.566872    
   21600.00      0.2283542       1.554271    
   21700.00      0.2317245       1.541819    
   21800.00      0.2349750       1.529511    
   21900.00      0.2381093       1.517347    
   22000.00      0.2411310       1.505324    
   22100.00      0.2440433       1.493439    
   22200.00      0.2468494       1.481690    
   22300.00      0.2495525       1.470077    
   22400.00      0.2521556       1.458595    
   22500.00      0.2546616       1.447244    
   22600.00      0.2570733       1.436022    
   22700.00      0.2593934       1.424926    
   22800.00      0.2616245       1.413955    
   22900.00      0.2637692       1.403106    
   23000.00      0.2658300       1.392378    
   23100.00      0.2678092       1.381770    
   23200.00      0.2697091       1.371279    
   23300.00      0.2715319       1.360903    
   23400.00      0.2732798       1.350642    
   23500.00      0.2749549       1.340492    
   23600.00      0.2765592       1.330454    
   23700.00      0.2780946       1.320524    
   23800.00      0.2795631       1.310703    
   23900.00      0.2809665       1.300987    
   24000.00      0.2823065       1.291375    
   24100.00      0.2835849       1.281866    
   24200.00      0.2848034       1.272459    
   24300.00      0.2859635       1.263152    
   24400.00      0.2870668       1.253943    
   24500.00      0.2881149       1.244832    
   24600.00      0.2891092       1.235817    
   24700.00      0.2900512       1.226896    
   24800.00      0.2909422       1.218068    
   24900.00      0.2917835       1.209333    
