  Element 14: Si      Atomic mass:   28.0855

  Edge          keV         A
    K         1.8389    6.7423

Scattering factors as a function of energy: 

   1000.000      -1.159144      0.9795402    
   1100.000      -1.279749      0.8391941    
   1200.000      -1.412147      0.7275814    
   1300.000      -1.563150      0.6372429    
   1400.000      -1.743897      0.5630152    
   1500.000      -1.974347      0.5012268    
   1600.000      -2.296294      0.4492060    
   1700.000      -2.824439      0.4049686    
   1741.000      -3.183199      0.3887196    
   1746.000      -3.238067      0.3868059    
   1751.000      -3.296263      0.3849063    
   1756.000      -3.358186      0.3830208    
   1761.000      -3.424309      0.3811493    
   1766.000      -3.495201      0.3792916    
   1771.000      -3.571553      0.3774475    
   1776.000      -3.654215      0.3756170    
   1781.000      -3.744248      0.3737999    
   1786.000      -3.843007      0.3719961    
   1791.000      -3.952247      0.3702054    
   1796.000      -4.074312      0.3684277    
   1800.000      -4.183317      0.3670148    
   1801.000      -4.212418      0.3666628    
   1806.000      -4.371161      0.3649108    
   1811.000      -4.557423      0.3631713    
   1816.000      -4.782206      0.3614444    
   1821.000      -5.064743      0.3597298    
   1826.000      -5.443529      0.3580275    
   1831.000      -6.015597      0.3563374    
   1836.000      -7.196784      0.3546593    
   1841.000      -7.566669       4.107737    
   1846.000      -6.094049       4.099518    
   1851.000      -5.442249       4.091171    
   1856.000      -5.015176       4.082699    
   1861.000      -4.695544       4.074104    
   1866.000      -4.440960       4.065392    
   1871.000      -4.226328       4.056562    
   1876.000      -4.041349       4.047616    
   1881.000      -3.878540       4.038553    
   1886.000      -3.732941       4.029377    
   1891.000      -3.601098       4.020088    
   1896.000      -3.480507       4.010690    
   1900.000      -3.390862       4.003093    
   1901.000      -3.369295       4.001183    
   1906.000      -3.266026       3.991570    
   1911.000      -3.169573       3.981852    
   1916.000      -3.079035       3.972032    
   1921.000      -2.993682       3.962111    
   1926.000      -2.912913       3.952090    
   1931.000      -2.836224       3.941973    
   1936.000      -2.763202       3.931760    
   2000.000      -2.043206       3.793387    
   2100.000      -1.324596       3.554941    
   2200.000     -0.8399754       3.299916    
   2300.000     -0.4931771       3.038321    
   2400.000     -0.4120762       2.784712    
   2500.000     -0.2494500       2.607946    
   2600.000     -0.1225061       2.448381    
   2700.000     -2.1708747E-02   2.303792    
   2800.000      5.7711814E-02   2.172316    
   2900.000      0.1238331       2.052446    
   3000.000      0.1783595       1.942747    
   3100.000      0.2226369       1.840041    
   3200.000      0.2588204       1.745167    
   3300.000      0.2883761       1.657344    
   3400.000      0.3124629       1.575884    
   3500.000      0.3320079       1.500185    
   3600.000      0.3477601       1.429713    
   3700.000      0.3587739       1.364046    
   3800.000      0.3685383       1.302914    
   3900.000      0.3760767       1.245765    
   4000.000      0.3817334       1.192258    
   4100.000      0.3857957       1.142089    
   4200.000      0.3885047       1.094983    
   4300.000      0.3900633       1.050696    
   4400.000      0.3906433       1.009004    
   4500.000      0.3903904      0.9697098    
   4600.000      0.3894287      0.9326306    
   4700.000      0.3878643      0.8976030    
   4800.000      0.3857881      0.8644778    
   4900.000      0.3832780      0.8331195    
   5000.000      0.3804014      0.8034045    
   5100.000      0.3772160      0.7752196    
   5200.000      0.3736726      0.7484620    
   5300.000      0.3700128      0.7230371    
   5400.000      0.3661751      0.6988574    
   5500.000      0.3621920      0.6758429    
   5600.000      0.3580917      0.6539198    
   5700.000      0.3538987      0.6330205    
   5800.000      0.3496343      0.6130821    
   5900.000      0.3453169      0.5940469    
   6000.000      0.3409625      0.5758613    
   6100.000      0.3365852      0.5584755    
   6200.000      0.3321970      0.5418436    
   6300.000      0.3278083      0.5259225    
   6400.000      0.3234283      0.5106729    
   6500.000      0.3190649      0.4960573    
   6600.000      0.3147247      0.4820414    
   6700.000      0.3104137      0.4685931    
   6800.000      0.3061368      0.4556821    
   6900.000      0.3018983      0.4432804    
   7000.000      0.2977018      0.4313619    
   7100.000      0.2935504      0.4199018    
   7200.000      0.2894466      0.4088771    
   7300.000      0.2853926      0.3982661    
   7400.000      0.2813901      0.3880486    
   7500.000      0.2774406      0.3782057    
   7600.000      0.2735451      0.3687191    
   7700.000      0.2697045      0.3595722    
   7800.000      0.2659195      0.3507491    
   7900.000      0.2621907      0.3422347    
   8000.000      0.2561471      0.3340432    
   8100.000      0.2525428      0.3261929    
   8200.000      0.2489963      0.3186090    
   8300.000      0.2455082      0.3112795    
   8400.000      0.2420780      0.3041933    
   8500.000      0.2387053      0.2973396    
   8600.000      0.2353895      0.2907086    
   8700.000      0.2321299      0.2842907    
   8800.000      0.2289258      0.2780770    
   8900.000      0.2257764      0.2720590    
   9000.000      0.2226551      0.2662452    
   9100.000      0.2195887      0.2606121    
   9200.000      0.2165764      0.2551525    
   9300.000      0.2136173      0.2498592    
   9400.000      0.2107105      0.2447257    
   9500.000      0.2078550      0.2397455    
   9600.000      0.2050501      0.2349127    
   9700.000      0.2022946      0.2302215    
   9800.000      0.1995878      0.2256664    
   9900.000      0.1969287      0.2212423    
   10000.00      0.1943163      0.2169442    
   10100.00      0.1917498      0.2127673    
   10200.00      0.1892283      0.2087073    
   10300.00      0.1867508      0.2047597    
   10400.00      0.1843165      0.2009206    
   10500.00      0.1819246      0.1971859    
   10600.00      0.1795741      0.1935520    
   10700.00      0.1772643      0.1900152    
   10800.00      0.1749943      0.1865722    
   10900.00      0.1727633      0.1832197    
   11000.00      0.1705705      0.1799545    
   11100.00      0.1684150      0.1767738    
   11200.00      0.1662962      0.1736745    
   11300.00      0.1642133      0.1706540    
   11400.00      0.1621655      0.1677096    
   11500.00      0.1601521      0.1648389    
   11600.00      0.1581724      0.1620393    
   11700.00      0.1562257      0.1593086    
   11800.00      0.1543113      0.1566445    
   11900.00      0.1524286      0.1540450    
   12000.00      0.1505768      0.1515079    
   12100.00      0.1487554      0.1490313    
   12200.00      0.1469637      0.1466134    
   12300.00      0.1452011      0.1442522    
   12400.00      0.1434670      0.1419460    
   12500.00      0.1417609      0.1396931    
   12600.00      0.1400821      0.1374920    
   12700.00      0.1384301      0.1353410    
   12800.00      0.1368044      0.1332387    
   12900.00      0.1352043      0.1311837    
   13000.00      0.1336295      0.1291744    
   13100.00      0.1320793      0.1272096    
   13200.00      0.1305533      0.1252881    
   13300.00      0.1290511      0.1234084    
   13400.00      0.1275720      0.1215695    
   13500.00      0.1261157      0.1197702    
   13600.00      0.1246817      0.1180094    
   13700.00      0.1232696      0.1162859    
   13800.00      0.1218789      0.1145988    
   13900.00      0.1205092      0.1129471    
   14000.00      0.1191601      0.1113296    
   14100.00      0.1178311      0.1097457    
   14200.00      0.1165220      0.1081942    
   14300.00      0.1152323      0.1066744    
   14400.00      0.1139616      0.1051855    
   14500.00      0.1127095      0.1037264    
   14600.00      0.1114758      0.1022966    
   14700.00      0.1102600      0.1008952    
   14800.00      0.1090618      9.9521525E-02
   14900.00      0.1078809      9.8174796E-02
   15000.00      0.1067170      9.6854329E-02
   15100.00      0.1055696      9.5559455E-02
   15200.00      0.1044386      9.4289556E-02
   15300.00      0.1033236      9.3043961E-02
   15400.00      0.1022243      9.1822080E-02
   15500.00      0.1011404      9.0623319E-02
   15600.00      0.1000716      8.9447096E-02
   15700.00      9.9017650E-02  8.8292874E-02
   15800.00      9.7978286E-02  8.7160088E-02
   15900.00      9.6953236E-02  8.6048245E-02
   16000.00      9.5942222E-02  8.4956817E-02
   16100.00      9.4944999E-02  8.3885320E-02
   16200.00      9.3961313E-02  8.2833268E-02
   16300.00      9.2990942E-02  8.1800237E-02
   16400.00      9.2033610E-02  8.0785722E-02
   16500.00      9.1089100E-02  7.9789311E-02
   16600.00      9.0157181E-02  7.8810588E-02
   16700.00      8.9237630E-02  7.7849127E-02
   16800.00      8.8330254E-02  7.6904565E-02
   16900.00      8.7434791E-02  7.5976469E-02
   17000.00      8.6551055E-02  7.5064480E-02
   17100.00      8.5678846E-02  7.4168228E-02
   17200.00      8.4817953E-02  7.3287368E-02
   17300.00      8.3968207E-02  7.2421558E-02
   17400.00      8.3129376E-02  7.1570441E-02
   17500.00      8.2301289E-02  7.0733704E-02
   17600.00      8.1483759E-02  6.9911018E-02
   17700.00      8.0676615E-02  6.9102086E-02
   17800.00      7.9879686E-02  6.8306617E-02
   17900.00      7.9092771E-02  6.7524284E-02
   18000.00      7.8315720E-02  6.6754825E-02
   18100.00      7.7548362E-02  6.5997966E-02
   18200.00      7.6790541E-02  6.5253429E-02
   18300.00      7.6042108E-02  6.4520963E-02
   18400.00      7.5302877E-02  6.3800290E-02
   18500.00      7.4572712E-02  6.3091174E-02
   18600.00      7.3851459E-02  6.2393378E-02
   18700.00      7.3138982E-02  6.1706655E-02
   18800.00      7.2435141E-02  6.1030794E-02
   18900.00      7.1739778E-02  6.0365543E-02
   19000.00      7.1052760E-02  5.9710700E-02
   19100.00      7.0373952E-02  5.9066050E-02
   19200.00      6.9703229E-02  5.8431383E-02
   19300.00      6.9040470E-02  5.7806510E-02
   19400.00      6.8385527E-02  5.7191212E-02
   19500.00      6.7738272E-02  5.6585304E-02
   19600.00      6.7098603E-02  5.5988606E-02
   19700.00      6.6466384E-02  5.5400927E-02
   19800.00      6.5841526E-02  5.4822106E-02
   19900.00      6.5223873E-02  5.4251943E-02
   20000.00      6.4613335E-02  5.3690277E-02
   20100.00      6.4009801E-02  5.3136948E-02
   20200.00      6.3413158E-02  5.2591793E-02
   20300.00      6.2823310E-02  5.2054666E-02
   20400.00      6.2240131E-02  5.1525384E-02
   20500.00      6.1663531E-02  5.1003817E-02
   20600.00      6.1093412E-02  5.0489813E-02
   20700.00      6.0529672E-02  4.9983229E-02
   20800.00      5.9972223E-02  4.9483933E-02
   20900.00      5.9420951E-02  4.8991773E-02
   21000.00      5.8875773E-02  4.8506621E-02
   21100.00      5.8336601E-02  4.8028350E-02
   21200.00      5.7803340E-02  4.7556832E-02
   21300.00      5.7275914E-02  4.7091950E-02
   21400.00      5.6754213E-02  4.6633564E-02
   21500.00      5.6238167E-02  4.6181563E-02
   21600.00      5.5727694E-02  4.5735836E-02
   21700.00      5.5222705E-02  4.5296263E-02
   21800.00      5.4723132E-02  4.4862743E-02
   21900.00      5.4228880E-02  4.4435155E-02
   22000.00      5.3739876E-02  4.4013396E-02
   22100.00      5.3256046E-02  4.3597367E-02
   22200.00      5.2777316E-02  4.3186959E-02
   22300.00      5.2303623E-02  4.2782087E-02
   22400.00      5.1834874E-02  4.2382635E-02
   22500.00      5.1371008E-02  4.1988518E-02
   22600.00      5.0911952E-02  4.1599642E-02
   22700.00      5.0457641E-02  4.1215915E-02
   22800.00      5.0008018E-02  4.0837254E-02
   22900.00      4.9562994E-02  4.0463563E-02
   23000.00      4.9122520E-02  4.0094756E-02
   23100.00      4.8686523E-02  3.9730757E-02
   23200.00      4.8254948E-02  3.9371479E-02
   23300.00      4.7827739E-02  3.9016850E-02
   23400.00      4.7404818E-02  3.8666781E-02
   23500.00      4.6986133E-02  3.8321201E-02
   23600.00      4.6571627E-02  3.7980031E-02
   23700.00      4.6161238E-02  3.7643202E-02
   23800.00      4.5754924E-02  3.7310645E-02
   23900.00      4.5352612E-02  3.6982279E-02
   24000.00      4.4954248E-02  3.6658041E-02
   24100.00      4.4559784E-02  3.6337864E-02
   24200.00      4.4169169E-02  3.6021676E-02
   24300.00      4.3782353E-02  3.5709426E-02
   24400.00      4.3399271E-02  3.5401035E-02
   24500.00      4.3019883E-02  3.5096444E-02
   24600.00      4.2644136E-02  3.4795593E-02
   24700.00      4.2271979E-02  3.4498427E-02
   24800.00      4.1903377E-02  3.4204885E-02
   24900.00      4.1538265E-02  3.3914905E-02
