  Element 62: Sm      Atomic mass:  150.3600

  Edge          keV         A
    K        46.8342    0.2647
    L-I       7.7368    1.6025
    L-II      7.3118    1.6957
    L-III     6.7162    1.8460
    M1        1.7228    7.1967
    M2        1.5407    8.0473
    M3        1.4198    8.7325
    M4        1.1060   11.2101
    M5        1.0802   11.4779

Scattering factors as a function of energy: 

   1000.000      -40.04320       7.194139    
   1100.000      -51.96742       84.95920    
   1200.000      -15.44530       12.69807    
   1300.000      -38.52256       8.756061    
   1322.000      -44.39940       9.210564    
   1327.000      -45.93294       9.383953    
   1332.000      -47.56161       9.589790    
   1337.000      -49.29790       9.832320    
   1342.000      -51.15585       10.11663    
   1347.000      -53.15139       10.44879    
   1352.000      -55.30261       10.83606    
   1357.000      -57.63018       11.28714    
   1362.000      -60.15786       11.81239    
   1367.000      -62.91301       12.42425    
   1372.000      -65.92738       13.13763    
   1377.000      -69.23795       13.97046    
   1382.000      -72.88815       14.94434    
   1387.000      -76.93377       16.08539    
   1392.000      -81.42789       17.42512    
   1397.000      -86.45046       19.00183    
   1400.000      -89.75658       20.08060    
   1402.000      -92.09802       20.86211    
   1407.000      -43.88991       21.98717    
   1412.000      -46.08344       22.36760    
   1417.000      -49.19318       22.82829    
   1422.000      -51.39196       27.81043    
   1427.000      -51.80728       28.44300    
   1432.000      -53.42739       29.21206    
   1437.000      -55.62091       30.14437    
   1442.000      -20.63629       30.16492    
   1443.000      -20.55077       30.13085    
   1447.000      -20.23587       29.99544    
   1448.000      -20.16305       29.96181    
   1452.000      -19.89113       29.82814    
   1453.000      -19.82747       29.79494    
   1457.000      -19.58763       29.66298    
   1458.000      -19.53104       29.63020    
   1462.000      -19.31649       29.49992    
   1463.000      -19.26559       29.46755    
   1467.000      -19.07187       29.33891    
   1468.000      -19.02575       29.30696    
   1472.000      -18.84979       29.17994    
   1473.000      -18.80782       29.14838    
   1477.000      -18.64750       29.02295    
   1478.000      -18.60924       28.99178    
   1482.000      -18.46312       28.86791    
   1483.000      -18.42828       28.83714    
   1487.000      -18.29543       28.71480    
   1488.000      -18.26382       28.68440    
   1492.000      -18.14379       28.56357    
   1493.000      -18.11536       28.53355    
   1497.000      -18.00806       28.41420    
   1498.000      -17.98286       28.38454    
   1500.000      -17.93446       28.32545    
   1502.000      -17.88878       28.26665    
   1503.000      -17.86700       28.23736    
   1507.000      -17.78726       28.12090    
   1508.000      -17.76928       28.09196    
   1512.000      -17.70597       27.97692    
   1513.000      -17.69247       27.94833    
   1517.000      -17.64933       27.83467    
   1518.000      -17.64157       27.80642    
   1523.000      -17.62585       27.66622    
   1528.000      -17.66462       27.52770    
   1533.000      -17.80803       27.39083    
   1538.000      -18.28111       27.25558    
   1543.000      -18.22713       28.99398    
   1548.000      -17.39218       28.84471    
   1553.000      -16.94531       28.69753    
   1558.000      -16.61345       28.55241    
   1563.000      -16.33972       28.40932    
   1568.000      -16.10222       28.26823    
   1573.000      -15.89007       28.12908    
   1578.000      -15.69702       27.99186    
   1583.000      -15.51916       27.85652    
   1588.000      -15.35384       27.72304    
   1593.000      -15.19918       27.59139    
   1598.000      -15.05379       27.46154    
   1600.000      -14.99799       27.41009    
   1603.000      -14.91664       27.33345    
   1608.000      -14.78690       27.20710    
   1613.000      -14.66393       27.08246    
   1618.000      -14.54724       26.95951    
   1623.000      -14.43641       26.83822    
   1625.000      -14.39364       26.79016    
   1628.000      -14.33111       26.71856    
   1630.000      -14.29048       26.67115    
   1633.000      -14.23110       26.60052    
   1635.000      -14.19254       26.55375    
   1638.000      -14.13620       26.48406    
   1640.000      -14.09963       26.43792    
   1645.000      -14.01167       26.32364    
   1650.000      -13.92860       26.21091    
   1655.000      -13.85044       26.09968    
   1660.000      -13.77727       25.98995    
   1665.000      -13.70927       25.88169    
   1670.000      -13.64672       25.77488    
   1675.000      -13.59003       25.66951    
   1680.000      -13.53982       25.56555    
   1685.000      -13.49699       25.46299    
   1690.000      -13.46289       25.36181    
   1695.000      -13.43960       25.26199    
   1700.000      -13.43051       25.16353    
   1705.000      -13.44165       25.06639    
   1710.000      -13.48522       24.97057    
   1715.000      -13.59230       24.87606    
   1720.000      -13.89886       24.78283    
   1725.000      -13.91309       25.86988    
   1730.000      -13.39321       25.77633    
   1735.000      -13.12288       25.68407    
   1740.000      -12.92350       25.59309    
   1745.000      -12.75899       25.50337    
   1750.000      -12.61561       25.41491    
   1755.000      -12.48662       25.32770    
   1760.000      -12.36820       25.24171    
   1765.000      -12.25797       25.15694    
   1770.000      -12.15433       25.07338    
   1775.000      -12.05614       24.99101    
   1780.000      -11.96259       24.90984    
   1785.000      -11.87304       24.82983    
   1790.000      -11.78700       24.75099    
   1795.000      -11.70407       24.67331    
   1800.000      -11.62395       24.59678    
   1805.000      -11.54636       24.52138    
   1810.000      -11.47107       24.44711    
   1815.000      -11.39790       24.37396    
   1820.000      -11.32669       24.30192    
   1900.000      -9.756663       23.11602    
   2000.000      -8.754862       21.78297    
   2100.000      -7.578724       20.49522    
   2200.000      -6.703575       19.32001    
   2300.000      -5.975915       18.19463    
   2400.000      -5.517998       17.15481    
   2500.000      -5.277109       16.20587    
   2600.000      -4.982756       15.33453    
   2700.000      -4.749552       14.53083    
   2800.000      -4.567328       13.78781    
   2900.000      -4.447063       13.10154    
   3000.000      -4.349853       12.46611    
   3100.000      -4.277574       11.88500    
   3200.000      -4.228768       11.34531    
   3300.000      -4.200002       10.84307    
   3400.000      -4.188484       10.37479    
   3500.000      -4.193404       9.937508    
   3600.000      -4.210209       9.528513    
   3700.000      -4.238575       9.145273    
   3800.000      -4.277267       8.785608    
   3900.000      -4.325288       8.447566    
   4000.000      -4.381846       8.129398    
   4100.000      -4.446320       7.829533    
   4200.000      -4.518241       7.546551    
   4300.000      -4.597278       7.279172    
   4400.000      -4.683220       7.026241    
   4500.000      -4.775977       6.786704    
   4600.000      -4.875566       6.559605    
   4700.000      -4.988381       6.344162    
   4800.000      -5.107192       6.139763    
   4900.000      -5.228531       5.945692    
   5000.000      -5.360083       5.760993    
   5100.000      -5.498258       5.585106    
   5200.000      -5.646002       5.417411    
   5300.000      -5.804387       5.257393    
   5400.000      -5.974767       5.104576    
   5500.000      -6.158855       4.958523    
   5600.000      -6.358831       4.818827    
   5700.000      -6.577511       4.685115    
   5800.000      -6.818599       4.557040    
   5900.000      -7.087079       4.434281    
   6000.000      -7.389879       4.316541    
   6100.000      -7.737024       4.203540    
   6200.000      -8.153289       4.095242    
   6300.000      -8.644925       3.991423    
   6400.000      -9.267363       3.891615    
   6500.000      -10.12175       3.795610    
   6600.000      -11.50055       3.703243    
   6619.000      -11.89531       3.686085    
   6624.000      -12.01202       3.681590    
   6629.000      -12.13521       3.677104    
   6634.000      -12.26566       3.672626    
   6639.000      -12.40429       3.668156    
   6644.000      -12.55221       3.663695    
   6649.000      -12.71075       3.659242    
   6654.000      -12.88156       3.654798    
   6659.000      -13.06674       3.650362    
   6664.000      -13.26891       3.645934    
   6669.000      -13.49153       3.641514    
   6674.000      -13.73919       3.637103    
   6679.000      -14.02613       3.632709    
   6684.000      -14.34579       3.628332    
   6689.000      -14.71980       3.623963    
   6694.000      -15.17037       3.619602    
   6699.000      -15.73714       3.615250    
   6700.000      -15.87026       3.614380    
   6704.000      -16.50107       3.610905    
   6709.000      -17.67603       3.606569    
   6714.000      -20.32396       3.602240    
   6719.000      -19.79439       10.65057    
   6724.000      -17.48030       10.63276    
   6729.000      -16.35865       10.61503    
   6734.000      -15.61098       10.59736    
   6739.000      -15.04944       10.57975    
   6744.000      -14.59972       10.56220    
   6749.000      -14.22481       10.54472    
   6754.000      -13.90355       10.52730    
   6759.000      -13.62270       10.50995    
   6764.000      -13.37334       10.49265    
   6769.000      -13.14930       10.47542    
   6774.000      -12.94605       10.45825    
   6779.000      -12.76022       10.44114    
   6784.000      -12.58913       10.42409    
   6789.000      -12.43077       10.40710    
   6794.000      -12.28346       10.39018    
   6799.000      -12.14588       10.37331    
   6800.000      -12.11942       10.36994    
   6804.000      -12.01691       10.35650    
   6809.000      -11.89562       10.33976    
   6814.000      -11.78123       10.32307    
   6900.000      -10.47626       10.04505    
   7000.000      -9.746889       9.742022    
   7100.000      -9.471530       9.458969    
   7200.000      -9.658996       9.194224    
   7214.000      -9.744785       9.158533    
   7219.000      -9.781157       9.145866    
   7224.000      -9.821029       9.133240    
   7229.000      -9.864770       9.120654    
   7234.000      -9.912827       9.108109    
   7239.000      -9.965732       9.095608    
   7244.000      -10.02415       9.083144    
   7249.000      -10.08887       9.070723    
   7254.000      -10.16091       9.058340    
   7259.000      -10.24153       9.046000    
   7264.000      -10.33243       9.033697    
   7269.000      -10.43581       9.021435    
   7274.000      -10.55472       9.009212    
   7279.000      -10.69353       8.997031    
   7284.000      -10.85880       8.984887    
   7289.000      -11.06100       8.972783    
   7294.000      -11.31846       8.960717    
   7299.000      -11.66796       8.948691    
   7300.000      -11.75514       8.946290    
   7304.000      -12.20288       8.936704    
   7309.000      -13.33032       8.924754    
   7314.000      -13.59118       12.44211    
   7319.000      -12.23607       12.42411    
   7324.000      -11.62271       12.40617    
   7329.000      -11.21721       12.38830    
   7334.000      -10.91184       12.37049    
   7339.000      -10.66574       12.35275    
   7344.000      -10.45895       12.33507    
   7349.000      -10.28017       12.31746    
   7354.000      -10.12243       12.29991    
   7359.000      -9.981091       12.28242    
   7364.000      -9.852942       12.26500    
   7369.000      -9.735608       12.24764    
   7374.000      -9.627347       12.23034    
   7379.000      -9.526808       12.21310    
   7384.000      -9.432941       12.19593    
   7389.000      -9.344882       12.17882    
   7394.000      -9.261953       12.16177    
   7399.000      -9.183588       12.14478    
   7400.000      -9.168422       12.14139    
   7404.000      -9.109324       12.12786    
   7409.000      -9.038748       12.11099    
   7500.000      -8.161449       11.81439    
   7600.000      -7.700748       11.50989    
   7639.000      -7.646689       11.39681    
   7644.000      -7.646745       11.38254    
   7649.000      -7.648779       11.36831    
   7654.000      -7.652972       11.35414    
   7659.000      -7.659541       11.34001    
   7664.000      -7.668748       11.32593    
   7669.000      -7.680919       11.31190    
   7674.000      -7.696427       11.29792    
   7679.000      -7.715808       11.28398    
   7684.000      -7.739676       11.27010    
   7689.000      -7.768861       11.25626    
   7694.000      -7.804467       11.24247    
   7699.000      -7.848025       11.22873    
   7700.000      -7.857866       11.22599    
   7704.000      -7.901711       11.21504    
   7709.000      -7.968791       11.20139    
   7714.000      -8.054499       11.18779    
   7719.000      -8.167988       11.17424    
   7724.000      -8.327675       11.16073    
   7729.000      -8.580192       11.14727    
   7734.000      -9.129036       11.13386    
   7739.000      -9.242303       12.88202    
   7744.000      -8.553254       12.86810    
   7749.000      -8.233794       12.85423    
   7754.000      -8.017770       12.84040    
   7759.000      -7.851553       12.82662    
   7764.000      -7.714779       12.81288    
   7769.000      -7.597534       12.79918    
   7774.000      -7.494218       12.78553    
   7779.000      -7.401369       12.77192    
   7784.000      -7.316666       12.75836    
   7789.000      -7.238513       12.74484    
   7794.000      -7.165745       12.73136    
   7799.000      -7.097495       12.71793    
   7800.000      -7.084319       12.71524    
   7804.000      -7.033081       12.70453    
   7809.000      -6.971981       12.69118    
   7814.000      -6.913774       12.67788    
   7819.000      -6.858125       12.66461    
   7824.000      -6.804738       12.65139    
   7829.000      -6.753385       12.63821    
   7834.000      -6.703866       12.62507    
   7900.000      -6.166276       12.45548    
   8000.000      -5.570824       12.21155    
   8100.000      -5.106848       11.98230    
   8200.000      -4.721333       11.76671    
   8300.000      -4.389682       11.56382    
   8400.000      -4.097618       11.37279    
   8500.000      -3.835629       11.19286    
   8600.000      -3.596731       11.02332    
   8700.000      -3.375276       10.86354    
   8800.000      -2.896748       10.69166    
   8900.000      -2.685120       10.51742    
   9000.000      -2.504407       10.33305    
   9100.000      -2.337865       10.15350    
   9200.000      -2.183981       9.978605    
   9300.000      -2.041471       9.808194    
   9400.000      -1.909239       9.642120    
   9500.000      -1.786339       9.480235    
   9600.000      -1.676197       9.322822    
   9700.000      -1.570137       9.169444    
   9800.000      -1.471092       9.019940    
   9900.000      -1.378547       8.874181    
   10000.00      -1.291990       8.732037    
   10100.00      -1.209805       8.593339    
   10200.00      -1.133804       8.457946    
   10300.00      -1.062550       8.325805    
   10400.00     -0.9957095       8.196814    
   10500.00     -0.9329753       8.070868    
   10600.00     -0.8740689       7.947872    
   10700.00     -0.8187358       7.827734    
   10800.00     -0.7667419       7.710360    
   10900.00     -0.7178738       7.595668    
   11000.00     -0.6719335       7.483573    
   11100.00     -0.6287400       7.373996    
   11200.00     -0.5881259       7.266861    
   11300.00     -0.5499357       7.162093    
   11400.00     -0.5140263       7.059624    
   11500.00     -0.4802638       6.959383    
   11600.00     -0.4485248       6.861306    
   11700.00     -0.4186945       6.765331    
   11800.00     -0.3906650       6.671394    
   11900.00     -0.3643368       6.579440    
   12000.00     -0.3396159       6.489409    
   12100.00     -0.3164155       6.401249    
   12200.00     -0.2946538       6.314909    
   12300.00     -0.2742540       6.230334    
   12400.00     -0.2551448       6.147479    
   12500.00     -0.2372584       6.066294    
   12600.00     -0.2205317       5.986735    
   12700.00     -0.2049056       5.908759    
   12800.00     -0.1903237       5.832321    
   12900.00     -0.1767337       5.757383    
   13000.00     -0.1640857       5.683902    
   13100.00     -0.1523331       5.611843    
   13200.00     -0.1414320       5.541166    
   13300.00     -0.1313403       5.471838    
   13400.00     -0.1220190       5.403822    
   13500.00     -0.1169601       5.337183    
   13600.00     -0.1090886       5.271837    
   13700.00     -0.1018768       5.207707    
   13800.00     -9.5293082E-02   5.144762    
   13900.00     -8.9307927E-02   5.082971    
   14000.00     -8.3893031E-02   5.022306    
   14100.00     -7.9021752E-02   4.962740    
   14200.00     -7.4668817E-02   4.904246    
   14300.00     -7.0810094E-02   4.846797    
   14400.00     -6.7422844E-02   4.790370    
   14500.00     -6.4485334E-02   4.734937    
   14600.00     -6.1977010E-02   4.680477    
   14700.00     -6.0355335E-02   4.626979    
   14800.00     -5.8650002E-02   4.574413    
   14900.00     -5.7317413E-02   4.522751    
   15000.00     -5.6340713E-02   4.471974    
   15100.00     -5.5703890E-02   4.422060    
   15200.00     -5.5391688E-02   4.372989    
   15300.00     -5.5389572E-02   4.324743    
   15400.00     -5.5683691E-02   4.277303    
   15500.00     -5.9412189E-02   4.230680    
   15600.00     -6.0293861E-02   4.184909    
   15700.00     -6.1430708E-02   4.139894    
   15800.00     -6.2811323E-02   4.095614    
   15900.00     -6.4424783E-02   4.052055    
   16000.00     -6.6260718E-02   4.009202    
   16100.00     -6.8309180E-02   3.967037    
   16200.00     -7.0560694E-02   3.925547    
   16300.00     -7.3006153E-02   3.884718    
   16400.00     -7.5637013E-02   3.844534    
   16500.00     -7.8444965E-02   3.804982    
   16600.00     -8.1422113E-02   3.766048    
   16700.00     -8.4560908E-02   3.727720    
   16800.00     -8.7854072E-02   3.689986    
   16900.00     -9.1294803E-02   3.652831    
   17000.00     -9.4893277E-02   3.616244    
   17100.00     -9.8606504E-02   3.580215    
   17200.00     -0.1024515       3.544730    
   17300.00     -0.1064193       3.509780    
   17400.00     -0.1105045       3.475353    
   17500.00     -0.1147018       3.441438    
   17600.00     -0.1190060       3.408026    
   17700.00     -0.1234124       3.375107    
   17800.00     -0.1279162       3.342670    
   17900.00     -0.1325132       3.310706    
   18000.00     -0.1371990       3.279206    
   18100.00     -0.1419695       3.248160    
   18200.00     -0.1468210       3.217560    
   18300.00     -0.1517494       3.187398    
   18400.00     -0.1567515       3.157664    
   18500.00     -0.1618237       3.128350    
   18600.00     -0.1669628       3.099450    
   18700.00     -0.1721657       3.070953    
   18800.00     -0.1774291       3.042855    
   18900.00     -0.1827504       3.015145    
   19000.00     -0.1881269       2.987818    
   19100.00     -0.1935557       2.960866    
   19200.00     -0.1990345       2.934282    
   19300.00     -0.2045606       2.908060    
   19400.00     -0.2101320       2.882192    
   19500.00     -0.2157463       2.856673    
   19600.00     -0.2214014       2.831496    
   19700.00     -0.2270953       2.806655    
   19800.00     -0.2328259       2.782144    
   19900.00     -0.2385915       2.757957    
   20000.00     -0.2443902       2.734087    
   20100.00     -0.2502204       2.710531    
   20200.00     -0.2560804       2.687281    
   20300.00     -0.2619686       2.664333    
   20400.00     -0.2678835       2.641681    
   20500.00     -0.2738238       2.619321    
   20600.00     -0.2797880       2.597247    
   20700.00     -0.2857748       2.575453    
   20800.00     -0.2917829       2.553937    
   20900.00     -0.2978113       2.532692    
   21000.00     -0.3038587       2.511714    
   21100.00     -0.3099241       2.490998    
   21200.00     -0.3160064       2.470541    
   21300.00     -0.3221045       2.450338    
   21400.00     -0.3282177       2.430384    
   21500.00     -0.3343450       2.410675    
   21600.00     -0.3404855       2.391208    
   21700.00     -0.3466385       2.371978    
   21800.00     -0.3528030       2.352981    
   21900.00     -0.3589785       2.334214    
   22000.00     -0.3651643       2.315673    
   22100.00     -0.3713597       2.297355    
   22200.00     -0.3775640       2.279254    
   22300.00     -0.3837766       2.261370    
   22400.00     -0.3899971       2.243696    
   22500.00     -0.3962249       2.226232    
   22600.00     -0.4024596       2.208972    
   22700.00     -0.4087006       2.191913    
   22800.00     -0.4149474       2.175054    
   22900.00     -0.4211998       2.158390    
   23000.00     -0.4274569       2.141918    
   23100.00     -0.4339532       2.125637    
   23200.00     -0.4402182       2.109543    
   23300.00     -0.4464874       2.093632    
   23400.00     -0.4527606       2.077902    
   23500.00     -0.4590372       2.062350    
   23600.00     -0.4657373       2.046974    
   23700.00     -0.4720158       2.031772    
   23800.00     -0.4782998       2.016741    
   23900.00     -0.4845872       2.001876    
   24000.00     -0.4908777       1.987177    
   24100.00     -0.4971710       1.972640    
   24200.00     -0.5034673       1.958263    
   24300.00     -0.5097662       1.944044    
   24400.00     -0.5160681       1.929980    
   24500.00     -0.5223728       1.916070    
   24600.00     -0.5286804       1.902310    
   24700.00     -0.5349910       1.888699    
   24800.00     -0.5413044       1.875234    
   24900.00     -0.5476212       1.861914    
