  Element 38: Sr      Atomic mass:   87.6200

  Edge          keV         A
    K        16.1046    0.7699
    L-I       2.2163    5.5942
    L-II      2.0068    6.1782
    L-III     1.9396    6.3923

Scattering factors as a function of energy: 

   1000.000      -6.944886       6.956079    
   1100.000      -7.026948       6.148766    
   1200.000      -7.222778       5.479874    
   1300.000      -7.510138       4.918980    
   1400.000      -7.901817       4.443119    
   1500.000      -8.427589       4.035985    
   1600.000      -9.132936       3.684516    
   1700.000      -10.14056       3.378547    
   1800.000      -11.76916       3.110322    
   1842.000      -12.86662       3.007400    
   1847.000      -13.02807       2.995499    
   1852.000      -13.19842       2.983671    
   1857.000      -13.37868       2.971915    
   1862.000      -13.57004       2.960230    
   1867.000      -13.77392       2.948617    
   1872.000      -13.99203       2.937073    
   1877.000      -14.22649       2.925599    
   1882.000      -14.47991       2.914195    
   1887.000      -14.75562       2.902859    
   1892.000      -15.05791       2.891591    
   1897.000      -15.39252       2.880390    
   1900.000      -15.61193       2.873702    
   1902.000      -15.76726       2.869256    
   1907.000      -16.19331       2.858189    
   1909.000      -16.38158       2.853780    
   1912.000      -16.68737       2.847187    
   1914.000      -16.90953       2.842805    
   1917.000      -17.27619       2.836251    
   1919.000      -17.54763       2.831894    
   1922.000      -18.00661       2.825379    
   1924.000      -18.35668       2.821048    
   1927.000      -18.97318       2.814571    
   1929.000      -19.46931       2.810266    
   1932.000      -20.41835       2.803828    
   1934.000      -21.28383       2.799548    
   1937.000      -23.44253       2.793147    
   1939.000      -27.53885       2.788892    
   1942.000      -23.70655       11.53570    
   1944.000      -22.02983       11.51472    
   1947.000      -20.60916       11.48339    
   1949.000      -19.96575       11.46259    
   1952.000      -19.23447       11.43152    
   1954.000      -18.84846       11.41090    
   1957.000      -18.37248       11.38011    
   1959.000      -18.10718       11.35966    
   1962.000      -17.76904       11.32913    
   1964.000      -17.57646       11.30886    
   1967.000      -17.32852       11.27858    
   1969.000      -17.18711       11.25848    
   1972.000      -17.00675       11.22846    
   1974.000      -16.90608       11.20854    
   1977.000      -16.78279       11.17877    
   1979.000      -16.71866       11.15901    
   1982.000      -16.64986       11.12949    
   1984.000      -16.62304       11.10990    
   1987.000      -16.61411       11.08063    
   1989.000      -16.63168       11.06120    
   1992.000      -16.70079       11.03218    
   1994.000      -16.78246       11.01291    
   1997.000      -16.97964       10.98413    
   1999.000      -17.18424       10.96502    
   2000.000      -17.31937       10.95549    
   2002.000      -17.69322       10.93648    
   2004.000      -18.33127       10.91753    
   2007.000      -21.82285       15.21411    
   2009.000      -18.42080       15.18790    
   2012.000      -17.09700       15.14874    
   2014.000      -16.56034       15.12274    
   2017.000      -15.95324       15.08389    
   2019.000      -15.62494       15.05810    
   2022.000      -15.20404       15.01958    
   2024.000      -14.95783       14.99400    
   2027.000      -14.62628       14.95578    
   2029.000      -14.42523       14.93041    
   2032.000      -14.14754       14.89250    
   2034.000      -13.97571       14.86733    
   2037.000      -13.73495       14.82973    
   2039.000      -13.58399       14.80476    
   2044.000      -13.23504       14.74270    
   2049.000      -12.91969       14.68112    
   2054.000      -12.63163       14.62004    
   2059.000      -12.36633       14.55944    
   2064.000      -12.12047       14.49932    
   2069.000      -11.89147       14.43968    
   2074.000      -11.67734       14.38051    
   2079.000      -11.47646       14.32180    
   2084.000      -11.28754       14.26354    
   2089.000      -11.10952       14.20575    
   2094.000      -10.94151       14.14840    
   2099.000      -10.78278       14.09150    
   2100.000      -10.75209       14.08017    
   2104.000      -10.63272       14.03503    
   2119.000      -10.22982       13.86824    
   2124.000      -10.11017       13.81349    
   2129.000      -9.997454       13.75916    
   2134.000      -9.891546       13.70524    
   2139.000      -9.792401       13.65173    
   2144.000      -9.700033       13.59862    
   2149.000      -9.614568       13.54591    
   2154.000      -9.536215       13.49360    
   2159.000      -9.465336       13.44168    
   2164.000      -9.402446       13.39015    
   2169.000      -9.348306       13.33900    
   2174.000      -9.303989       13.28824    
   2179.000      -9.271067       13.23785    
   2184.000      -9.251851       13.18783    
   2189.000      -9.249926       13.13818    
   2194.000      -9.271150       13.08889    
   2199.000      -9.326004       13.03996    
   2200.000      -9.342568       13.03022    
   2204.000      -9.436042       12.99140    
   2209.000      -9.657959       12.94318    
   2214.000      -10.26724       12.89532    
   2219.000      -10.07675       14.76534    
   2224.000      -9.345300       14.71371    
   2229.000      -8.951449       14.66245    
   2234.000      -8.663010       14.61159    
   2239.000      -8.427603       14.56110    
   2244.000      -8.224662       14.51098    
   2249.000      -8.043894       14.46124    
   2254.000      -7.879432       14.41187    
   2259.000      -7.727560       14.36286    
   2264.000      -7.585808       14.31421    
   2269.000      -7.452408       14.26592    
   2274.000      -7.326086       14.21798    
   2279.000      -7.205849       14.17040    
   2284.000      -7.090949       14.12316    
   2289.000      -6.980767       14.07626    
   2294.000      -6.874823       14.02971    
   2299.000      -6.772699       13.98349    
   2300.000      -6.752705       13.97428    
   2304.000      -6.674066       13.93760    
   2309.000      -6.578626       13.89205    
   2314.000      -6.486140       13.84682    
   2400.000      -5.214372       13.11722    
   2500.000      -4.190253       12.37107    
   2600.000      -3.305802       11.68135    
   2700.000      -2.657175       11.04028    
   2800.000      -2.171067       10.45848    
   2900.000      -1.715324       9.926167    
   3000.000      -1.383330       9.421013    
   3100.000      -1.109393       8.954660    
   3200.000     -0.8823455       8.522561    
   3300.000     -0.6933858       8.121390    
   3400.000     -0.5357112       7.748220    
   3500.000     -0.4039753       7.400467    
   3600.000     -0.2939130       7.075841    
   3700.000     -0.2020820       6.772309    
   3800.000     -0.1256744       6.488060    
   3900.000     -6.5153986E-02   6.221552    
   4000.000     -1.3187605E-02   5.971581    
   4100.000      2.6857736E-02   5.736811    
   4200.000      6.0998291E-02   5.515839    
   4300.000      8.8103548E-02   5.307552    
   4400.000      0.1091301       5.110983    
   4500.000      0.1236824       4.925358    
   4600.000      0.1348378       4.749833    
   4700.000      0.1420377       4.583640    
   4800.000      0.1457961       4.426118    
   4900.000      0.1465570       4.276668    
   5000.000      0.1447042       4.134740    
   5100.000      0.1359398       3.999896    
   5200.000      0.1298024       3.871681    
   5300.000      0.1191692       3.749634    
   5400.000      0.1097932       3.633372    
   5500.000      9.9107154E-02   3.522491    
   5600.000      8.7278970E-02   3.416659    
   5700.000      7.4456118E-02   3.315571    
   5800.000      6.0768023E-02   3.218945    
   5900.000      4.6328600E-02   3.126517    
   6000.000      3.1237872E-02   3.038047    
   6100.000      1.5583900E-02   2.953307    
   6200.000     -5.5579515E-04   2.872090    
   6300.000     -1.7113052E-02   2.794199    
   6400.000     -3.4027647E-02   2.719455    
   6500.000     -5.1246800E-02   2.647687    
   6600.000     -6.8723977E-02   2.578739    
   6700.000     -8.6415790E-02   2.512463    
   6800.000     -0.1052747       2.448740    
   6900.000     -0.1233033       2.387424    
   7000.000     -0.1414545       2.328393    
   7100.000     -0.1597044       2.271533    
   7200.000     -0.1780326       2.216738    
   7300.000     -0.1964216       2.163908    
   7400.000     -0.2148563       2.112949    
   7500.000     -0.2333241       2.063774    
   7600.000     -0.2518146       2.016299    
   7700.000     -0.2703196       1.970446    
   7800.000     -0.2888326       1.926141    
   7900.000     -0.3073487       1.883315    
   8000.000     -0.3258653       1.841902    
   8100.000     -0.3443815       1.801840    
   8200.000     -0.3628979       1.763071    
   8300.000     -0.3814181       1.725539    
   8400.000     -0.3999223       1.689192    
   8500.000     -0.4225060       1.654115    
   8600.000     -0.4410636       1.620128    
   8700.000     -0.4621149       1.587183    
   8800.000     -0.4808539       1.555315    
   8900.000     -0.4998965       1.524400    
   9000.000     -0.5181621       1.494584    
   9100.000     -0.5364274       1.465650    
   9200.000     -0.5546616       1.437563    
   9300.000     -0.5728830       1.410288    
   9400.000     -0.5910972       1.383796    
   9500.000     -0.6093118       1.358055    
   9600.000     -0.6275780       1.333037    
   9700.000     -0.6461361       1.308726    
   9800.000     -0.6644326       1.285088    
   9900.000     -0.6827564       1.262097    
   10000.00     -0.7011169       1.239729    
   10100.00     -0.7195230       1.217962    
   10200.00     -0.7379839       1.196774    
   10300.00     -0.7565102       1.176144    
   10400.00     -0.7751117       1.156054    
   10500.00     -0.7937996       1.136483    
   10600.00     -0.8125854       1.117413    
   10700.00     -0.8314805       1.098829    
   10800.00     -0.8504980       1.080712    
   10900.00     -0.8696508       1.063048    
   11000.00     -0.8889529       1.045821    
   11100.00     -0.9084187       1.029016    
   11200.00     -0.9280635       1.012620    
   11300.00     -0.9479036      0.9966189    
   11400.00     -0.9679558      0.9810007    
   11500.00     -0.9882386      0.9657526    
   11600.00      -1.008771      0.9508630    
   11700.00      -1.029573      0.9363207    
   11800.00      -1.050666      0.9221147    
   11900.00      -1.072074      0.9082345    
   12000.00      -1.093820      0.8946702    
   12100.00      -1.115932      0.8814120    
   12200.00      -1.138437      0.8684509    
   12300.00      -1.161366      0.8557776    
   12400.00      -1.184751      0.8433839    
   12500.00      -1.208627      0.8312613    
   12600.00      -1.233032      0.8194018    
   12700.00      -1.258008      0.8077980    
   12800.00      -1.283599      0.7964422    
   12900.00      -1.309855      0.7853275    
   13000.00      -1.336829      0.7744468    
   13100.00      -1.364580      0.7637938    
   13200.00      -1.393172      0.7533619    
   13300.00      -1.422678      0.7431449    
   13400.00      -1.453176      0.7331371    
   13500.00      -1.484756      0.7233325    
   13600.00      -1.517517      0.7137257    
   13700.00      -1.551569      0.7043114    
   13800.00      -1.587039      0.6950842    
   13900.00      -1.624070      0.6860393    
   14000.00      -1.662824      0.6771718    
   14100.00      -1.703489      0.6684770    
   14200.00      -1.746281      0.6599506    
   14300.00      -1.791454      0.6515879    
   14400.00      -1.839302      0.6433849    
   14500.00      -1.890178      0.6353375    
   14600.00      -1.944503      0.6274416    
   14700.00      -2.002784      0.6196935    
   14800.00      -2.065649      0.6120895    
   14900.00      -2.133874      0.6046259    
   15000.00      -2.208444      0.5972993    
   15100.00      -2.290630      0.5901062    
   15200.00      -2.382111      0.5830436    
   15300.00      -2.485174      0.5761082    
   15400.00      -2.603031      0.5692968    
   15500.00      -2.740410      0.5626065    
   15600.00      -2.904659      0.5560344    
   15700.00      -3.108120      0.5495779    
   15800.00      -3.373945      0.5432340    
   15900.00      -3.753898      0.5370002    
   16000.00      -4.410354      0.5308739    
   16007.00      -4.479045      0.5304490    
   16012.00      -4.531285      0.5301459    
   16017.00      -4.586534      0.5298429    
   16022.00      -4.645102      0.5295403    
   16027.00      -4.707454      0.5292379    
   16032.00      -4.774046      0.5289358    
   16037.00      -4.845540      0.5286338    
   16042.00      -4.922634      0.5283323    
   16047.00      -5.006327      0.5280309    
   16052.00      -5.097755      0.5277299    
   16057.00      -5.198505      0.5274290    
   16062.00      -5.310699      0.5271285    
   16067.00      -5.437111      0.5268282    
   16072.00      -5.581929      0.5265281    
   16077.00      -5.751185      0.5262283    
   16082.00      -5.954867      0.5259287    
   16087.00      -6.210147      0.5256295    
   16092.00      -6.552091      0.5253305    
   16097.00      -7.070779      0.5250317    
   16100.00      -7.586882      0.5248526    
   16102.00      -8.173613      0.5247332    
   16107.00      -8.266174       3.774017    
   16112.00      -7.097009       3.771629    
   16117.00      -6.559167       3.769244    
   16122.00      -6.205417       3.766863    
   16127.00      -5.940930       3.764484    
   16132.00      -5.729575       3.762109    
   16137.00      -5.553379       3.759738    
   16142.00      -5.402168       3.757369    
   16147.00      -5.269768       3.755004    
   16152.00      -5.151892       3.752641    
   16157.00      -5.045712       3.750282    
   16162.00      -4.949024       3.747926    
   16167.00      -4.860315       3.745573    
   16172.00      -4.778294       3.743223    
   16177.00      -4.702066       3.740877    
   16182.00      -4.630832       3.738534    
   16187.00      -4.563945       3.736194    
   16192.00      -4.500943       3.733857    
   16197.00      -4.441350       3.731523    
   16200.00      -4.407094       3.730124    
   16202.00      -4.384851       3.729192    
   16300.00      -3.631526       3.684135    
   16400.00      -3.178024       3.639356    
   16500.00      -2.855579       3.595745    
   16600.00      -2.605327       3.553265    
   16700.00      -2.401121       3.511878    
   16800.00      -2.228993       3.471549    
   16900.00      -2.080404       3.432242    
   17000.00      -1.950374       3.393926    
   17100.00      -1.834734       3.356569    
   17200.00      -1.731068       3.320140    
   17300.00      -1.637132       3.284612    
   17400.00      -1.551522       3.249954    
   17500.00      -1.473046       3.216141    
   17600.00      -1.400748       3.183147    
   17700.00      -1.333853       3.150947    
   17800.00      -1.271723       3.119518    
   17900.00      -1.213821       3.088836    
   18000.00      -1.159698       3.058879    
   18100.00      -1.108971       3.029625    
   18200.00      -1.061309       3.001055    
   18300.00      -1.016428       2.973150    
   18400.00     -0.9740756       2.945888    
   18500.00     -0.9340345       2.919253    
   18600.00     -0.8961112       2.893227    
   18700.00     -0.8601340       2.867792    
   18800.00     -0.8259505       2.842933    
   18900.00     -0.7934222       2.818633    
   19000.00     -0.7624263       2.794878    
   19100.00     -0.7328514       2.771652    
   19200.00     -0.7045966       2.748940    
   19300.00     -0.6775706       2.726731    
   19400.00     -0.6516885       2.705010    
   19500.00     -0.6268744       2.683764    
   19600.00     -0.6030580       2.662981    
   19700.00     -0.5801749       2.642649    
   19800.00     -0.5581660       2.622756    
   19900.00     -0.5369754       2.603292    
   20000.00     -0.5165528       2.584245    
   20100.00     -0.4968510       2.565605    
   20200.00     -0.4778262       2.547362    
   20300.00     -0.4594379       2.529505    
   20400.00     -0.4416473       2.512027    
   20500.00     -0.4244193       2.494916    
   20600.00     -0.4077205       2.478165    
   20700.00     -0.3915198       2.461764    
   20800.00     -0.3757883       2.445707    
   20900.00     -0.3605016       2.429983    
   21000.00     -0.2663905       2.412146    
   21100.00     -0.2504525       2.393186    
   21200.00     -0.2350200       2.374445    
   21300.00     -0.2200744       2.355921    
   21400.00     -0.2055963       2.337609    
   21500.00     -0.1915677       2.319507    
   21600.00     -0.1779716       2.301612    
   21700.00     -0.1647916       2.283919    
   21800.00     -0.1520125       2.266428    
   21900.00     -0.1396190       2.249133    
   22000.00     -0.1275973       2.232032    
   22100.00     -0.1159343       2.215122    
   22200.00     -0.1046171       2.198401    
   22300.00     -9.3633927E-02   2.181866    
   22400.00     -8.2972787E-02   2.165514    
   22500.00     -7.2622880E-02   2.149341    
   22600.00     -6.2573701E-02   2.133346    
   22700.00     -5.2815195E-02   2.117525    
   22800.00     -4.3337937E-02   2.101878    
   22900.00     -3.4132373E-02   2.086399    
   23000.00     -2.5189880E-02   2.071088    
   23100.00     -1.6502030E-02   2.055942    
   23200.00     -8.0607412E-03   2.040959    
   23300.00      1.4158151E-04   2.026136    
   23400.00      8.1126830E-03   2.011470    
   23500.00      1.5859541E-02   1.996960    
   23600.00      2.3389006E-02   1.982604    
   23700.00      3.0707661E-02   1.968399    
   23800.00      3.7821699E-02   1.954343    
   23900.00      4.4737469E-02   1.940434    
   24000.00      5.1460695E-02   1.926670    
   24100.00      5.7996999E-02   1.913049    
   24200.00      6.4351805E-02   1.899569    
   24300.00      7.0530213E-02   1.886229    
   24400.00      7.6537497E-02   1.873025    
   24500.00      8.2378365E-02   1.859956    
   24600.00      8.8057503E-02   1.847021    
   24700.00      9.3579404E-02   1.834217    
   24800.00      9.8948322E-02   1.821543    
   24900.00      0.1041686       1.808998    
