  Element 65: Tb      Atomic mass:  158.9254

  Edge          keV         A
    K        51.9957    0.2385
    L-I       8.7080    1.4238
    L-II      8.2516    1.5025
    L-III     7.5140    1.6500
    M1        1.9675    6.3016
    M2        1.7677    7.0139
    M3        1.6113    7.6947
    M4        1.2750    9.7243
    M5        1.2412    9.9891

Scattering factors as a function of energy: 

   1000.000      -32.23664       8.614807    
   1100.000      -35.58653       7.992572    
   1144.000      -38.67718       7.736035    
   1149.000      -39.18267       7.707601    
   1154.000      -39.73918       7.679298    
   1159.000      -40.35605       7.651128    
   1164.000      -41.04504       7.623090    
   1169.000      -41.82110       7.595183    
   1174.000      -42.70355       7.567406    
   1178.000      -43.50282       7.545279    
   1179.000      -43.71764       7.539760    
   1183.000      -44.64589       7.517735    
   1184.000      -44.89696       7.512242    
   1188.000      -45.98941       7.490320    
   1189.000      -46.28700       7.484852    
   1193.000      -47.59225       7.463033    
   1194.000      -47.95071       7.457591    
   1198.000      -49.53749       7.435874    
   1199.000      -49.97739       7.430457    
   1200.000      -50.43684       7.425045    
   1203.000      -51.94586       7.408841    
   1204.000      -52.49767       7.403450    
   1208.000      -54.99914       7.381935    
   1209.000      -55.70982       7.376568    
   1213.000      -58.98378       7.355154    
   1214.000      -59.92950       7.349813    
   1218.000      -64.37843       7.328497    
   1219.000      -65.69221       7.323182    
   1223.000      -72.05323       7.301966    
   1224.000      -73.99128       7.296675    
   1228.000      -83.79952       7.275558    
   1229.000      -86.94106       7.270292    
   1233.000      -104.1869       7.249273    
   1234.000      -110.2885       7.244031    
   1238.000      -152.1730       7.223111    
   1239.000      -173.1365       7.217894    
   1243.000      -173.1205       196.7103    
   1244.000      -140.2087       187.9452    
   1248.000      -76.86234       157.1650    
   1249.000      -68.18286       150.4252    
   1253.000      -46.09136       126.6836    
   1254.000      -42.75248       121.4680    
   1258.000      -35.13445       103.0389    
   1259.000      -34.41087       98.97730    
   1263.000      -35.56974       84.58238    
   1264.000      -36.88774       81.39950    
   1268.000      -47.44881       70.08674    
   1269.000      -51.95969       67.57748    
   1273.000      -90.20020       58.63270    
   1274.000      -117.0497       56.64260    
   1278.000      -60.47062       169.3291    
   1279.000      -46.15661       162.3489    
   1283.000      -13.94417       137.6604    
   1284.000      -9.135693       132.2121    
   1288.000       3.673285       112.8836    
   1289.000       5.754123       108.6046    
   1293.000       11.26777       93.37902    
   1294.000       12.11447       89.99790    
   1298.000       14.06325       77.93172    
   1299.000       14.27004       75.24401    
   1300.000       14.38962       72.67537    
   1303.000       14.31555       65.62469    
   1304.000       14.17528       63.47558    
   1308.000       13.18537       55.76208    
   1309.000       12.85489       54.03369    
   1313.000       11.30914       47.81290    
   1314.000       10.88038       46.41496    
   1318.000       9.059786       41.36976    
   1319.000       8.586296       40.23279    
   1323.000       6.656829       36.11844    
   1324.000       6.170325       35.18867    
   1328.000       4.230065       31.81529    
   1329.000       3.749160       31.05091    
   1333.000       1.854940       28.27044    
   1334.000       1.390211       27.63874    
   1338.000     -0.4271032       25.33509    
   1339.000     -0.8696786       24.81045    
   1343.000      -2.593450       22.89232    
   1348.000      -4.637059       20.84944    
   1353.000      -6.557069       19.13288    
   1358.000      -8.357694       17.68389    
   1363.000      -10.04582       16.45536    
   1368.000      -11.62971       15.40933    
   1373.000      -13.11821       14.51512    
   1400.000      -19.87106       11.43613    
   1500.000      -38.94803       9.267403    
   1514.000      -42.13458       9.505905    
   1519.000      -43.36892       9.627081    
   1524.000      -44.66371       9.769911    
   1529.000      -46.02593       9.936548    
   1534.000      -47.46328       10.12953    
   1539.000      -48.98431       10.35180    
   1544.000      -50.59856       10.60685    
   1549.000      -52.31672       10.89869    
   1554.000      -54.15083       11.23203    
   1559.000      -56.11457       11.61235    
   1564.000      -58.22356       12.04603    
   1569.000      -60.49580       12.54053    
   1574.000      -62.95230       13.10455    
   1579.000      -65.61803       13.74826    
   1584.000      -68.52340       14.48358    
   1589.000      -71.70710       15.32449    
   1594.000      -75.22839       16.28745    
   1599.000      -79.15781       17.39178    
   1600.000      -80.00536       17.63156    
   1604.000      -83.67252       18.66025    
   1609.000      -89.46826       20.11978    
   1614.000      -43.40019       26.20994    
   1619.000      -42.92393       26.41713    
   1624.000      -43.35313       26.67028    
   1629.000      -44.14437       26.97616    
   1634.000      -45.18552       27.34269    
   1639.000      -46.44233       27.77919    
   1644.000      -47.90733       28.29660    
   1649.000      -49.58609       28.90786    
   1654.000      -51.49220       29.62823    
   1659.000      -19.31335       30.16069    
   1664.000      -19.07904       30.01334    
   1669.000      -18.86251       29.86762    
   1670.000      -18.82114       29.83867    
   1674.000      -18.66157       29.72349    
   1675.000      -18.62309       29.69485    
   1679.000      -18.47454       29.58093    
   1680.000      -18.43869       29.55261    
   1684.000      -18.30017       29.43992    
   1685.000      -18.26672       29.41191    
   1689.000      -18.13749       29.30044    
   1690.000      -18.10629       29.27272    
   1694.000      -17.98581       29.16246    
   1695.000      -17.95674       29.13504    
   1699.000      -17.84464       29.02596    
   1700.000      -17.81764       28.99884    
   1704.000      -17.71371       28.89092    
   1705.000      -17.68875       28.86408    
   1709.000      -17.59295       28.75732    
   1710.000      -17.57002       28.73077    
   1715.000      -17.46165       28.59886    
   1720.000      -17.36409       28.46835    
   1725.000      -17.27815       28.33921    
   1730.000      -17.20513       28.21142    
   1735.000      -17.14707       28.08497    
   1740.000      -17.10721       27.95983    
   1745.000      -17.09099       27.83599    
   1750.000      -17.10813       27.71344    
   1755.000      -17.17850       27.59215    
   1760.000      -17.35330       27.47210    
   1765.000      -17.86131       27.35329    
   1770.000      -17.83344       29.13765    
   1775.000      -17.00947       29.00499    
   1780.000      -16.57787       28.87397    
   1785.000      -16.26155       28.74457    
   1790.000      -16.00292       28.61676    
   1795.000      -15.77982       28.49052    
   1800.000      -15.58130       28.36582    
   1805.000      -15.40112       28.24263    
   1810.000      -15.23534       28.12095    
   1815.000      -15.08133       28.00073    
   1820.000      -14.93724       27.88197    
   1825.000      -14.80170       27.76464    
   1830.000      -14.67368       27.64871    
   1835.000      -14.55238       27.53418    
   1840.000      -14.43717       27.42101    
   1845.000      -14.32755       27.30920    
   1850.000      -14.22311       27.19872    
   1855.000      -14.12360       27.08955    
   1860.000      -14.02852       26.98168    
   1865.000      -13.93788       26.87509    
   1870.000      -13.85145       26.76976    
   1875.000      -13.76910       26.66569    
   1880.000      -13.69074       26.56284    
   1885.000      -13.61634       26.46120    
   1890.000      -13.54589       26.36077    
   1895.000      -13.47943       26.26153    
   1900.000      -13.41706       26.16346    
   1905.000      -13.35893       26.06654    
   1910.000      -13.30528       25.97078    
   1915.000      -13.25645       25.87614    
   1920.000      -13.21291       25.78262    
   1925.000      -13.17534       25.69021    
   1930.000      -13.14469       25.59890    
   1935.000      -13.12240       25.50867    
   1940.000      -13.11063       25.41951    
   1945.000      -13.11294       25.33141    
   1950.000      -13.13564       25.24436    
   1955.000      -13.19160       25.15836    
   1960.000      -13.31422       25.07338    
   1965.000      -13.65874       24.98942    
   1970.000      -13.59116       26.08951    
   1975.000      -13.11067       26.00482    
   1980.000      -12.85367       25.92115    
   1985.000      -12.66396       25.83851    
   1990.000      -12.50776       25.75688    
   1995.000      -12.37196       25.67626    
   2000.000      -12.25005       25.59663    
   2005.000      -12.13834       25.51798    
   2010.000      -12.03452       25.44032    
   2015.000      -11.93700       25.36363    
   2020.000      -11.84471       25.28790    
   2025.000      -11.75683       25.21312    
   2030.000      -11.67276       25.13930    
   2035.000      -11.59201       25.06641    
   2040.000      -11.51421       24.99445    
   2045.000      -11.43906       24.92342    
   2050.000      -11.36629       24.85332    
   2055.000      -11.29568       24.78412    
   2060.000      -11.22707       24.71583    
   2065.000      -11.16029       24.64844    
   2100.000      -10.17865       24.18727    
   2200.000      -9.097403       22.81275    
   2300.000      -7.947489       21.64102    
   2400.000      -7.218107       20.47893    
   2500.000      -6.475706       19.41948    
   2600.000      -5.841021       18.40928    
   2700.000      -5.430709       17.45797    
   2800.000      -5.220504       16.58020    
   2900.000      -4.949355       15.76996    
   3000.000      -4.733973       15.01693    
   3100.000      -4.558187       14.32644    
   3200.000      -4.417560       13.68402    
   3300.000      -4.309666       13.08555    
   3400.000      -4.225106       12.52698    
   3500.000      -4.162294       12.00466    
   3600.000      -4.122875       11.51589    
   3700.000      -4.095740       11.05774    
   3800.000      -4.082771       10.62746    
   3900.000      -4.082260       10.22275    
   4000.000      -4.095654       9.841827    
   4100.000      -4.116199       9.482756    
   4200.000      -4.145546       9.143739    
   4300.000      -4.183176       8.823269    
   4400.000      -4.227802       8.519981    
   4500.000      -4.279178       8.232632    
   4600.000      -4.336861       7.960088    
   4700.000      -4.400507       7.701324    
   4800.000      -4.469860       7.455396    
   4900.000      -4.544743       7.221449    
   5000.000      -4.625057       6.998694    
   5100.000      -4.710775       6.786409    
   5200.000      -4.801943       6.583929    
   5300.000      -4.898675       6.390643    
   5400.000      -5.010180       6.206102    
   5500.000      -5.118680       6.029963    
   5600.000      -5.239915       5.861697    
   5700.000      -5.361587       5.700675    
   5800.000      -5.490667       5.546395    
   5900.000      -5.631094       5.398540    
   6000.000      -5.777335       5.256710    
   6100.000      -5.933677       5.120553    
   6200.000      -6.101476       4.989765    
   6300.000      -6.282425       4.864055    
   6400.000      -6.478666       4.743159    
   6500.000      -6.692951       4.626827    
   6600.000      -6.928895       4.514825    
   6700.000      -7.191360       4.406935    
   6800.000      -7.487113       4.302953    
   6900.000      -7.825961       4.202687    
   7000.000      -8.233658       4.106040    
   7100.000      -8.713602       4.013139    
   7200.000      -9.322188       3.923439    
   7300.000      -10.15926       3.836790    
   7400.000      -11.52484       3.753052    
   7417.000      -11.87447       3.739097    
   7422.000      -11.98907       3.735008    
   7427.000      -12.11010       3.730925    
   7432.000      -12.23832       3.726849    
   7437.000      -12.37463       3.722781    
   7442.000      -12.52016       3.718719    
   7447.000      -12.67622       3.714663    
   7452.000      -12.84447       3.710615    
   7457.000      -13.02695       3.706573    
   7462.000      -13.22632       3.702539    
   7467.000      -13.44603       3.698510    
   7472.000      -13.69254       3.694489    
   7477.000      -13.96878       3.690477    
   7482.000      -14.28511       3.686471    
   7487.000      -14.65574       3.682472    
   7492.000      -15.10309       3.678480    
   7497.000      -15.66713       3.674494    
   7500.000      -16.09239       3.672106    
   7502.000      -16.43033       3.670515    
   7507.000      -17.61389       3.666543    
   7512.000      -20.37206       3.662577    
   7517.000      -19.48834       10.61232    
   7522.000      -17.30342       10.59584    
   7527.000      -16.21862       10.57942    
   7532.000      -15.49027       10.56307    
   7537.000      -14.94111       10.54679    
   7542.000      -14.50025       10.53056    
   7547.000      -14.13198       10.51441    
   7552.000      -13.81590       10.49831    
   7557.000      -13.53914       10.48228    
   7562.000      -13.29315       10.46631    
   7567.000      -13.07183       10.45041    
   7572.000      -12.87080       10.43456    
   7577.000      -12.68674       10.41878    
   7582.000      -12.51712       10.40306    
   7587.000      -12.35989       10.38740    
   7592.000      -12.21345       10.37181    
   7597.000      -12.07649       10.35627    
   7600.000      -11.99841       10.34698    
   7602.000      -11.94792       10.34079    
   7607.000      -11.82686       10.32538    
   7612.000      -11.71251       10.31003    
   7700.000      -10.37404       10.04945    
   7800.000      -9.585491       9.774179    
   7900.000      -9.172639       9.519031    
   8000.000      -9.027912       9.282310    
   8100.000      -9.183042       9.062511    
   8154.000      -9.483027       8.950377    
   8159.000      -9.524736       8.940217    
   8164.000      -9.569796       8.930096    
   8169.000      -9.618595       8.920010    
   8174.000      -9.671573       8.909961    
   8179.000      -9.729262       8.899948    
   8184.000      -9.792316       8.889972    
   8189.000      -9.861536       8.880032    
   8194.000      -9.937924       8.870129    
   8199.000      -10.02276       8.860261    
   8200.000      -10.04087       8.858293    
   8204.000      -10.11770       8.850430    
   8209.000      -10.22496       8.840635    
   8214.000      -10.34761       8.830875    
   8219.000      -10.49003       8.821152    
   8224.000      -10.65876       8.811462    
   8229.000      -10.86436       8.801808    
   8234.000      -11.12535       8.792190    
   8239.000      -11.47920       8.782606    
   8244.000      -12.02209       8.773057    
   8249.000      -13.19040       8.763545    
   8254.000      -13.27580       12.23302    
   8259.000      -12.00980       12.21754    
   8264.000      -11.42146       12.20213    
   8269.000      -11.03084       12.18679    
   8274.000      -10.73652       12.17154    
   8279.000      -10.49951       12.15636    
   8284.000      -10.30059       12.14126    
   8289.000      -10.12894       12.12624    
   8294.000      -9.977703       12.11129    
   8299.000      -9.842427       12.09642    
   8300.000      -9.816982       12.09345    
   8304.000      -9.719963       12.08162    
   8309.000      -9.608027       12.06690    
   8314.000      -9.504905       12.05225    
   8319.000      -9.409282       12.03767    
   8324.000      -9.320121       12.02317    
   8329.000      -9.236596       12.00874    
   8334.000      -9.158049       11.99439    
   8339.000      -9.083895       11.98011    
   8344.000      -9.013689       11.96590    
   8349.000      -8.947042       11.95176    
   8400.000      -8.413241       11.81158    
   8500.000      -7.802418       11.55706    
   8600.000      -7.573409       11.32769    
   8611.000      -7.575603       11.30391    
   8616.000      -7.579289       11.29319    
   8621.000      -7.584866       11.28253    
   8626.000      -7.592519       11.27192    
   8631.000      -7.602468       11.26137    
   8636.000      -7.614988       11.25088    
   8641.000      -7.630405       11.24044    
   8646.000      -7.649129       11.23005    
   8651.000      -7.671675       11.21973    
   8656.000      -7.698746       11.20946    
   8661.000      -7.730957       11.19924    
   8666.000      -7.769801       11.18908    
   8671.000      -7.816683       11.17897    
   8676.000      -7.873926       11.16892    
   8681.000      -7.944989       11.15892    
   8686.000      -8.035485       11.14897    
   8691.000      -8.155427       11.13908    
   8696.000      -8.325490       11.12925    
   8700.000      -8.531673       11.12142    
   8701.000      -8.601035       11.11946    
   8706.000      -9.271164       11.10973    
   8711.000      -9.028260       12.84022    
   8716.000      -8.462471       12.82925    
   8721.000      -8.171544       12.81835    
   8726.000      -7.969694       12.80752    
   8731.000      -7.812645       12.79677    
   8736.000      -7.682690       12.78610    
   8741.000      -7.570936       12.77549    
   8746.000      -7.472277       12.76496    
   8751.000      -7.383508       12.75450    
   8756.000      -7.302499       12.74412    
   8761.000      -7.227710       12.73381    
   8766.000      -7.158059       12.72357    
   8771.000      -7.092717       12.71340    
   8776.000      -7.031045       12.70330    
   8781.000      -6.972540       12.69327    
   8786.000      -6.916798       12.68332    
   8791.000      -6.863489       12.67343    
   8796.000      -6.812350       12.66362    
   8800.000      -6.772828       12.65582    
   8801.000      -6.763135       12.65388    
   8806.000      -6.715662       12.64420    
   8900.000      -6.016796       12.47506    
   9000.000      -5.478004       12.26952    
   9100.000      -5.044044       12.07605    
   9200.000      -4.629003       11.88642    
   9300.000      -4.289677       11.69717    
   9400.000      -3.986380       11.51125    
   9500.000      -3.712269       11.32859    
   9600.000      -3.462542       11.14910    
   9700.000      -3.233650       10.97272    
   9800.000      -3.027702       10.79953    
   9900.000      -2.833297       10.62970    
   10000.00      -2.653020       10.46285    
   10100.00      -2.485430       10.29891    
   10200.00      -2.329315       10.13782    
   10300.00      -2.183643       9.979506    
   10400.00      -2.047531       9.823920    
   10500.00      -1.920211       9.671001    
   10600.00      -1.801016       9.520696    
   10700.00      -1.689359       9.372952    
   10800.00      -1.619090       9.230059    
   10900.00      -1.522141       9.090639    
   11000.00      -1.431069       8.953783    
   11100.00      -1.345495       8.819430    
   11200.00      -1.265077       8.687523    
   11300.00      -1.189503       8.558002    
   11400.00      -1.192149       8.435998    
   11500.00      -1.127822       8.317890    
   11600.00      -1.067290       8.202314    
   11700.00      -1.009956       8.089198    
   11800.00     -0.9557931       7.978467    
   11900.00     -0.9046072       7.870057    
   12000.00     -0.8562196       7.763899    
   12100.00     -0.8104659       7.659930    
   12200.00     -0.7671942       7.558091    
   12300.00     -0.7262622       7.458321    
   12400.00     -0.6875393       7.360564    
   12500.00     -0.6509027       7.264764    
   12600.00     -0.6162390       7.170868    
   12700.00     -0.5834422       7.078827    
   12800.00     -0.5524126       6.988590    
   12900.00     -0.5230579       6.900109    
   13000.00     -0.4952910       6.813337    
   13100.00     -0.4690306       6.728230    
   13200.00     -0.4442007       6.644746    
   13300.00     -0.4207290       6.562841    
   13400.00     -0.3985487       6.482477    
   13500.00     -0.3775958       6.403612    
   13600.00     -0.3578108       6.326210    
   13700.00     -0.3391376       6.250235    
   13800.00     -0.3215229       6.175649    
   13900.00     -0.3049167       6.102420    
   14000.00     -0.2892715       6.030514    
   14100.00     -0.2745426       5.959897    
   14200.00     -0.2606879       5.890541    
   14300.00     -0.2476669       5.822412    
   14400.00     -0.2354421       5.755483    
   14500.00     -0.2239771       5.689725    
   14600.00     -0.2132381       5.625110    
   14700.00     -0.2031927       5.561611    
   14800.00     -0.1938101       5.499202    
   14900.00     -0.1850612       5.437859    
   15000.00     -0.1769181       5.377555    
   15100.00     -0.1708044       5.318306    
   15200.00     -0.1638017       5.260066    
   15300.00     -0.1573279       5.202796    
   15400.00     -0.1513605       5.146475    
   15500.00     -0.1458778       5.091082    
   15600.00     -0.1408594       5.036595    
   15700.00     -0.1362856       4.982996    
   15800.00     -0.1321377       4.930264    
   15900.00     -0.1283979       4.878380    
   16000.00     -0.1250492       4.827326    
   16100.00     -0.1220754       4.777083    
   16200.00     -0.1194608       4.727636    
   16300.00     -0.1171909       4.678967    
   16400.00     -0.1152513       4.631058    
   16500.00     -0.1136286       4.583894    
   16600.00     -0.1135612       4.537499    
   16700.00     -0.1125395       4.491820    
   16800.00     -0.1117965       4.446841    
   16900.00     -0.1113207       4.402546    
   17000.00     -0.1111015       4.358922    
   17100.00     -0.1111283       4.315954    
   17200.00     -0.1113915       4.273630    
   17300.00     -0.1118813       4.231937    
   17400.00     -0.1125889       4.190861    
   17500.00     -0.1148580       4.150426    
   17600.00     -0.1159875       4.110592    
   17700.00     -0.1173087       4.071341    
   17800.00     -0.1188395       4.032660    
   17900.00     -0.1205209       3.994537    
   18000.00     -0.1223717       3.956964    
   18100.00     -0.1243851       3.919927    
   18200.00     -0.1265547       3.883418    
   18300.00     -0.1288743       3.847427    
   18400.00     -0.1313378       3.811943    
   18500.00     -0.1339396       3.776956    
   18600.00     -0.1366741       3.742457    
   18700.00     -0.1395360       3.708438    
   18800.00     -0.1425202       3.674889    
   18900.00     -0.1456219       3.641800    
   19000.00     -0.1488364       3.609164    
   19100.00     -0.1521591       3.576973    
   19200.00     -0.1555858       3.545218    
   19300.00     -0.1591122       3.513891    
   19400.00     -0.1627344       3.482985    
   19500.00     -0.1664485       3.452491    
   19600.00     -0.1702508       3.422402    
   19700.00     -0.1741378       3.392711    
   19800.00     -0.1781060       3.363412    
   19900.00     -0.1821522       3.334497    
   20000.00     -0.1862732       3.305958    
   20100.00     -0.1904660       3.277791    
   20200.00     -0.1947276       3.249987    
   20300.00     -0.1990552       3.222541    
   20400.00     -0.2034461       3.195446    
   20500.00     -0.2078978       3.168698    
   20600.00     -0.2124077       3.142288    
   20700.00     -0.2169734       3.116212    
   20800.00     -0.2215925       3.090465    
   20900.00     -0.2262630       3.065039    
   21000.00     -0.2309826       3.039931    
   21100.00     -0.2357493       3.015134    
   21200.00     -0.2405611       2.990643    
   21300.00     -0.2454159       2.966455    
   21400.00     -0.2503121       2.942562    
   21500.00     -0.2552480       2.918961    
   21600.00     -0.2602217       2.895646    
   21700.00     -0.2652316       2.872613    
   21800.00     -0.2702762       2.849858    
   21900.00     -0.2753540       2.827375    
   22000.00     -0.2804635       2.805161    
   22100.00     -0.2856033       2.783211    
   22200.00     -0.2907722       2.761521    
   22300.00     -0.2959686       2.740087    
   22400.00     -0.3011916       2.718904    
   22500.00     -0.3064398       2.697969    
   22600.00     -0.3117122       2.677278    
   22700.00     -0.3170077       2.656827    
   22800.00     -0.3223250       2.636612    
   22900.00     -0.3276633       2.616629    
   23000.00     -0.3330217       2.596876    
   23100.00     -0.3383992       2.577347    
   23200.00     -0.3437949       2.558041    
   23300.00     -0.3492078       2.538954    
   23400.00     -0.3546373       2.520081    
   23500.00     -0.3600826       2.501420    
   23600.00     -0.3655429       2.482968    
   23700.00     -0.3710174       2.464722    
   23800.00     -0.3765055       2.446678    
   23900.00     -0.3820066       2.428833    
   24000.00     -0.3875201       2.411185    
   24100.00     -0.3930453       2.393731    
   24200.00     -0.3985818       2.376467    
   24300.00     -0.4041288       2.359392    
   24400.00     -0.4096861       2.342501    
   24500.00     -0.4152530       2.325793    
   24600.00     -0.4208292       2.309264    
   24700.00     -0.4264143       2.292913    
   24800.00     -0.4320077       2.276736    
   24900.00     -0.4376093       2.260732    
