  Element 43: Tc      Atomic mass:   98.0000

  Edge          keV         A
    K        21.0440    0.5892
    L-I       3.0425    4.0751
    L-II      2.7932    4.4388
    L-III     2.6769    4.6316

Scattering factors as a function of energy: 

   1000.000      -6.733704       11.91842    
   1100.000      -6.343284       10.58315    
   1200.000      -6.124069       9.467503    
   1300.000      -6.025888       8.523942    
   1400.000      -6.015927       7.717590    
   1500.000      -6.075582       7.022106    
   1600.000      -6.193362       6.417406    
   1700.000      -7.541361       5.887888    
   1800.000      -6.640210       5.427460    
   1900.000      -6.915162       5.022734    
   2000.000      -7.248951       4.662992    
   2100.000      -7.655157       4.341607    
   2200.000      -8.165584       4.053257    
   2300.000      -8.805484       3.794306    
   2400.000      -9.664134       3.560071    
   2500.000      -10.93201       3.347424    
   2579.000      -12.60726       3.192944    
   2584.000      -12.75472       3.183538    
   2589.000      -12.91009       3.174174    
   2594.000      -13.07428       3.164852    
   2599.000      -13.24834       3.155573    
   2600.000      -13.28444       3.153722    
   2604.000      -13.43357       3.146335    
   2609.000      -13.63150       3.137139    
   2614.000      -13.84404       3.127984    
   2619.000      -14.07355       3.118870    
   2624.000      -14.32306       3.109796    
   2629.000      -14.59645       3.100764    
   2634.000      -14.89892       3.091771    
   2639.000      -15.23759       3.082818    
   2644.000      -15.62263       3.073905    
   2649.000      -16.06919       3.065032    
   2654.000      -16.60158       3.056197    
   2659.000      -17.26210       3.047403    
   2664.000      -18.13554       3.038646    
   2669.000      -19.43520       3.029928    
   2674.000      -22.07525       3.021249    
   2679.000      -22.94147       11.26401    
   2684.000      -19.74549       11.22137    
   2689.000      -18.36368       11.17921    
   2694.000      -17.48240       11.13752    
   2696.000      -17.20481       11.12097    
   2699.000      -16.84311       11.09629    
   2700.000      -16.73453       11.08809    
   2701.000      -16.63117       11.07992    
   2704.000      -16.34839       11.05551    
   2706.000      -16.17955       11.03933    
   2709.000      -15.95106       11.01519    
   2711.000      -15.81310       10.99919    
   2714.000      -15.62479       10.97531    
   2716.000      -15.51034       10.95948    
   2719.000      -15.35347       10.93587    
   2721.000      -15.25790       10.92022    
   2724.000      -15.12680       10.89687    
   2726.000      -15.04700       10.88139    
   2729.000      -14.93791       10.85830    
   2731.000      -14.87186       10.84299    
   2734.000      -14.78229       10.82015    
   2736.000      -14.72868       10.80501    
   2739.000      -14.65712       10.78242    
   2741.000      -14.61521       10.76744    
   2744.000      -14.56095       10.74510    
   2746.000      -14.53051       10.73029    
   2749.000      -14.49358       10.70820    
   2751.000      -14.47491       10.69355    
   2754.000      -14.45618       10.67169    
   2756.000      -14.45019       10.65721    
   2759.000      -14.45164       10.63559    
   2761.000      -14.46011       10.62126    
   2764.000      -14.48528       10.59988    
   2766.000      -14.51134       10.58571    
   2769.000      -14.56648       10.56456    
   2771.000      -14.61566       10.55054    
   2774.000      -14.71216       10.52963    
   2776.000      -14.79503       10.51576    
   2781.000      -15.09547       10.48136    
   2786.000      -15.64004       10.44733    
   2791.000      -17.04266       10.41368    
   2796.000      -16.60224       14.45982    
   2800.000      -15.34556       14.42066    
   2801.000      -15.14248       14.41093    
   2806.000      -14.38020       14.36264    
   2811.000      -13.84020       14.31495    
   2816.000      -13.41313       14.26784    
   2821.000      -13.05548       14.22130    
   2826.000      -12.74548       14.17533    
   2831.000      -12.47054       14.12993    
   2836.000      -12.22274       14.08508    
   2841.000      -11.99671       14.04078    
   2846.000      -11.78868       13.99702    
   2851.000      -11.59583       13.95380    
   2856.000      -11.41606       13.91112    
   2861.000      -11.24769       13.86895    
   2866.000      -11.08943       13.82731    
   2871.000      -10.94020       13.78617    
   2876.000      -10.79913       13.74555    
   2881.000      -10.66549       13.70542    
   2886.000      -10.53868       13.66579    
   2891.000      -10.41818       13.62665    
   2900.000      -10.21583       13.55741    
   2945.000      -9.434852       13.23371    
   2950.000      -9.369066       13.19996    
   2955.000      -9.307363       13.16664    
   2960.000      -9.249812       13.13374    
   2965.000      -9.196544       13.10125    
   2970.000      -9.147736       13.06918    
   2975.000      -9.103645       13.03752    
   2980.000      -9.064609       13.00627    
   2985.000      -9.031087       12.97541    
   2990.000      -9.003693       12.94495    
   2995.000      -8.983255       12.91489    
   3000.000      -8.970914       12.88521    
   3005.000      -8.965462       12.85150    
   3010.000      -8.972170       12.81787    
   3015.000      -8.994595       12.78435    
   3020.000      -9.038456       12.75093    
   3025.000      -9.113886       12.71762    
   3030.000      -9.241479       12.68442    
   3035.000      -9.474604       12.65133    
   3040.000      -10.06093       12.61834    
   3045.000      -9.990701       14.47251    
   3050.000      -9.260033       14.43715    
   3055.000      -8.884385       14.40190    
   3060.000      -8.615005       14.36677    
   3065.000      -8.398107       14.33176    
   3070.000      -8.212883       14.29687    
   3075.000      -8.049019       14.26209    
   3080.000      -7.900669       14.22743    
   3085.000      -7.764158       14.19288    
   3090.000      -7.637057       14.15846    
   3095.000      -7.517638       14.12414    
   3100.000      -7.404659       14.08994    
   3105.000      -7.297167       14.05585    
   3110.000      -7.194439       14.02188    
   3115.000      -7.095890       13.98802    
   3120.000      -7.001061       13.95428    
   3125.000      -6.909564       13.92064    
   3130.000      -6.821084       13.88712    
   3135.000      -6.735360       13.85371    
   3140.000      -6.652156       13.82041    
   3200.000      -5.798848       13.42931    
   3300.000      -4.736956       12.81089    
   3400.000      -3.933822       12.23154    
   3500.000      -3.337549       11.69069    
   3600.000      -2.825634       11.19411    
   3700.000      -2.413815       10.73299    
   3800.000      -2.058456       10.30358    
   3900.000      -1.756652       9.902263    
   4000.000      -1.466180       9.523086    
   4100.000      -1.240434       9.162161    
   4200.000      -1.045504       8.821804    
   4300.000     -0.8766211       8.500444    
   4400.000     -0.7299333       8.196666    
   4500.000     -0.6022884       7.909179    
   4600.000     -0.4910802       7.636813    
   4700.000     -0.3941329       7.378505    
   4800.000     -0.3109868       7.133305    
   4900.000     -0.2386110       6.900358    
   5000.000     -0.1744966       6.678801    
   5100.000     -0.1187983       6.467882    
   5200.000     -7.0538029E-02   6.266917    
   5300.000     -2.8868640E-02   6.075277    
   5400.000      1.1963533E-02   5.892148    
   5500.000      4.2609166E-02   5.716958    
   5600.000      6.6236235E-02   5.549523    
   5700.000      8.7970980E-02   5.389557    
   5800.000      0.1059702       5.236438    
   5900.000      0.1206205       5.089777    
   6000.000      0.1322647       4.949209    
   6100.000      0.1359470       4.814468    
   6200.000      0.1423212       4.685581    
   6300.000      0.1465410       4.561852    
   6400.000      0.1488219       4.443007    
   6500.000      0.1493564       4.328789    
   6600.000      0.1483171       4.218958    
   6700.000      0.1458588       4.113290    
   6800.000      0.1421206       4.011573    
   6900.000      0.1372278       3.913611    
   7000.000      0.1312929       3.819220    
   7100.000      0.1244177       3.728226    
   7200.000      0.1166937       3.640466    
   7300.000      0.1082037       3.555787    
   7400.000      9.9022590E-02   3.474045    
   7500.000      8.9217953E-02   3.395104    
   7600.000      7.8850970E-02   3.318836    
   7700.000      6.7976952E-02   3.245122    
   7800.000      5.6645911E-02   3.173846    
   7900.000      4.4903155E-02   3.104901    
   8000.000      2.8459184E-02   3.038203    
   8100.000      1.6051121E-02   2.973702    
   8200.000      3.3448795E-03   2.911242    
   8300.000     -9.6315052E-03   2.850736    
   8400.000     -2.5473284E-02   2.792125    
   8500.000     -3.8886301E-02   2.735333    
   8600.000     -5.2493677E-02   2.680262    
   8700.000     -6.6277273E-02   2.626843    
   8800.000     -8.0220617E-02   2.575009    
   8900.000     -9.4308771E-02   2.524697    
   9000.000     -0.1083195       2.476233    
   9100.000     -0.1223991       2.429175    
   9200.000     -0.1365354       2.383468    
   9300.000     -0.1507182       2.339060    
   9400.000     -0.1649375       2.295902    
   9500.000     -0.1791852       2.253946    
   9600.000     -0.1934535       2.213148    
   9700.000     -0.2077356       2.173465    
   9800.000     -0.2220258       2.134856    
   9900.000     -0.2363185       2.097281    
   10000.00     -0.2506095       2.060705    
   10100.00     -0.2648946       2.025091    
   10200.00     -0.2791702       1.990405    
   10300.00     -0.2934756       1.956615    
   10400.00     -0.3077241       1.923691    
   10500.00     -0.3219589       1.891602    
   10600.00     -0.3361758       1.860320    
   10700.00     -0.3503734       1.829818    
   10800.00     -0.3645511       1.800069    
   10900.00     -0.3787082       1.771049    
   11000.00     -0.3928447       1.742734    
   11100.00     -0.4069607       1.715101    
   11200.00     -0.4210563       1.688128    
   11300.00     -0.4351325       1.661793    
   11400.00     -0.4491900       1.636077    
   11500.00     -0.4632301       1.610960    
   11600.00     -0.4780356       1.586423    
   11700.00     -0.4922024       1.562473    
   11800.00     -0.5062115       1.539068    
   11900.00     -0.5202076       1.516193    
   12000.00     -0.5341933       1.493829    
   12100.00     -0.5481637       1.471964    
   12200.00     -0.5629483       1.450600    
   12300.00     -0.5769248       1.429705    
   12400.00     -0.5908999       1.409264    
   12500.00     -0.6048768       1.389265    
   12600.00     -0.6188582       1.369695    
   12700.00     -0.6328472       1.350540    
   12800.00     -0.6468474       1.331790    
   12900.00     -0.6608621       1.313432    
   13000.00     -0.6748950       1.295457    
   13100.00     -0.6889493       1.277852    
   13200.00     -0.7045074       1.260613    
   13300.00     -0.7186288       1.243754    
   13400.00     -0.7327896       1.227236    
   13500.00     -0.7469885       1.211051    
   13600.00     -0.7612298       1.195189    
   13700.00     -0.7755181       1.179641    
   13800.00     -0.7898583       1.164400    
   13900.00     -0.8042556       1.149457    
   14000.00     -0.8187154       1.134804    
   14100.00     -0.8332431       1.120434    
   14200.00     -0.8478442       1.106340    
   14300.00     -0.8625252       1.092514    
   14400.00     -0.8772917       1.078949    
   14500.00     -0.8921506       1.065639    
   14600.00     -0.9071084       1.052577    
   14700.00     -0.9221720       1.039758    
   14800.00     -0.9373490       1.027174    
   14900.00     -0.9526466       1.014821    
   15000.00     -0.9680731       1.002692    
   15100.00     -0.9836367      0.9907831    
   15200.00     -0.9993459      0.9790876    
   15300.00      -1.015210      0.9676006    
   15400.00      -1.031239      0.9563174    
   15500.00      -1.047442      0.9452329    
   15600.00      -1.063830      0.9343425    
   15700.00      -1.080413      0.9236417    
   15800.00      -1.097205      0.9131259    
   15900.00      -1.114217      0.9027910    
   16000.00      -1.131462      0.8926327    
   16100.00      -1.148953      0.8826469    
   16200.00      -1.166706      0.8728297    
   16300.00      -1.184736      0.8631776    
   16400.00      -1.203059      0.8536863    
   16500.00      -1.221692      0.8443526    
   16600.00      -1.240656      0.8351728    
   16700.00      -1.259968      0.8261436    
   16800.00      -1.279650      0.8172617    
   16900.00      -1.299726      0.8085237    
   17000.00      -1.320219      0.7999266    
   17100.00      -1.341156      0.7914674    
   17200.00      -1.362565      0.7831430    
   17300.00      -1.384476      0.7749507    
   17400.00      -1.406923      0.7668875    
   17500.00      -1.429940      0.7589507    
   17600.00      -1.453568      0.7511376    
   17700.00      -1.478417      0.7434462    
   17800.00      -1.503391      0.7358751    
   17900.00      -1.529116      0.7284200    
   18000.00      -1.555645      0.7210788    
   18100.00      -1.583040      0.7138489    
   18200.00      -1.611368      0.7067283    
   18300.00      -1.640704      0.6997147    
   18400.00      -1.671132      0.6928058    
   18500.00      -1.702745      0.6859996    
   18600.00      -1.735648      0.6792940    
   18700.00      -1.769959      0.6726871    
   18800.00      -1.805812      0.6661770    
   18900.00      -1.843360      0.6597617    
   19000.00      -1.882777      0.6534392    
   19100.00      -1.924266      0.6472079    
   19200.00      -1.968060      0.6410660    
   19300.00      -2.014433      0.6350118    
   19400.00      -2.063711      0.6290435    
   19500.00      -2.116280      0.6231596    
   19600.00      -2.172604      0.6173583    
   19700.00      -2.233251      0.6116383    
   19800.00      -2.298922      0.6059980    
   19900.00      -2.370500      0.6004358    
   20000.00      -2.449112      0.5949503    
   20100.00      -2.536234      0.5895401    
   20200.00      -2.633847      0.5842037    
   20300.00      -2.744690      0.5789400    
   20400.00      -2.872723      0.5737475    
   20500.00      -3.023937      0.5686249    
   20600.00      -3.208048      0.5635709    
   20700.00      -3.442376      0.5585844    
   20800.00      -3.762559      0.5536642    
   20900.00      -4.263068      0.5488089    
   20946.00      -4.633654      0.5465971    
   20951.00      -4.684373      0.5463575    
   20956.00      -4.737942      0.5461180    
   20961.00      -4.794736      0.5458786    
   20966.00      -4.855113      0.5456396    
   20971.00      -4.919597      0.5454006    
   20976.00      -4.988721      0.5451618    
   20981.00      -5.063253      0.5449231    
   20986.00      -5.144029      0.5446846    
   20991.00      -5.232211      0.5444463    
   20996.00      -5.329308      0.5442080    
   21000.00      -5.414653      0.5440176    
   21001.00      -5.437208      0.5439700    
   21006.00      -5.558683      0.5437321    
   21011.00      -5.697475      0.5434944    
   21016.00      -5.859425      0.5432568    
   21021.00      -6.053550      0.5430194    
   21026.00      -6.295836      0.5427822    
   21031.00      -6.618170      0.5425451    
   21036.00      -7.099761      0.5423082    
   21041.00      -8.075149      0.5420713    
   21046.00      -8.488514       3.679960    
   21051.00      -7.234139       3.678334    
   21056.00      -6.693270       3.676709    
   21061.00      -6.342886       3.675085    
   21066.00      -6.083135       3.673463    
   21071.00      -5.876448       3.671843    
   21076.00      -5.704635       3.670223    
   21081.00      -5.557647       3.668606    
   21086.00      -5.429082       3.666989    
   21091.00      -5.314878       3.665375    
   21096.00      -5.212052       3.663761    
   21100.00      -5.136609       3.662471    
   21101.00      -5.118587       3.662149    
   21106.00      -5.032846       3.660538    
   21111.00      -4.953693       3.658929    
   21116.00      -4.880151       3.657322    
   21121.00      -4.811444       3.655715    
   21126.00      -4.747015       3.654110    
   21131.00      -4.686311       3.652506    
   21136.00      -4.628962       3.650904    
   21141.00      -4.574572       3.649303    
   21200.00      -4.083670       3.630521    
   21300.00      -3.565972       3.599126    
   21400.00      -3.217544       3.568274    
   21500.00      -2.954003       3.537952    
   21600.00      -2.741866       3.508149    
   21700.00      -2.564351       3.478853    
   21800.00      -2.411822       3.450052    
   21900.00      -2.278210       3.421735    
   22000.00      -2.159451       3.393891    
   22100.00      -2.052710       3.366511    
   22200.00      -1.955816       3.339583    
   22300.00      -1.867245       3.313099    
   22400.00      -1.785755       3.287047    
   22500.00      -1.710374       3.261420    
   22600.00      -1.640323       3.236207    
   22700.00      -1.574961       3.211401    
   22800.00      -1.513761       3.186992    
   22900.00      -1.456276       3.162972    
   23000.00      -1.402130       3.139333    
   23100.00      -1.351002       3.116066    
   23200.00      -1.302614       3.093165    
   23300.00      -1.256724       3.070622    
   23400.00      -1.213119       3.048428    
   23500.00      -1.171614       3.026578    
   23600.00      -1.132045       3.005064    
   23700.00      -1.094263       2.983879    
   23800.00      -1.058138       2.963017    
   23900.00      -1.023551       2.942472    
   24000.00     -0.9903939       2.922236    
   24100.00     -0.9585712       2.902304    
   24200.00     -0.9279938       2.882669    
   24300.00     -0.8985816       2.863328    
   24400.00     -0.8702588       2.844272    
   24500.00     -0.8429576       2.825497    
   24600.00     -0.8166143       2.806997    
   24700.00     -0.7911696       2.788768    
   24800.00     -0.7665688       2.770804    
   24900.00     -0.7427587       2.753099    
