  Element 90: Th      Atomic mass:  232.0381

  Edge          keV         A
    K       109.6509    0.1131
    L-I      20.4721    0.6056
    L-II     19.6932    0.6296
    L-III    16.3003    0.7606
    M1        5.1823    2.3925
    M2        4.8304    2.5667
    M3        4.0461    3.0643
    M4        3.4908    3.5517
    M5        3.3320    3.7210
    N1        1.3295    9.3256
    N2        1.1682   10.6133

Scattering factors as a function of energy: 

   1000.000      -35.76466       35.16270    
   1100.000      -31.66835       32.74503    
   1200.000      -29.04629       30.80809    
   1232.000      -28.33860       30.08048    
   1237.000      -28.22849       29.96870    
   1242.000      -28.12122       29.85736    
   1247.000      -28.01674       29.74644    
   1252.000      -27.91500       29.63596    
   1257.000      -27.81601       29.52591    
   1262.000      -27.71976       29.41630    
   1267.000      -27.62634       29.30713    
   1272.000      -27.53582       29.19840    
   1277.000      -27.44836       29.09012    
   1282.000      -27.36415       28.98228    
   1287.000      -27.28350       28.87488    
   1292.000      -27.20685       28.76792    
   1297.000      -27.13482       28.66142    
   1300.000      -27.09422       28.59773    
   1302.000      -27.06841       28.55536    
   1307.000      -27.00923       28.44975    
   1312.000      -26.96011       28.34459    
   1317.000      -26.92686       28.23989    
   1322.000      -26.92452       28.13563    
   1327.000      -27.02295       28.03183    
   1332.000      -26.93683       28.46141    
   1337.000      -26.66600       28.35958    
   1342.000      -26.86671       28.25908    
   1347.000      -26.72973       28.16194    
   1352.000      -26.60820       28.06525    
   1357.000      -26.49629       27.96902    
   1362.000      -26.39110       27.87325    
   1367.000      -26.29100       27.77793    
   1372.000      -26.19494       27.68306    
   1377.000      -26.10224       27.58863    
   1382.000      -26.32055       27.49737    
   1387.000      -26.23499       27.40695    
   1392.000      -26.15160       27.31698    
   1397.000      -26.07020       27.22748    
   1400.000      -26.02223       27.17400    
   1402.000      -25.99059       27.13843    
   1407.000      -25.91266       27.04984    
   1412.000      -25.83629       26.96170    
   1417.000      -25.76137       26.87401    
   1422.000      -25.68784       26.78676    
   1427.000      -25.61561       26.69996    
   1500.000      -24.68266       25.48162    
   1600.000      -23.62055       23.92031    
   1700.000      -22.89678       22.48149    
   1800.000      -22.38461       21.16591    
   1900.000      -21.98204       19.95963    
   2000.000      -21.71957       18.84681    
   2100.000      -21.58241       17.81795    
   2200.000      -21.56116       16.86481    
   2300.000      -21.65108       15.98021    
   2400.000      -21.85785       15.15871    
   2500.000      -22.17500       14.39454    
   2600.000      -22.61881       13.68226    
   2700.000      -23.21251       13.01774    
   2800.000      -24.20579       12.41816    
   2900.000      -25.38804       11.86619    
   3000.000      -26.73450       11.35895    
   3100.000      -28.63627       10.89829    
   3200.000      -31.65193       10.46737    
   3235.000      -33.27133       10.32306    
   3240.000      -33.54620       10.30271    
   3245.000      -33.83524       10.28243    
   3250.000      -34.14007       10.26221    
   3255.000      -34.46254       10.24205    
   3260.000      -34.80486       10.22196    
   3265.000      -35.16975       10.20193    
   3270.000      -35.56052       10.18197    
   3275.000      -35.98132       10.16207    
   3280.000      -36.43739       10.14223    
   3285.000      -36.93561       10.12245    
   3290.000      -37.48505       10.10274    
   3295.000      -38.09834       10.08309    
   3300.000      -38.79344       10.06351    
   3305.000      -39.59764       10.04398    
   3310.000      -40.55485       10.02452    
   3315.000      -41.74348       10.00511    
   3320.000      -43.32498       9.985769    
   3325.000      -45.73189       9.966487    
   3330.000      -51.22165       9.947266    
   3335.000      -49.56127       23.51262    
   3340.000      -45.42392       23.51848    
   3345.000      -43.42311       23.52381    
   3350.000      -42.11374       23.52861    
   3355.000      -41.15233       23.53288    
   3360.000      -40.40211       23.53661    
   3365.000      -39.79458       23.53981    
   3370.000      -39.29080       23.54248    
   3375.000      -38.86647       23.54461    
   3380.000      -38.50562       23.54621    
   3385.000      -38.19730       23.54727    
   3390.000      -37.93373       23.54780    
   3393.000      -37.79470       23.54786    
   3395.000      -37.70938       23.54779    
   3398.000      -37.59188       23.54753    
   3400.000      -37.52025       23.54724    
   3403.000      -37.42250       23.54666    
   3405.000      -37.36360       23.54616    
   3408.000      -37.28439       23.54526    
   3410.000      -37.23758       23.54455    
   3413.000      -37.17621       23.54333    
   3415.000      -37.14052       23.54240    
   3418.000      -37.09676       23.54085    
   3420.000      -37.07347       23.53971    
   3423.000      -37.04751       23.53785    
   3425.000      -37.03627       23.53650    
   3428.000      -37.02874       23.53431    
   3430.000      -37.03014       23.53274    
   3433.000      -37.04224       23.53023    
   3438.000      -37.09081       23.52563    
   3443.000      -37.17861       23.52049    
   3448.000      -37.31162       23.51482    
   3453.000      -37.49850       23.50862    
   3458.000      -37.75201       23.50189    
   3463.000      -38.09174       23.49463    
   3468.000      -38.54936       23.48684    
   3473.000      -39.18095       23.47853    
   3478.000      -40.09945       23.46969    
   3483.000      -41.59228       23.46032    
   3488.000      -44.91476       23.45043    
   3493.000      -45.55034       34.32766    
   3498.000      -41.20554       34.26461    
   3500.000      -40.26859       34.23940    
   3503.000      -39.16391       34.20160    
   3508.000      -37.77209       34.13864    
   3513.000      -36.69559       34.07570    
   3518.000      -35.80730       34.01278    
   3523.000      -35.04484       33.94989    
   3528.000      -34.37294       33.88701    
   3533.000      -33.76969       33.82415    
   3538.000      -33.22038       33.76129    
   3543.000      -32.71481       33.69844    
   3548.000      -32.24546       33.63559    
   3553.000      -31.80674       33.57273    
   3558.000      -31.39426       33.50986    
   3563.000      -31.00463       33.44698    
   3568.000      -30.63505       33.38409    
   3573.000      -30.28330       33.32117    
   3578.000      -29.94747       33.25824    
   3583.000      -29.62603       33.19527    
   3588.000      -29.31762       33.13228    
   3600.000      -28.62419       32.98097    
   3700.000      -24.42915       31.70899    
   3800.000      -21.78101       30.41136    
   3900.000      -20.13136       29.08944    
   3949.000      -19.72718       28.43567    
   3954.000      -19.70767       28.36882    
   3959.000      -19.69339       28.30195    
   3964.000      -19.68482       28.23507    
   3969.000      -19.68252       28.16818    
   3974.000      -19.68720       28.10127    
   3979.000      -19.69971       28.03436    
   3984.000      -19.72111       27.96743    
   3989.000      -19.75270       27.90050    
   3994.000      -19.79619       27.83357    
   3999.000      -19.85378       27.76663    
   4000.000      -19.86724       27.75324    
   4004.000      -19.92843       27.69969    
   4009.000      -20.02423       27.63276    
   4014.000      -20.14706       27.56583    
   4019.000      -20.30582       27.49890    
   4024.000      -20.51490       27.43198    
   4029.000      -20.79990       27.36508    
   4034.000      -21.21359       27.29819    
   4039.000      -21.89614       27.23131    
   4044.000      -23.56128       27.16444    
   4049.000      -23.02101       31.61134    
   4054.000      -21.49934       31.53960    
   4059.000      -20.71552       31.46789    
   4064.000      -20.16723       31.39623    
   4069.000      -19.73708       31.32462    
   4074.000      -19.37830       31.25306    
   4079.000      -19.06757       31.18154    
   4084.000      -18.79150       31.11007    
   4089.000      -18.54170       31.03866    
   4094.000      -18.31258       30.96731    
   4099.000      -18.10015       30.89602    
   4100.000      -18.05941       30.88176    
   4104.000      -17.90156       30.82478    
   4109.000      -17.71466       30.75360    
   4114.000      -17.53779       30.68250    
   4119.000      -17.36962       30.61146    
   4124.000      -17.20909       30.54048    
   4129.000      -17.05536       30.46958    
   4134.000      -16.90773       30.39875    
   4139.000      -16.76558       30.32799    
   4144.000      -16.62842       30.25731    
   4200.000      -15.33968       29.47159    
   4300.000      -13.70146       28.10197    
   4400.000      -14.56371       27.10305    
   4500.000      -13.77599       26.32726    
   4600.000      -12.35279       25.51285    
   4700.000      -11.92074       24.67996    
   4733.000      -11.85362       24.41473    
   4738.000      -11.84853       24.37495    
   4743.000      -11.84511       24.33527    
   4748.000      -11.84352       24.29570    
   4753.000      -11.84394       24.25623    
   4758.000      -11.84663       24.21687    
   4763.000      -11.85184       24.17760    
   4768.000      -11.85994       24.13844    
   4773.000      -11.87136       24.09939    
   4778.000      -11.88666       24.06044    
   4783.000      -11.90656       24.02159    
   4788.000      -11.93204       23.98284    
   4793.000      -11.96442       23.94419    
   4798.000      -12.00562       23.90565    
   4800.000      -12.02517       23.89026    
   4803.000      -12.05852       23.86720    
   4808.000      -12.12776       23.82886    
   4813.000      -12.22154       23.79062    
   4818.000      -12.35652       23.75247    
   4823.000      -12.57615       23.71443    
   4828.000      -13.08624       23.67648    
   4833.000      -13.02348       25.13696    
   4838.000      -12.48659       25.09888    
   4843.000      -12.22047       25.06088    
   4848.000      -12.03639       25.02299    
   4853.000      -11.89274       24.98520    
   4858.000      -11.77332       24.94750    
   4863.000      -11.67009       24.90990    
   4868.000      -11.57848       24.87240    
   4873.000      -11.49567       24.83499    
   4878.000      -11.41975       24.79768    
   4883.000      -11.34939       24.76046    
   4888.000      -11.28363       24.72334    
   4893.000      -11.22176       24.68631    
   4898.000      -11.16322       24.64938    
   4900.000      -11.14063       24.63463    
   4903.000      -11.10757       24.61255    
   4908.000      -11.05447       24.57580    
   4913.000      -11.00363       24.53915    
   4918.000      -10.95482       24.50259    
   4923.000      -10.90786       24.46613    
   4928.000      -10.86257       24.42976    
   5000.000      -10.34233       23.91610    
   5085.000      -9.964623       23.33323    
   5090.000      -9.950225       23.29972    
   5095.000      -9.937039       23.26630    
   5100.000      -9.925163       23.23296    
   5105.000      -9.914718       23.19970    
   5110.000      -9.905848       23.16652    
   5115.000      -9.898734       23.13342    
   5120.000      -9.893596       23.10041    
   5125.000      -9.890714       23.06747    
   5130.000      -9.890446       23.03462    
   5135.000      -9.893261       23.00185    
   5140.000      -9.899786       22.96916    
   5145.000      -9.910890       22.93655    
   5150.000      -9.927819       22.90402    
   5155.000      -9.952456       22.87157    
   5160.000      -9.987836       22.83920    
   5165.000      -10.03934       22.80691    
   5170.000      -10.11798       22.77469    
   5175.000      -10.25256       22.74256    
   5180.000      -10.58284       22.71051    
   5185.000      -10.50780       23.65047    
   5190.000      -10.15781       23.61864    
   5195.000      -9.977429       23.58688    
   5200.000      -9.849345       23.55521    
   5205.000      -9.747161       23.52361    
   5210.000      -9.660546       23.49208    
   5215.000      -9.584362       23.46062    
   5220.000      -9.515682       23.42925    
   5225.000      -9.452664       23.39794    
   5230.000      -9.394093       23.36670    
   5235.000      -9.339112       23.33554    
   5240.000      -9.287106       23.30446    
   5245.000      -9.237595       23.27345    
   5250.000      -9.190226       23.24250    
   5255.000      -9.144719       23.21163    
   5260.000      -9.031189       23.18082    
   5265.000      -8.989633       23.14944    
   5270.000      -8.948169       23.11812    
   5275.000      -8.907865       23.08687    
   5280.000      -8.868619       23.05569    
   5300.000      -8.720571       22.93162    
   5400.000      -8.111969       22.32683    
   5500.000      -7.625227       21.74685    
   5600.000      -7.211623       21.19026    
   5700.000      -6.851089       20.65576    
   5800.000      -6.535187       20.14217    
   5900.000      -6.251409       19.64841    
   6000.000      -5.997154       19.17332    
   6100.000      -5.768460       18.71595    
   6200.000      -5.562184       18.27536    
   6300.000      -5.367404       17.85026    
   6400.000      -5.197584       17.43853    
   6500.000      -5.048270       17.04097    
   6600.000      -4.909136       16.65694    
   6700.000      -4.774058       16.28547    
   6800.000      -4.684272       15.92796    
   6900.000      -4.583051       15.58373    
   7000.000      -4.491844       15.25096    
   7100.000      -4.409534       14.92915    
   7200.000      -4.335526       14.61778    
   7300.000      -4.269162       14.31641    
   7400.000      -4.209849       14.02458    
   7500.000      -4.157053       13.74188    
   7600.000      -4.110292       13.46793    
   7700.000      -4.069131       13.20236    
   7800.000      -4.033175       12.94480    
   7900.000      -4.002066       12.69494    
   8000.000      -3.975479       12.45245    
   8100.000      -3.961990       12.21709    
   8200.000      -3.943760       11.98909    
   8300.000      -3.929216       11.76763    
   8400.000      -3.918141       11.55245    
   8500.000      -3.910342       11.34330    
   8600.000      -3.905650       11.13996    
   8700.000      -3.903922       10.94221    
   8800.000      -3.905044       10.74983    
   8900.000      -3.908938       10.56263    
   9000.000      -3.913789       10.38243    
   9100.000      -3.920761       10.20705    
   9200.000      -3.929742       10.03633    
   9300.000      -3.940625       9.870089    
   9400.000      -3.953316       9.708166    
   9500.000      -3.967726       9.550406    
   9600.000      -3.983775       9.396663    
   9700.000      -4.003346       9.246840    
   9800.000      -4.022681       9.100842    
   9900.000      -4.043444       8.958481    
   10000.00      -4.065579       8.819629    
   10100.00      -4.089035       8.684168    
   10200.00      -4.113767       8.551987    
   10300.00      -4.139733       8.422974    
   10400.00      -4.168200       8.297051    
   10500.00      -4.196606       8.174142    
   10600.00      -4.226148       8.054108    
   10700.00      -4.256800       7.936858    
   10800.00      -4.288543       7.822301    
   10900.00      -4.321360       7.710356    
   11000.00      -4.355238       7.600937    
   11100.00      -4.390168       7.493969    
   11200.00      -4.426142       7.389376    
   11300.00      -4.463160       7.287083    
   11400.00      -4.501221       7.187025    
   11500.00      -4.540330       7.089131    
   11600.00      -4.580495       6.993338    
   11700.00      -4.621727       6.899586    
   11800.00      -4.664039       6.807812    
   11900.00      -4.707451       6.717962    
   12000.00      -4.751985       6.629978    
   12100.00      -4.797667       6.543808    
   12200.00      -4.844526       6.459401    
   12300.00      -4.892598       6.376706    
   12400.00      -4.941922       6.295677    
   12500.00      -4.992544       6.216266    
   12600.00      -5.044511       6.138430    
   12700.00      -5.097965       6.062127    
   12800.00      -5.155129       5.987341    
   12900.00      -5.211506       5.914007    
   13000.00      -5.269491       5.842084    
   13100.00      -5.329170       5.771535    
   13200.00      -5.390636       5.702325    
   13300.00      -5.453998       5.634418    
   13400.00      -5.519385       5.567781    
   13500.00      -5.590128       5.502414    
   13600.00      -5.659943       5.438255    
   13700.00      -5.732208       5.375271    
   13800.00      -5.807111       5.313433    
   13900.00      -5.884860       5.252710    
   14000.00      -5.965691       5.193077    
   14100.00      -6.049873       5.134505    
   14200.00      -6.137713       5.076969    
   14300.00      -6.229568       5.020443    
   14400.00      -6.325847       4.964905    
   14500.00      -6.428059       4.910341    
   14600.00      -6.534692       4.856726    
   14700.00      -6.647443       4.804028    
   14800.00      -6.767109       4.752224    
   14900.00      -6.894650       4.701296    
   15000.00      -7.031241       4.651222    
   15100.00      -7.178347       4.601982    
   15200.00      -7.340413       4.553596    
   15300.00      -7.514619       4.506019    
   15400.00      -7.706716       4.459221    
   15500.00      -7.920981       4.413183    
   15600.00      -8.163428       4.367888    
   15700.00      -8.442893       4.323321    
   15800.00      -8.773136       4.279464    
   15900.00      -9.177287       4.236302    
   16000.00      -9.698914       4.193820    
   16100.00      -10.43620       4.152004    
   16200.00      -11.70356       4.110838    
   16203.00      -11.75940       4.109614    
   16208.00      -11.85654       4.107573    
   16213.00      -11.95911       4.105535    
   16218.00      -12.06784       4.103497    
   16223.00      -12.18342       4.101461    
   16228.00      -12.30686       4.099427    
   16233.00      -12.43918       4.097394    
   16238.00      -12.58188       4.095363    
   16243.00      -12.73658       4.093334    
   16248.00      -12.90553       4.091307    
   16253.00      -13.09170       4.089280    
   16258.00      -13.29878       4.087256    
   16263.00      -13.53223       4.085232    
   16268.00      -13.79948       4.083211    
   16273.00      -14.11218       4.081191    
   16278.00      -14.48856       4.079173    
   16283.00      -14.96160       4.077156    
   16288.00      -15.59768       4.075140    
   16293.00      -16.57175       4.073127    
   16298.00      -18.73212       4.071115    
   16300.00      -22.53817       4.070311    
   16303.00      -18.44732       9.968354    
   16308.00      -16.47379       9.963526    
   16313.00      -15.53030       9.958701    
   16318.00      -14.90323       9.953878    
   16323.00      -14.43286       9.949059    
   16328.00      -14.05608       9.944243    
   16333.00      -13.74155       9.939429    
   16338.00      -13.47172       9.934619    
   16343.00      -13.23525       9.929810    
   16348.00      -13.02491       9.925005    
   16353.00      -12.83535       9.920202    
   16358.00      -12.66293       9.915403    
   16363.00      -12.50469       9.910605    
   16368.00      -12.35856       9.905812    
   16373.00      -12.22278       9.901022    
   16378.00      -12.09591       9.896233    
   16383.00      -11.97695       9.891448    
   16388.00      -11.86489       9.886664    
   16393.00      -11.75903       9.881886    
   16398.00      -11.65867       9.877108    
   16400.00      -11.61997       9.875198    
   16500.00      -10.29040       9.780270    
   16600.00      -9.514094       9.686451    
   16700.00      -8.967199       9.593727    
   16800.00      -8.547894       9.502087    
   16900.00      -8.210644       9.411510    
   17000.00      -7.931109       9.321986    
   17100.00      -7.694983       9.233500    
   17200.00      -7.492084       9.146039    
   17300.00      -7.316831       9.059590    
   17400.00      -7.164405       8.974138    
   17500.00      -7.031506       8.889670    
   17600.00      -6.921309       8.806239    
   17700.00      -6.820686       8.723799    
   17800.00      -6.733867       8.642305    
   17900.00      -6.659798       8.561744    
   18000.00      -6.597717       8.482103    
   18100.00      -6.547106       8.403372    
   18200.00      -6.509573       8.325543    
   18300.00      -6.481213       8.248612    
   18400.00      -6.464062       8.172553    
   18500.00      -6.458489       8.097357    
   18600.00      -6.465142       8.023011    
   18700.00      -6.485023       7.949507    
   18800.00      -6.519602       7.876832    
   18900.00      -6.571014       7.804976    
   19000.00      -6.642383       7.733927    
   19100.00      -6.738408       7.663676    
   19200.00      -6.866500       7.594212    
   19300.00      -7.039218       7.525527    
   19400.00      -7.280360       7.457608    
   19500.00      -7.644137       7.390446    
   19596.00      -8.271246       7.326675    
   19600.00      -8.310218       7.324033    
   19601.00      -8.320226       7.323373    
   19606.00      -8.372042       7.320071    
   19611.00      -8.426987       7.316773    
   19616.00      -8.485474       7.313476    
   19621.00      -8.547999       7.310180    
   19626.00      -8.615092       7.306887    
   19631.00      -8.687511       7.303595    
   19636.00      -8.766091       7.300306    
   19641.00      -8.852021       7.297017    
   19646.00      -8.946712       7.293732    
   19651.00      -9.052163       7.290448    
   19656.00      -9.171142       7.287165    
   19661.00      -9.307459       7.283885    
   19666.00      -9.467108       7.280605    
   19671.00      -9.659472       7.277329    
   19676.00      -9.901565       7.274053    
   19681.00      -10.22775       7.270781    
   19686.00      -10.72949       7.267509    
   19691.00      -11.85877       7.264239    
   19696.00      -11.63698       10.26556    
   19700.00      -10.78602       10.26213    
   19701.00      -10.65448       10.26127    
   19706.00      -10.17900       10.25699    
   19711.00      -9.861933       10.25271    
   19716.00      -9.623733       10.24843    
   19721.00      -9.432700       10.24415    
   19726.00      -9.273278       10.23988    
   19731.00      -9.136370       10.23561    
   19736.00      -9.016466       10.23134    
   19741.00      -8.909769       10.22707    
   19746.00      -8.813621       10.22280    
   19751.00      -8.726183       10.21854    
   19756.00      -8.645956       10.21428    
   19761.00      -8.571896       10.21002    
   19766.00      -8.503078       10.20576    
   19771.00      -8.438861       10.20151    
   19776.00      -8.378652       10.19725    
   19781.00      -8.321964       10.19300    
   19786.00      -8.268454       10.18876    
   19791.00      -8.217752       10.18451    
   19800.00      -8.132788       10.17687    
   19900.00      -7.502255       10.09247    
   20000.00      -7.146405       10.00893    
   20100.00      -6.923654       9.926232    
   20200.00      -6.799223       9.844369    
   20300.00      -6.784122       9.763333    
   20375.00      -6.900183       9.703092    
   20380.00      -6.915355       9.699092    
   20385.00      -6.931985       9.695093    
   20390.00      -6.950223       9.691098    
   20395.00      -6.970280       9.687103    
   20400.00      -6.992375       9.683112    
   20405.00      -7.016812       9.679122    
   20410.00      -7.043923       9.675135    
   20415.00      -7.074173       9.671148    
   20420.00      -7.108103       9.667165    
   20425.00      -7.146458       9.663184    
   20430.00      -7.190240       9.659204    
   20435.00      -7.240775       9.655227    
   20440.00      -7.300053       9.651250    
   20445.00      -7.370979       9.647277    
   20450.00      -7.458380       9.643304    
   20455.00      -7.570668       9.639336    
   20460.00      -7.725314       9.635368    
   20465.00      -7.968777       9.631402    
   20470.00      -8.536724       9.627439    
   20475.00      -8.377314       11.11436    
   20480.00      -7.892848       11.11023    
   20485.00      -7.651157       11.10610    
   20490.00      -7.486865       11.10197    
   20495.00      -7.361127       11.09784    
   20500.00      -7.258670       11.09372    
   20505.00      -7.171751       11.08960    
   20510.00      -7.095942       11.08548    
   20515.00      -7.028542       11.08136    
   20520.00      -6.967656       11.07724    
   20525.00      -6.912038       11.07313    
   20530.00      -6.860704       11.06902    
   20535.00      -6.812987       11.06491    
   20540.00      -6.768304       11.06080    
   20545.00      -6.726261       11.05669    
   20550.00      -6.686497       11.05259    
   20555.00      -6.648719       11.04848    
   20560.00      -6.612727       11.04438    
   20565.00      -6.578299       11.04028    
   20570.00      -6.545301       11.03618    
   20600.00      -6.370504       11.01164    
   20700.00      -5.945650       10.93030    
   20800.00      -5.634320       10.84969    
   20900.00      -5.379414       10.76981    
   21000.00      -5.167723       10.69073    
   21100.00      -4.973082       10.61240    
   21200.00      -4.852006       10.53502    
   21300.00      -4.692252       10.46073    
   21400.00      -4.544639       10.38718    
   21500.00      -4.407328       10.31435    
   21600.00      -4.278849       10.24226    
   21700.00      -4.158082       10.17087    
   21800.00      -4.044124       10.10018    
   21900.00      -3.936235       10.03018    
   22000.00      -3.833811       9.960864    
   22100.00      -3.736339       9.892220    
   22200.00      -3.643387       9.824240    
   22300.00      -3.554938       9.756914    
   22400.00      -3.469954       9.690234    
   22500.00      -3.391938       9.624211    
   22600.00      -3.313795       9.558843    
   22700.00      -3.238722       9.494093    
   22800.00      -3.166521       9.429957    
   22900.00      -3.097014       9.366424    
   23000.00      -3.030042       9.303487    
   23100.00      -2.965460       9.241138    
   23200.00      -2.903137       9.179368    
   23300.00      -2.842954       9.118174    
   23400.00      -2.784799       9.057543    
   23500.00      -2.728571       8.997472    
   23600.00      -2.674178       8.937951    
   23700.00      -2.621533       8.878975    
   23800.00      -2.570559       8.820539    
   23900.00      -2.521178       8.762630    
   24000.00      -2.473322       8.705247    
   24100.00      -2.426928       8.648382    
   24200.00      -2.381936       8.592028    
   24300.00      -2.338289       8.536180    
   24400.00      -2.295933       8.480829    
   24500.00      -2.254819       8.425972    
   24600.00      -2.214902       8.371601    
   24700.00      -2.176136       8.317712    
   24800.00      -2.138480       8.264298    
   24900.00      -2.101875       8.211353    
