  Element 81: Tl      Atomic mass:  204.3830

  Edge          keV         A
    K        85.5304    0.1450
    L-I      15.3467    0.8079
    L-II     14.6979    0.8436
    L-III    12.6575    0.9795
    M1        3.7041    3.3472
    M2        3.4157    3.6298
    M3        2.9566    4.1935
    M4        2.4851    4.9891
    M5        2.3893    5.1891

Scattering factors as a function of energy: 

   1000.000      -27.72005       23.33821    
   1100.000      -26.24838       21.63500    
   1200.000      -25.19202       20.06023    
   1300.000      -24.47112       18.60854    
   1400.000      -24.02764       17.27231    
   1500.000      -23.84229       16.04578    
   1600.000      -24.12943       14.94458    
   1700.000      -24.60552       13.98232    
   1800.000      -25.12345       13.11626    
   1900.000      -25.90465       12.32759    
   2000.000      -27.03930       11.60721    
   2100.000      -28.72250       10.94743    
   2200.000      -31.52482       10.34156    
   2292.000      -37.55297       9.832365    
   2297.000      -38.13806       9.805870    
   2300.000      -38.51542       9.790024    
   2302.000      -38.77908       9.779480    
   2307.000      -39.58365       9.753260    
   2312.000      -40.36539       9.727399    
   2317.000      -41.23681       9.701640    
   2322.000      -42.21504       9.675980    
   2327.000      -43.32163       9.650420    
   2332.000      -44.58455       9.624959    
   2337.000      -46.04009       9.599596    
   2342.000      -47.73708       9.574331    
   2347.000      -49.74198       9.549164    
   2352.000      -52.14895       9.524093    
   2357.000      -55.09553       9.499118    
   2362.000      -58.79295       9.474240    
   2367.000      -63.58811       9.449456    
   2372.000      -70.10278       9.424768    
   2377.000      -79.62286       9.400174    
   2382.000      -95.54378       9.375674    
   2387.000      -134.4234       9.351266    
   2388.000      -154.6112       9.346396    
   2392.000      -124.3352       123.9401    
   2393.000      -110.6954       121.5384    
   2397.000      -78.64040       112.4949    
   2398.000      -73.35503       110.3680    
   2400.000      -64.53647       106.2644    
   2402.000      -57.43846       102.3534    
   2403.000      -54.37963       100.4664    
   2407.000      -44.55136       93.35191    
   2408.000      -42.56969       91.67587    
   2412.000      -36.04089       85.35022    
   2413.000      -34.70049       83.85847    
   2417.000      -30.25538       78.22536    
   2418.000      -29.34171       76.89618    
   2422.000      -26.33204       71.87190    
   2423.000      -25.72202       70.68518    
   2427.000      -23.76265       66.19700    
   2428.000      -23.38099       65.13632    
   2432.000      -22.22953       61.12084    
   2433.000      -22.02783       60.17092    
   2437.000      -21.55723       56.57293    
   2438.000      -21.50518       55.72134    
   2442.000      -21.56632       52.49262    
   2443.000      -21.64667       51.72765    
   2447.000      -22.22119       48.82589    
   2448.000      -22.42806       48.13804    
   2452.000      -23.51588       45.52626    
   2453.000      -23.85557       44.90654    
   2457.000      -25.51088       42.55231    
   2458.000      -26.00534       41.99342    
   2462.000      -28.36251       39.86827    
   2463.000      -29.06012       39.36327    
   2467.000      -32.39983       37.44213    
   2468.000      -33.40063       36.98540    
   2472.000      -38.33403       35.24622    
   2473.000      -39.87104       34.83235    
   2477.000      -48.00722       33.25568    
   2478.000      -50.79020       32.88031    
   2482.000      -69.15462       31.44888    
   2483.000      -78.13074       31.10787    
   2487.000      -79.60439       106.7005    
   2488.000      -67.72572       104.7924    
   2493.000      -39.07598       95.89956    
   2498.000      -25.57609       87.98799    
   2500.000      -21.85080       85.07024    
   2503.000      -17.36691       80.93649    
   2508.000      -11.94711       74.64130    
   2513.000      -8.252516       69.01123    
   2518.000      -5.712941       63.96799    
   2523.000      -3.986952       59.44252    
   2528.000      -2.852164       55.37521    
   2533.000      -2.155879       51.71396    
   2538.000      -1.789247       48.41269    
   2543.000      -1.672677       45.43165    
   2548.000      -1.746665       42.73539    
   2553.000      -1.966067       40.29327    
   2558.000      -2.296250       38.07784    
   2563.000      -2.713043       36.06535    
   2568.000      -3.190062       34.23444    
   2573.000      -3.713559       32.56658    
   2578.000      -4.270649       31.04503    
   2583.000      -4.851084       29.65527    
   2600.000      -6.904089       25.75103    
   2700.000      -17.38224       15.92401    
   2800.000      -24.85551       14.21139    
   2859.000      -28.55442       14.97437    
   2864.000      -28.84065       15.10550    
   2869.000      -29.12086       15.24887    
   2874.000      -29.39448       15.40508    
   2879.000      -29.66081       15.57472    
   2884.000      -29.91918       15.75851    
   2889.000      -30.19468       15.95727    
   2894.000      -30.43478       16.17178    
   2899.000      -30.66455       16.40287    
   2900.000      -30.70922       16.45117    
   2904.000      -30.88331       16.65152    
   2909.000      -31.09051       16.91877    
   2914.000      -31.28603       17.20577    
   2919.000      -31.47039       17.51374    
   2924.000      -31.64544       17.84403    
   2929.000      -31.81541       18.19807    
   2934.000      -31.98936       18.57746    
   2939.000      -32.18647       18.98388    
   2944.000      -32.45111       19.41920    
   2949.000      -32.90743       19.88541    
   2954.000      -34.14781       20.38472    
   2959.000      -33.79172       25.71180    
   2964.000      -31.48221       26.26251    
   2969.000      -29.99402       26.85463    
   2974.000      -28.64624       27.49110    
   2979.000      -27.27756       28.17527    
   2984.000      -25.80955       28.91063    
   2989.000      -24.18644       29.70114    
   2994.000      -22.35877       30.55092    
   2999.000      -20.27563       31.46466    
   3000.000      -19.82360       31.65549    
   3004.000      -19.61413       31.59120    
   3009.000      -19.38631       31.50270    
   3014.000      -19.17428       31.41500    
   3019.000      -18.97559       31.32806    
   3024.000      -18.78836       31.24189    
   3029.000      -18.61111       31.15647    
   3034.000      -18.44267       31.07180    
   3039.000      -18.28203       30.98787    
   3044.000      -18.12841       30.90467    
   3049.000      -17.98112       30.82220    
   3054.000      -17.83960       30.74045    
   3100.000      -16.74124       30.02085    
   3200.000      -14.97470       28.54067    
   3300.000      -13.94270       27.19894    
   3318.000      -13.82627       26.97096    
   3323.000      -13.79875       26.90833    
   3328.000      -13.77358       26.84600    
   3333.000      -13.75093       26.78396    
   3338.000      -13.73103       26.72222    
   3343.000      -13.71414       26.66078    
   3348.000      -13.70058       26.59963    
   3353.000      -13.69076       26.53877    
   3358.000      -13.68517       26.47820    
   3363.000      -13.68446       26.41791    
   3368.000      -13.68949       26.35791    
   3373.000      -13.70137       26.29820    
   3378.000      -13.72169       26.23877    
   3383.000      -13.75366       26.17962    
   3388.000      -13.79869       26.12075    
   3393.000      -13.86316       26.06217    
   3398.000      -13.95659       26.00385    
   3400.000      -14.00578       25.98061    
   3403.000      -14.09816       25.94582    
   3408.000      -14.33679       25.88806    
   3413.000      -14.89052       25.83056    
   3418.000      -14.93643       27.58512    
   3423.000      -14.21868       27.52031    
   3428.000      -13.86951       27.45588    
   3433.000      -13.62646       27.39182    
   3438.000      -13.43524       27.32814    
   3443.000      -13.27507       27.26483    
   3448.000      -13.13574       27.20190    
   3453.000      -13.01146       27.13932    
   3458.000      -12.89865       27.07712    
   3463.000      -12.79489       27.01527    
   3468.000      -12.69853       26.95378    
   3473.000      -12.60833       26.89264    
   3478.000      -12.52340       26.83187    
   3483.000      -12.44301       26.77144    
   3488.000      -12.36663       26.71136    
   3493.000      -12.29381       26.65162    
   3498.000      -12.22419       26.59223    
   3500.000      -12.19716       26.56857    
   3503.000      -12.15747       26.53318    
   3508.000      -12.09341       26.47446    
   3513.000      -12.03181       26.41609    
   3600.000      -11.24860       25.45183    
   3607.000      -11.20603       25.37830    
   3612.000      -11.17759       25.32614    
   3617.000      -11.15087       25.27426    
   3622.000      -11.12596       25.22268    
   3627.000      -11.10298       25.17139    
   3632.000      -11.08208       25.12039    
   3637.000      -11.06345       25.06967    
   3642.000      -11.04732       25.01924    
   3647.000      -11.03398       24.96909    
   3652.000      -11.02383       24.91922    
   3657.000      -11.01739       24.86963    
   3662.000      -11.01533       24.82032    
   3667.000      -11.01863       24.77129    
   3672.000      -11.02867       24.72253    
   3677.000      -11.04756       24.67404    
   3682.000      -11.07872       24.62583    
   3687.000      -11.12823       24.57788    
   3692.000      -11.20863       24.53021    
   3697.000      -11.35330       24.48280    
   3700.000      -11.51849       24.45448    
   3702.000      -11.73207       24.43566    
   3707.000      -11.58587       25.46302    
   3712.000      -11.20706       25.41592    
   3717.000      -11.00378       25.36907    
   3722.000      -10.85666       25.32249    
   3727.000      -10.73776       25.27616    
   3732.000      -10.63598       25.23009    
   3737.000      -10.54577       25.18428    
   3742.000      -10.46395       25.13872    
   3747.000      -10.38851       25.09342    
   3752.000      -10.31811       25.04837    
   3757.000      -10.25183       25.00358    
   3762.000      -10.18896       24.95903    
   3767.000      -10.12900       24.91474    
   3772.000      -10.07155       24.87068    
   3777.000      -10.01628       24.82688    
   3782.000      -9.962942       24.78332    
   3787.000      -9.911334       24.74001    
   3792.000      -9.861278       24.69694    
   3797.000      -9.812634       24.65411    
   3800.000      -9.784071       24.62853    
   3802.000      -9.765274       24.61152    
   3900.000      -8.585924       23.76292    
   4000.000      -7.952509       22.92251    
   4100.000      -7.437586       22.14411    
   4200.000      -7.006647       21.42314    
   4300.000      -6.639513       20.75587    
   4400.000      -6.322191       20.13931    
   4500.000      -5.718176       19.52758    
   4600.000      -5.437004       18.92076    
   4700.000      -5.189677       18.34325    
   4800.000      -4.960547       17.79284    
   4900.000      -4.761798       17.26592    
   5000.000      -4.588362       16.76252    
   5100.000      -4.438738       16.28121    
   5200.000      -4.307268       15.82091    
   5300.000      -4.192023       15.38038    
   5400.000      -4.091338       14.95844    
   5500.000      -4.003754       14.55405    
   5600.000      -3.927997       14.16619    
   5700.000      -3.862947       13.79396    
   5800.000      -3.807612       13.43649    
   5900.000      -3.761119       13.09299    
   6000.000      -3.739641       12.76387    
   6100.000      -3.708847       12.44750    
   6200.000      -3.684710       12.14303    
   6300.000      -3.666682       11.84986    
   6400.000      -3.654272       11.56742    
   6500.000      -3.647042       11.29517    
   6600.000      -3.644599       11.03262    
   6700.000      -3.646589       10.77929    
   6800.000      -3.652696       10.53474    
   6900.000      -3.675825       10.29929    
   7000.000      -3.692681       10.07218    
   7100.000      -3.709748       9.852727    
   7200.000      -3.729892       9.640561    
   7300.000      -3.769024       9.435513    
   7400.000      -3.794616       9.237280    
   7500.000      -3.827627       9.045718    
   7600.000      -3.858364       8.860263    
   7700.000      -3.906144       8.680810    
   7800.000      -3.941281       8.507018    
   7900.000      -3.978560       8.338551    
   8000.000      -4.017909       8.175183    
   8100.000      -4.059271       8.016706    
   8200.000      -4.102599       7.862924    
   8300.000      -4.147859       7.713643    
   8400.000      -4.195024       7.568687    
   8500.000      -4.244082       7.427884    
   8600.000      -4.295031       7.291072    
   8700.000      -4.347877       7.158101    
   8800.000      -4.402643       7.028820    
   8900.000      -4.459359       6.903093    
   9000.000      -4.516795       6.782482    
   9100.000      -4.576005       6.665171    
   9200.000      -4.637034       6.551037    
   9300.000      -4.699939       6.439961    
   9400.000      -4.764784       6.331833    
   9500.000      -4.831648       6.226544    
   9600.000      -4.900621       6.123992    
   9700.000      -4.971807       6.024083    
   9800.000      -5.045325       5.926719    
   9900.000      -5.121311       5.831816    
   10000.00      -5.199920       5.739285    
   10100.00      -5.281329       5.649047    
   10200.00      -5.365738       5.561024    
   10300.00      -5.453383       5.475142    
   10400.00      -5.544933       5.391335    
   10500.00      -5.639875       5.309536    
   10600.00      -5.738941       5.229674    
   10700.00      -5.842532       5.151687    
   10800.00      -5.952351       5.075523    
   10900.00      -6.066495       5.001140    
   11000.00      -6.186816       4.928458    
   11100.00      -6.314064       4.857424    
   11200.00      -6.449149       4.787988    
   11300.00      -6.593181       4.720099    
   11400.00      -6.747526       4.653712    
   11500.00      -6.914591       4.588785    
   11600.00      -7.095140       4.525273    
   11700.00      -7.292681       4.463131    
   11800.00      -7.510980       4.402318    
   11900.00      -7.755206       4.342796    
   12000.00      -8.032759       4.284526    
   12100.00      -8.354745       4.227472    
   12200.00      -8.738977       4.171601    
   12300.00      -9.216743       4.116877    
   12400.00      -9.850972       4.063270    
   12500.00      -10.80143       4.010747    
   12560.00      -11.73144       3.979741    
   12565.00      -11.83373       3.977175    
   12570.00      -11.94178       3.974610    
   12575.00      -12.05625       3.972049    
   12580.00      -12.17795       3.969489    
   12585.00      -12.30783       3.966933    
   12590.00      -12.44708       3.964379    
   12595.00      -12.59715       3.961827    
   12600.00      -12.75984       3.959278    
   12605.00      -12.93744       3.956733    
   12610.00      -13.13300       3.954189    
   12615.00      -13.35051       3.951648    
   12620.00      -13.59548       3.949109    
   12625.00      -13.87582       3.946573    
   12630.00      -14.20340       3.944039    
   12635.00      -14.59732       3.941508    
   12640.00      -15.09122       3.938980    
   12645.00      -15.75331       3.936454    
   12650.00      -16.75968       3.933931    
   12655.00      -18.92795       3.931410    
   12660.00      -18.94344       10.15727    
   12665.00      -16.75857       10.15045    
   12670.00      -15.74064       10.14364    
   12675.00      -15.06910       10.13683    
   12680.00      -14.56686       10.13003    
   12685.00      -14.16540       10.12324    
   12690.00      -13.83092       10.11646    
   12695.00      -13.54411       10.10968    
   12700.00      -13.29307       10.10291    
   12705.00      -13.06986       10.09614    
   12710.00      -12.86889       10.08939    
   12715.00      -12.68614       10.08264    
   12720.00      -12.51858       10.07589    
   12725.00      -12.36387       10.06915    
   12730.00      -12.22021       10.06242    
   12735.00      -12.08609       10.05570    
   12740.00      -11.96034       10.04898    
   12745.00      -11.84199       10.04227    
   12750.00      -11.73021       10.03557    
   12755.00      -11.62432       10.02887    
   12800.00      -10.86167       9.968899    
   12900.00      -9.804917       9.837609    
   13000.00      -9.130235       9.708899    
   13100.00      -8.645139       9.582693    
   13200.00      -8.275349       9.458926    
   13300.00      -7.984751       9.337534    
   13400.00      -7.753256       9.218456    
   13500.00      -7.568749       9.101633    
   13600.00      -7.425166       8.987017    
   13700.00      -7.314874       8.874552    
   13800.00      -7.236766       8.764174    
   13900.00      -7.190005       8.655835    
   14000.00      -7.175495       8.549481    
   14100.00      -7.196280       8.445065    
   14200.00      -7.258547       8.342542    
   14300.00      -7.373995       8.241862    
   14400.00      -7.565830       8.142983    
   14500.00      -7.887614       8.045862    
   14600.00      -8.513529       7.950456    
   14605.00      -8.562250       7.945731    
   14610.00      -8.613895       7.941009    
   14615.00      -8.668796       7.936291    
   14620.00      -8.727351       7.931578    
   14625.00      -8.790046       7.926868    
   14630.00      -8.857464       7.922163    
   14635.00      -8.930326       7.917462    
   14640.00      -9.009531       7.912765    
   14645.00      -9.096222       7.908072    
   14650.00      -9.191865       7.903385    
   14655.00      -9.298472       7.898700    
   14660.00      -9.418743       7.894020    
   14665.00      -9.556548       7.889344    
   14670.00      -9.717687       7.884672    
   14675.00      -9.911418       7.880003    
   14680.00      -10.15392       7.875340    
   14685.00      -10.47753       7.870680    
   14690.00      -10.96359       7.866025    
   14695.00      -11.96084       7.861373    
   14700.00      -12.28938       11.00271    
   14705.00      -11.06477       10.99642    
   14710.00      -10.52679       10.99014    
   14715.00      -10.17662       10.98386    
   14720.00      -9.916172       10.97759    
   14725.00      -9.708520       10.97132    
   14730.00      -9.535735       10.96506    
   14735.00      -9.387648       10.95880    
   14740.00      -9.258041       10.95255    
   14745.00      -9.142776       10.94631    
   14750.00      -9.038969       10.94007    
   14755.00      -8.944531       10.93384    
   14760.00      -8.857901       10.92761    
   14765.00      -8.777878       10.92138    
   14770.00      -8.703525       10.91516    
   14775.00      -8.634100       10.90895    
   14780.00      -8.568971       10.90274    
   14785.00      -8.507648       10.89654    
   14790.00      -8.449711       10.89034    
   14795.00      -8.394801       10.88415    
   14800.00      -8.342486       10.87797    
   14900.00      -7.644138       10.75544    
   15000.00      -7.258345       10.63498    
   15100.00      -7.040939       10.51653    
   15200.00      -6.985180       10.40005    
   15249.00      -7.052676       10.34368    
   15254.00      -7.065713       10.33796    
   15259.00      -7.080321       10.33223    
   15264.00      -7.096673       10.32652    
   15269.00      -7.114974       10.32080    
   15274.00      -7.135469       10.31510    
   15279.00      -7.158458       10.30939    
   15284.00      -7.184309       10.30370    
   15289.00      -7.213478       10.29801    
   15294.00      -7.246562       10.29232    
   15299.00      -7.284318       10.28663    
   15300.00      -7.292517       10.28550    
   15304.00      -7.327766       10.28095    
   15309.00      -7.378305       10.27528    
   15314.00      -7.437937       10.26961    
   15319.00      -7.509666       10.26395    
   15324.00      -7.598304       10.25829    
   15329.00      -7.712294       10.25263    
   15334.00      -7.868603       10.24698    
   15339.00      -8.110645       10.24133    
   15344.00      -8.631241       10.23569    
   15349.00      -8.703681       11.83106    
   15354.00      -8.102658       11.82517    
   15359.00      -7.824589       11.81929    
   15364.00      -7.638688       11.81342    
   15369.00      -7.497339       11.80755    
   15374.00      -7.382386       11.80168    
   15379.00      -7.284883       11.79582    
   15384.00      -7.199821       11.78996    
   15389.00      -7.124078       11.78411    
   15394.00      -7.055581       11.77826    
   15399.00      -6.992885       11.77242    
   15400.00      -6.980951       11.77125    
   15404.00      -6.934940       11.76658    
   15409.00      -6.880963       11.76074    
   15414.00      -6.830363       11.75491    
   15419.00      -6.782687       11.74908    
   15424.00      -6.737310       11.74326    
   15429.00      -6.694335       11.73744    
   15434.00      -6.653272       11.73163    
   15439.00      -6.613941       11.72582    
   15444.00      -6.576168       11.72002    
   15500.00      -6.226526       11.65530    
   15600.00      -5.775977       11.54108    
   15700.00      -5.429002       11.42853    
   15800.00      -5.138936       11.31764    
   15900.00      -4.887214       11.20836    
   16000.00      -4.662330       11.10067    
   16100.00      -4.461074       10.99455    
   16200.00      -4.274899       10.88996    
   16300.00      -4.103177       10.78686    
   16400.00      -3.943772       10.68522    
   16500.00      -3.796535       10.58505    
   16600.00      -3.657218       10.48633    
   16700.00      -3.526216       10.38898    
   16800.00      -3.402684       10.29298    
   16900.00      -3.285898       10.19830    
   17000.00      -3.175252       10.10491    
   17100.00      -3.070220       10.01280    
   17200.00      -2.970351       9.921924    
   17300.00      -2.875248       9.832274    
   17400.00      -2.784560       9.743821    
   17500.00      -2.697978       9.656544    
   17600.00      -2.615227       9.570419    
   17700.00      -2.536059       9.485427    
   17800.00      -2.460252       9.401547    
   17900.00      -2.387601       9.318757    
   18000.00      -2.317923       9.237037    
   18100.00      -2.251051       9.156368    
   18200.00      -2.186832       9.076732    
   18300.00      -2.125126       8.998111    
   18400.00      -2.065799       8.920484    
   18500.00      -2.008734       8.843835    
   18600.00      -1.953819       8.768147    
   18700.00      -1.900952       8.693403    
   18800.00      -1.850036       8.619588    
   18900.00      -1.800982       8.546683    
   19000.00      -1.753708       8.474674    
   19100.00      -1.708217       8.403545    
   19200.00      -1.662470       8.333200    
   19300.00      -1.620051       8.263698    
   19400.00      -1.579127       8.195028    
   19500.00      -1.539639       8.127180    
   19600.00      -1.501530       8.060140    
   19700.00      -1.464746       7.993892    
   19800.00      -1.429238       7.928427    
   19900.00      -1.394958       7.863728    
   20000.00      -1.383338       7.800321    
   20100.00      -1.351850       7.738231    
   20200.00      -1.321415       7.676906    
   20300.00      -1.291994       7.616334    
   20400.00      -1.263550       7.556500    
   20500.00      -1.236048       7.497393    
   20600.00      -1.209451       7.439002    
   20700.00      -1.183729       7.381313    
   20800.00      -1.158851       7.324317    
   20900.00      -1.134785       7.268000    
   21000.00      -1.111504       7.212352    
   21100.00      -1.088981       7.157363    
   21200.00      -1.067190       7.103021    
   21300.00      -1.046107       7.049318    
   21400.00      -1.025706       6.996241    
   21500.00      -1.005967       6.943781    
   21600.00     -0.9868658       6.891928    
   21700.00     -0.9683831       6.840673    
   21800.00     -0.9504988       6.790008    
   21900.00     -0.9331930       6.739920    
   22000.00     -0.9164477       6.690403    
   22100.00     -0.9002451       6.641447    
   22200.00     -0.8845682       6.593043    
   22300.00     -0.8694009       6.545184    
   22400.00     -0.8547269       6.497860    
   22500.00     -0.8405315       6.451064    
   22600.00     -0.8267999       6.404788    
   22700.00     -0.8135183       6.359023    
   22800.00     -0.8006733       6.313762    
   22900.00     -0.7882514       6.268998    
   23000.00     -0.7762403       6.224722    
   23100.00     -0.7646280       6.180928    
   23200.00     -0.7534027       6.137609    
   23300.00     -0.7425534       6.094758    
   23400.00     -0.7320688       6.052366    
   23500.00     -0.7219387       6.010429    
   23600.00     -0.7121530       5.968939    
   23700.00     -0.7027017       5.927889    
   23800.00     -0.6935757       5.887276    
   23900.00     -0.6847655       5.847089    
   24000.00     -0.6762624       5.807324    
   24100.00     -0.6680580       5.767975    
   24200.00     -0.6601439       5.729037    
   24300.00     -0.6525122       5.690503    
   24400.00     -0.6451550       5.652367    
   24500.00     -0.6380650       5.614624    
   24600.00     -0.6312349       5.577269    
   24700.00     -0.6246577       5.540295    
   24800.00     -0.6183267       5.503698    
   24900.00     -0.6122351       5.467473    
