  Element 69: Tm      Atomic mass:  168.9342

  Edge          keV         A
    K        59.3896    0.2088
    L-I      10.1157    1.2257
    L-II      9.6169    1.2892
    L-III     8.6480    1.4337
    M1        2.3068    5.3747
    M2        2.0898    5.9328
    M3        1.8845    6.5792
    M4        1.5146    8.1859
    M5        1.4677    8.4475

Scattering factors as a function of energy: 

   1000.000      -28.07755       11.12569    
   1100.000      -28.93076       10.28927    
   1200.000      -30.52629       9.534376    
   1300.000      -33.53188       8.851936    
   1370.000      -38.14471       8.413706    
   1375.000      -38.68790       8.383659    
   1380.000      -39.28532       8.353762    
   1385.000      -39.94665       8.324012    
   1390.000      -40.68397       8.294410    
   1395.000      -41.51252       8.264954    
   1400.000      -42.45178       8.235643    
   1405.000      -43.52695       8.206477    
   1410.000      -44.77122       8.177455    
   1415.000      -46.22899       8.148575    
   1417.000      -46.88480       8.137063    
   1420.000      -47.96096       8.119838    
   1422.000      -48.74852       8.108381    
   1425.000      -50.05213       8.091241    
   1427.000      -51.01498       8.079841    
   1430.000      -52.62512       8.062784    
   1432.000      -53.82753       8.051440    
   1435.000      -55.86335       8.034467    
   1437.000      -57.40430       8.023178    
   1440.000      -60.05436       8.006288    
   1442.000      -62.09496       7.995055    
   1445.000      -65.67715       7.978246    
   1447.000      -68.50066       7.967068    
   1450.000      -73.60303       7.950341    
   1452.000      -77.76549       7.939218    
   1455.000      -85.63985       7.922573    
   1457.000      -92.44836       7.911503    
   1460.000      -106.5098       7.894938    
   1462.000      -120.3295       7.883923    
   1465.000      -157.5641       7.867439    
   1467.000      -230.4927       7.856477    
   1470.000      -153.9915       180.6982    
   1472.000      -111.2485       167.8434    
   1475.000      -76.40655       150.5335    
   1477.000      -61.75598       140.1716    
   1480.000      -46.70958       126.1880    
   1482.000      -39.76642       117.7986    
   1485.000      -32.54101       106.4523    
   1487.000      -29.34891       99.63035    
   1490.000      -26.45296       90.38405    
   1492.000      -25.58423       84.81268    
   1495.000      -25.67546       77.24540    
   1497.000      -26.62155       72.67599    
   1500.000      -29.42062       66.45666    
   1502.000      -32.33368       62.69327    
   1505.000      -38.77116       57.56042    
   1507.000      -45.05423       54.44803    
   1510.000      -60.05230       50.19441    
   1512.000      -78.63731       47.60987    
   1515.000      -149.3397       163.8450    
   1517.000      -73.63322       153.0424    
   1520.000      -38.26334       138.4043    
   1522.000      -25.15494       129.5863    
   1525.000      -12.16592       117.6122    
   1527.000      -6.199784       110.3837    
   1530.000      0.1835600       100.5477    
   1532.000       3.213583       94.59744    
   1535.000       6.448237       86.48417    
   1537.000       7.937657       81.56596    
   1540.000       9.460746       74.84631    
   1542.000       10.02382       70.76439    
   1545.000       10.45505       65.17682    
   1547.000       10.51428       61.77567    
   1550.000       10.32691       57.11081    
   1552.000       10.05524       54.26568    
   1555.000       9.478625       50.35588    
   1557.000       9.005102       47.96663    
   1560.000       8.193897       44.67706    
   1562.000       7.601057       42.66298    
   1565.000       6.655095       39.88464    
   1567.000       5.996667       38.18054    
   1572.000       4.292363       34.37810    
   1577.000       2.553906       31.14073    
   1582.000      0.8240206       28.37460    
   1587.000     -0.8699215       26.00283    
   1592.000      -2.512395       23.96222    
   1597.000      -4.092163       22.20065    
   1600.000      -5.008336       21.25939    
   1602.000      -5.605574       20.67501    
   1607.000      -7.051175       19.34949    
   1612.000      -8.429803       18.19431    
   1700.000      -25.43373       10.46654    
   1787.000      -39.52208       10.04571    
   1792.000      -40.51379       10.12974    
   1797.000      -41.54349       10.22828    
   1800.000      -42.18112       10.29481    
   1802.000      -42.61504       10.34239    
   1807.000      -43.73261       10.47328    
   1812.000      -44.90079       10.62234    
   1817.000      -46.12462       10.79116    
   1822.000      -47.40972       10.98156    
   1827.000      -48.76236       11.19562    
   1832.000      -50.18963       11.43568    
   1837.000      -51.69964       11.70442    
   1842.000      -53.30182       12.00488    
   1847.000      -55.00732       12.34051    
   1852.000      -56.82981       12.71522    
   1857.000      -58.78672       13.13348    
   1862.000      -60.90181       13.60036    
   1867.000      -63.21075       14.12163    
   1872.000      -65.77644       14.70387    
   1877.000      -68.74466       15.35459    
   1882.000      -72.74741       16.08237    
   1887.000      -75.28391       21.60281    
   1892.000      -76.35160       22.48344    
   1897.000      -78.52206       23.47575    
   1900.000      -80.07439       24.13079    
   1902.000      -81.19223       24.59447    
   1907.000      -84.25054       25.85654    
   1912.000      -37.35510       26.21969    
   1917.000      -37.87753       26.35635    
   1922.000      -38.49501       26.51994    
   1927.000      -39.20353       26.71353    
   1932.000      -40.00266       26.94061    
   1937.000      -40.89451       27.20515    
   1942.000      -41.88303       27.51168    
   1947.000      -42.97378       27.86536    
   1952.000      -44.17376       28.27207    
   1957.000      -45.49136       28.73856    
   1962.000      -46.93646       29.27252    
   1967.000      -48.52097       29.88279    
   1972.000      -17.41091       30.07033    
   1977.000      -17.26446       29.94576    
   1982.000      -17.12591       29.82236    
   1992.000      -16.86973       29.57895    
   1997.000      -16.75169       29.45892    
   2000.000      -16.68396       29.38743    
   2002.000      -16.64009       29.33998    
   2007.000      -16.53484       29.22215    
   2012.000      -16.43589       29.10537    
   2017.000      -16.34330       28.98966    
   2022.000      -16.25718       28.87499    
   2027.000      -16.17778       28.76135    
   2032.000      -16.10543       28.64874    
   2037.000      -16.04067       28.53713    
   2042.000      -15.98421       28.42652    
   2047.000      -15.93711       28.31690    
   2052.000      -15.90085       28.20824    
   2057.000      -15.87766       28.10056    
   2062.000      -15.87092       27.99382    
   2067.000      -15.88612       27.88803    
   2072.000      -15.93300       27.78316    
   2077.000      -16.03123       27.67922    
   2082.000      -16.23091       27.57618    
   2087.000      -16.75111       27.47405    
   2092.000      -16.80005       29.27229    
   2097.000      -15.98431       29.15865    
   2100.000      -15.71793       29.09103    
   2102.000      -15.57347       29.04618    
   2107.000      -15.27824       28.93489    
   2112.000      -15.04000       28.82475    
   2117.000      -14.83638       28.71575    
   2122.000      -14.65644       28.60787    
   2127.000      -14.49393       28.50110    
   2132.000      -14.34497       28.39543    
   2137.000      -14.20696       28.29084    
   2142.000      -14.07808       28.18732    
   2147.000      -13.95701       28.08485    
   2152.000      -13.84273       27.98343    
   2157.000      -13.73447       27.88304    
   2162.000      -13.63163       27.78366    
   2167.000      -13.53372       27.68529    
   2172.000      -13.44034       27.58792    
   2177.000      -13.35116       27.49153    
   2182.000      -13.26594       27.39612    
   2187.000      -13.18445       27.30166    
   2200.000      -12.98887       27.06050    
   2209.000      -12.86650       26.89722    
   2214.000      -12.80297       26.80779    
   2219.000      -12.74259       26.71925    
   2224.000      -12.68539       26.63160    
   2229.000      -12.63141       26.54483    
   2234.000      -12.58074       26.45893    
   2239.000      -12.53353       26.37389    
   2244.000      -12.48996       26.28971    
   2249.000      -12.45030       26.20638    
   2254.000      -12.41492       26.12389    
   2259.000      -12.38430       26.04222    
   2264.000      -12.35913       25.96138    
   2269.000      -12.34038       25.88135    
   2274.000      -12.32946       25.80214    
   2279.000      -12.32850       25.72372    
   2284.000      -12.34095       25.64610    
   2289.000      -12.37291       25.56927    
   2294.000      -12.43662       25.49322    
   2299.000      -12.56325       25.41794    
   2300.000      -12.60296       25.40298    
   2304.000      -12.88898       25.34343    
   2309.000      -12.92214       26.44990    
   2314.000      -12.41943       26.37434    
   2319.000      -12.16585       26.29956    
   2324.000      -11.98273       26.22556    
   2329.000      -11.83394       26.15233    
   2334.000      -11.70581       26.07987    
   2339.000      -11.59161       26.00817    
   2344.000      -11.48754       25.93723    
   2349.000      -11.39124       25.86704    
   2354.000      -11.30113       25.79759    
   2359.000      -11.21610       25.72888    
   2364.000      -11.13535       25.66090    
   2369.000      -11.05826       25.59366    
   2374.000      -10.98435       25.52713    
   2379.000      -10.91327       25.46133    
   2384.000      -10.84469       25.39624    
   2389.000      -10.77837       25.33187    
   2394.000      -10.71411       25.26819    
   2399.000      -10.65171       25.20522    
   2400.000      -10.63944       25.19271    
   2404.000      -10.59101       25.14295    
   2500.000      -9.102409       23.94741    
   2600.000      -8.274206       22.75876    
   2700.000      -7.630166       21.71917    
   2800.000      -6.729585       20.70172    
   2900.000      -6.246799       19.74901    
   3000.000      -5.638979       18.85744    
   3100.000      -5.280236       18.00623    
   3200.000      -4.981446       17.21334    
   3300.000      -4.732565       16.47340    
   3400.000      -4.536403       15.78177    
   3500.000      -4.367042       15.13453    
   3600.000      -4.227866       14.52759    
   3700.000      -4.114634       13.95757    
   3800.000      -4.030588       13.42172    
   3900.000      -3.959846       12.91779    
   4000.000      -3.905986       12.44269    
   4100.000      -3.866926       11.99417    
   4200.000      -3.849377       11.57047    
   4300.000      -3.835349       11.17046    
   4400.000      -3.831460       10.79164    
   4500.000      -3.836620       10.43248    
   4600.000      -3.849902       10.09160    
   4700.000      -3.873170       9.768026    
   4800.000      -3.900520       9.460382    
   4900.000      -3.933925       9.167576    
   5000.000      -3.972899       8.888640    
   5100.000      -4.017036       8.622687    
   5200.000      -4.065996       8.368901    
   5300.000      -4.119500       8.126527    
   5400.000      -4.177324       7.894873    
   5500.000      -4.239297       7.673298    
   5600.000      -4.305290       7.461210    
   5700.000      -4.375221       7.258059    
   5800.000      -4.449049       7.063335    
   5900.000      -4.526770       6.876568    
   6000.000      -4.608426       6.697316    
   6100.000      -4.694097       6.525172    
   6200.000      -4.783904       6.359754    
   6300.000      -4.878023       6.200706    
   6400.000      -4.989387       6.047938    
   6500.000      -5.092720       5.901132    
   6600.000      -5.209263       5.759882    
   6700.000      -5.323102       5.624006    
   6800.000      -5.442915       5.493008    
   6900.000      -5.569279       5.366651    
   7000.000      -5.702888       5.244711    
   7100.000      -5.844575       5.126979    
   7200.000      -5.995356       5.013258    
   7300.000      -6.161053       4.903413    
   7400.000      -6.334023       4.797263    
   7500.000      -6.520764       4.694598    
   7600.000      -6.723720       4.595263    
   7700.000      -6.946065       4.499112    
   7800.000      -7.192037       4.406005    
   7900.000      -7.467458       4.315813    
   8000.000      -7.780665       4.228412    
   8100.000      -8.144203       4.143685    
   8200.000      -8.589826       4.061666    
   8300.000      -9.130273       3.982383    
   8400.000      -9.850380       3.905452    
   8500.000      -10.94285       3.830777    
   8551.000      -11.83728       3.793534    
   8556.000      -11.94949       3.789912    
   8561.000      -12.06802       3.786296    
   8566.000      -12.19364       3.782685    
   8571.000      -12.32724       3.779079    
   8576.000      -12.46990       3.775479    
   8581.000      -12.62294       3.771884    
   8586.000      -12.78797       3.768294    
   8591.000      -12.96700       3.764710    
   8596.000      -13.16269       3.761131    
   8600.000      -13.33347       3.758271    
   8601.000      -13.37839       3.757556    
   8606.000      -13.61862       3.753987    
   8611.000      -13.88966       3.750424    
   8616.000      -14.20051       3.746865    
   8621.000      -14.56479       3.743311    
   8626.000      -15.00458       3.739763    
   8631.000      -15.55908       3.736221    
   8636.000      -16.30974       3.732683    
   8641.000      -17.47393       3.729150    
   8646.000      -20.18725       3.725622    
   8651.000      -19.33020       10.57312    
   8656.000      -17.17150       10.55039    
   8661.000      -16.09929       10.52794    
   8666.000      -15.37951       10.50579    
   8671.000      -14.83726       10.48392    
   8676.000      -14.40226       10.46234    
   8681.000      -14.03940       10.44104    
   8686.000      -13.72842       10.42002    
   8691.000      -13.45661       10.39928    
   8696.000      -13.21545       10.37881    
   8700.000      -13.04051       10.36263    
   8701.000      -12.99893       10.35861    
   8706.000      -12.80270       10.33869    
   8711.000      -12.62344       10.31903    
   8716.000      -12.45866       10.29964    
   8721.000      -12.30628       10.28052    
   8726.000      -12.16473       10.26166    
   8731.000      -12.03270       10.24305    
   8736.000      -11.90910       10.22471    
   8741.000      -11.79302       10.20662    
   8746.000      -11.68371       10.18879    
   8800.000      -10.80304       10.01191    
   8900.000      -9.924199       9.755286    
   9000.000      -9.473496       9.583167    
   9100.000      -8.971663       9.468038    
   9200.000      -8.750793       9.324405    
   9300.000      -8.668998       9.180952    
   9400.000      -8.755780       9.037808    
   9500.000      -9.143586       8.895091    
   9519.000      -9.286144       8.868032    
   9524.000      -9.330073       8.860915    
   9529.000      -9.377222       8.853800    
   9534.000      -9.427958       8.846684    
   9539.000      -9.482707       8.839573    
   9544.000      -9.542013       8.832461    
   9549.000      -9.606502       8.825352    
   9554.000      -9.676955       8.818243    
   9559.000      -9.754350       8.811135    
   9564.000      -9.839931       8.804030    
   9569.000      -9.935309       8.796926    
   9574.000      -10.04264       8.789824    
   9579.000      -10.16487       8.782722    
   9584.000      -10.30619       8.775624    
   9589.000      -10.47297       8.768526    
   9594.000      -10.67524       8.761431    
   9599.000      -10.93063       8.754335    
   9600.000      -10.99067       8.752916    
   9604.000      -11.27434       8.747243    
   9609.000      -11.79506       8.740151    
   9614.000      -12.87249       8.733062    
   9619.000      -13.22214       12.15429    
   9624.000      -11.87755       12.14275    
   9629.000      -11.28171       12.13121    
   9634.000      -10.89106       12.11969    
   9639.000      -10.59855       12.10819    
   9644.000      -10.36387       12.09670    
   9649.000      -10.16740       12.08522    
   9654.000      -9.998112       12.07376    
   9659.000      -9.849164       12.06232    
   9664.000      -9.716057       12.05089    
   9669.000      -9.595586       12.03947    
   9674.000      -9.485491       12.02807    
   9679.000      -9.384064       12.01669    
   9684.000      -9.289990       12.00532    
   9689.000      -9.202241       11.99396    
   9694.000      -9.119995       11.98262    
   9699.000      -9.042583       11.97129    
   9700.000      -9.027639       11.96903    
   9704.000      -8.969458       11.95998    
   9709.000      -8.900173       11.94868    
   9714.000      -8.834320       11.93740    
   9800.000      -8.035500       11.74558    
   9900.000      -7.524517       11.52774    
   10000.00      -7.317966       11.31526    
   10018.00      -7.323328       11.27758    
   10023.00      -7.328358       11.26714    
   10028.00      -7.335186       11.25671    
   10033.00      -7.343991       11.24630    
   10038.00      -7.354991       11.23590    
   10043.00      -7.368444       11.22551    
   10048.00      -7.384669       11.21513    
   10053.00      -7.404057       11.20477    
   10058.00      -7.427092       11.19442    
   10063.00      -7.454408       11.18408    
   10068.00      -7.486815       11.17376    
   10073.00      -7.525400       11.16344    
   10078.00      -7.571654       11.15314    
   10083.00      -7.627709       11.14286    
   10088.00      -7.696717       11.13258    
   10093.00      -7.784198       11.12232    
   10098.00      -7.898562       11.11207    
   10100.00      -7.955484       11.10797    
   10103.00      -8.058370       11.10183    
   10108.00      -8.309944       11.09161    
   10113.00      -8.859649       11.08140    
   10118.00      -8.929058       12.78399    
   10123.00      -8.279009       12.77337    
   10128.00      -7.974472       12.76276    
   10133.00      -7.768623       12.75216    
   10138.00      -7.610549       12.74158    
   10143.00      -7.480746       12.73100    
   10148.00      -7.369716       12.72044    
   10153.00      -7.272074       12.70989    
   10158.00      -7.184477       12.69935    
   10163.00      -7.104706       12.68882    
   10168.00      -7.031211       12.67831    
   10173.00      -6.962869       12.66780    
   10178.00      -6.898838       12.65731    
   10183.00      -6.838481       12.64683    
   10188.00      -6.781269       12.63636    
   10193.00      -6.726806       12.62591    
   10198.00      -6.674761       12.61546    
   10200.00      -6.654560       12.61129    
   10203.00      -6.624864       12.60503    
   10208.00      -6.576886       12.59461    
   10213.00      -6.530636       12.58420    
   10300.00      -5.896561       12.40492    
   10400.00      -5.368383       12.20308    
   10500.00      -4.943959       12.00563    
   10600.00      -4.584038       11.81244    
   10700.00      -4.270130       11.62340    
   10800.00      -3.991620       11.43840    
   10900.00      -3.741659       11.25735    
   11000.00      -3.515468       11.08014    
   11100.00      -3.309534       10.90669    
   11200.00      -3.121166       10.73691    
   11300.00      -3.157686       10.58150    
   11400.00      -3.003731       10.43802    
   11500.00      -2.860674       10.29853    
   11600.00      -2.727323       10.16289    
   11700.00      -2.602669       10.03095    
   11800.00      -2.485842       9.902574    
   11900.00      -2.376094       9.777635    
   12000.00      -2.272769       9.656008    
   12100.00      -2.175291       9.537579    
   12200.00      -2.083152       9.422239    
   12300.00      -1.995895       9.309882    
   12400.00      -1.913114       9.200412    
   12500.00      -1.834395       9.093732    
   12600.00      -1.612362       8.978210    
   12700.00      -1.536928       8.864595    
   12800.00      -1.465406       8.753050    
   12900.00      -1.397560       8.643524    
   13000.00      -1.333170       8.535966    
   13100.00      -1.272036       8.430329    
   13200.00      -1.231922       8.327248    
   13300.00      -1.177342       8.226731    
   13400.00      -1.125432       8.128063    
   13500.00      -1.076043       8.031195    
   13600.00      -1.029038       7.936083    
   13700.00     -0.9842888       7.842686    
   13800.00     -0.9416775       7.750959    
   13900.00     -0.9010938       7.660865    
   14000.00     -0.8624339       7.572361    
   14100.00     -0.8256013       7.485413    
   14200.00     -0.7905061       7.399981    
   14300.00     -0.7570627       7.316031    
   14400.00     -0.7251920       7.233527    
   14500.00     -0.6948187       7.152436    
   14600.00     -0.6658723       7.072725    
   14700.00     -0.6387367       6.994364    
   14800.00     -0.6124502       6.917321    
   14900.00     -0.5874037       6.841567    
   15000.00     -0.5635404       6.767070    
   15100.00     -0.5408078       6.693804    
   15200.00     -0.5191561       6.621742    
   15300.00     -0.4985378       6.550855    
   15400.00     -0.4789086       6.481120    
   15500.00     -0.4602257       6.412508    
   15600.00     -0.4424490       6.344998    
   15700.00     -0.4255404       6.278565    
   15800.00     -0.4094635       6.213185    
   15900.00     -0.3941840       6.148838    
   16000.00     -0.3796688       6.085498    
   16100.00     -0.3658868       6.023146    
   16200.00     -0.3528083       5.961761    
   16300.00     -0.3404053       5.901325    
   16400.00     -0.3286502       5.841814    
   16500.00     -0.3175175       5.783211    
   16600.00     -0.3069828       5.725497    
   16700.00     -0.2970226       5.668654    
   16800.00     -0.2876146       5.612666    
   16900.00     -0.2787372       5.557512    
   17000.00     -0.2703700       5.503178    
   17100.00     -0.2624936       5.449647    
   17200.00     -0.2550892       5.396902    
   17300.00     -0.2517192       5.344934    
   17400.00     -0.2452217       5.293831    
   17500.00     -0.2391418       5.243469    
   17600.00     -0.2334637       5.193833    
   17700.00     -0.2281726       5.144909    
   17800.00     -0.2232542       5.096685    
   17900.00     -0.2186946       5.049145    
   18000.00     -0.2144806       5.002276    
   18100.00     -0.2105996       4.956067    
   18200.00     -0.2070394       4.910503    
   18300.00     -0.2037885       4.865576    
   18400.00     -0.2008356       4.821269    
   18500.00     -0.1981699       4.777574    
   18600.00     -0.1957811       4.734477    
   18700.00     -0.1936594       4.691969    
   18800.00     -0.1917952       4.650039    
   18900.00     -0.1901793       4.608675    
   19000.00     -0.1888029       4.567868    
   19100.00     -0.1876576       4.527607    
   19200.00     -0.1867351       4.487882    
   19300.00     -0.1903472       4.448767    
   19400.00     -0.1898655       4.410210    
   19500.00     -0.1895810       4.372161    
   19600.00     -0.1894868       4.334612    
   19700.00     -0.1895763       4.297552    
   19800.00     -0.1898429       4.260975    
   19900.00     -0.1902805       4.224870    
   20000.00     -0.1908831       4.189229    
   20100.00     -0.1916450       4.154046    
   20200.00     -0.1925606       4.119311    
   20300.00     -0.1950283       4.085044    
   20400.00     -0.1962468       4.051222    
   20500.00     -0.1976029       4.017827    
   20600.00     -0.1990915       3.984850    
   20700.00     -0.2007082       3.952285    
   20800.00     -0.2024485       3.920126    
   20900.00     -0.2043080       3.888364    
   21000.00     -0.2062827       3.856994    
   21100.00     -0.2083686       3.826009    
   21200.00     -0.2105618       3.795402    
   21300.00     -0.2128585       3.765168    
   21400.00     -0.2152553       3.735300    
   21500.00     -0.2177487       3.705792    
   21600.00     -0.2203352       3.676638    
   21700.00     -0.2230117       3.647833    
   21800.00     -0.2257749       3.619371    
   21900.00     -0.2286221       3.591247    
   22000.00     -0.2315502       3.563454    
   22100.00     -0.2345565       3.535988    
   22200.00     -0.2376381       3.508844    
   22300.00     -0.2407925       3.482016    
   22400.00     -0.2440172       3.455500    
   22500.00     -0.2473097       3.429290    
   22600.00     -0.2506676       3.403382    
   22700.00     -0.2540888       3.377770    
   22800.00     -0.2575708       3.352452    
   22900.00     -0.2611117       3.327422    
   23000.00     -0.2647094       3.302675    
   23100.00     -0.2683619       3.278207    
   23200.00     -0.2720672       3.254014    
   23300.00     -0.2758235       3.230093    
   23400.00     -0.2796290       3.206437    
   23500.00     -0.2834820       3.183044    
   23600.00     -0.2873808       3.159910    
   23700.00     -0.2913238       3.137031    
   23800.00     -0.2953092       3.114404    
   23900.00     -0.2993358       3.092023    
   24000.00     -0.3034020       3.069886    
   24100.00     -0.3075063       3.047990    
   24200.00     -0.3118408       3.026330    
   24300.00     -0.3160165       3.004903    
   24400.00     -0.3202274       2.983707    
   24500.00     -0.3244713       2.962736    
   24600.00     -0.3287470       2.941989    
   24700.00     -0.3330534       2.921462    
   24800.00     -0.3373892       2.901152    
   24900.00     -0.3417537       2.881056    
