  Element 92: U       Atomic mass:  238.0289

  Edge          keV         A
    K       115.6061    0.1072
    L-I      21.7574    0.5698
    L-II     20.9476    0.5919
    L-III    17.1663    0.7223
    M1        5.5480    2.2348
    M2        5.1822    2.3925
    M3        4.3034    2.8811
    M4        3.7276    3.3261
    M5        3.5517    3.4908
    N1        1.4408    8.6052
    N2        1.2726    9.7426
    N3        1.0449   11.8657

Scattering factors as a function of energy: 

   1000.000      -38.09425       35.91898    
   1100.000      -34.30898       35.75755    
   1175.000      -31.41607       34.04954    
   1180.000      -31.25178       33.93222    
   1185.000      -31.09052       33.81453    
   1190.000      -30.93229       33.69647    
   1195.000      -30.77709       33.57808    
   1200.000      -30.62495       33.45934    
   1205.000      -30.47589       33.34027    
   1210.000      -30.32999       33.22089    
   1215.000      -30.18733       33.10121    
   1220.000      -30.04806       32.98124    
   1225.000      -29.91236       32.86098    
   1230.000      -29.78048       32.74046    
   1235.000      -29.65281       32.61969    
   1240.000      -29.52990       32.49867    
   1245.000      -29.41258       32.37743    
   1250.000      -29.40803       32.25737    
   1255.000      -29.30918       32.13789    
   1260.000      -29.22466       32.01828    
   1265.000      -29.16725       31.89855    
   1270.000      -29.19514       31.77872    
   1275.000      -29.07786       32.12214    
   1280.000      -28.78487       31.99880    
   1285.000      -28.58512       31.87555    
   1290.000      -28.41420       31.75239    
   1295.000      -28.26082       31.62932    
   1300.000      -28.11500       31.50639    
   1305.000      -27.97645       31.38357    
   1310.000      -27.84369       31.26087    
   1315.000      -27.71579       31.13829    
   1320.000      -27.68180       31.01624    
   1325.000      -27.56337       30.89568    
   1330.000      -27.44885       30.77532    
   1335.000      -27.33717       30.65515    
   1340.000      -27.22862       30.53519    
   1343.000      -27.16491       30.46332    
   1345.000      -27.12302       30.41545    
   1348.000      -27.06105       30.34370    
   1350.000      -27.02031       30.29592    
   1353.000      -26.96004       30.22431    
   1355.000      -26.92043       30.17662    
   1358.000      -26.86172       30.10515    
   1360.000      -27.10686       30.06100    
   1363.000      -27.05293       29.99606    
   1365.000      -27.01747       29.95287    
   1368.000      -26.96504       29.88823    
   1370.000      -26.93059       29.84523    
   1373.000      -26.87968       29.78089    
   1378.000      -26.79690       29.67406    
   1383.000      -26.71680       29.56771    
   1388.000      -26.63953       29.46187    
   1393.000      -26.56528       29.35652    
   1398.000      -26.49436       29.25167    
   1400.000      -26.46701       29.20986    
   1403.000      -26.42719       29.14730    
   1408.000      -26.36439       29.04343    
   1413.000      -26.30690       28.94005    
   1418.000      -26.25628       28.83716    
   1423.000      -26.21525       28.73476    
   1428.000      -26.18929       28.63284    
   1433.000      -26.19235       28.53141    
   1438.000      -26.28539       28.43047    
   1443.000      -26.24807       28.85872    
   1448.000      -25.97216       28.75938    
   1453.000      -25.80792       28.66051    
   1458.000      -25.67564       28.56210    
   1463.000      -25.55922       28.46416    
   1468.000      -25.45257       28.36668    
   1473.000      -25.35271       28.26967    
   1478.000      -25.25795       28.17313    
   1483.000      -25.16725       28.07705    
   1488.000      -25.07989       27.98143    
   1493.000      -24.99538       27.88627    
   1498.000      -24.91337       27.79158    
   1500.000      -24.88120       27.75383    
   1503.000      -24.83358       27.69735    
   1508.000      -24.75580       27.60358    
   1513.000      -24.67985       27.51026    
   1518.000      -24.60561       27.41741    
   1523.000      -24.53295       27.32502    
   1528.000      -24.89844       27.23656    
   1533.000      -24.82973       27.14903    
   1538.000      -24.76231       27.06196    
   1600.000      -24.37156       26.04132    
   1700.000      -23.30460       24.53083    
   1800.000      -22.54364       23.11453    
   1900.000      -22.03855       21.81257    
   2000.000      -21.66924       20.61423    
   2100.000      -21.39278       19.50809    
   2200.000      -21.22452       18.48471    
   2300.000      -21.16226       17.53445    
   2400.000      -21.20023       16.65052    
   2500.000      -21.33644       15.82696    
   2600.000      -21.57809       15.05912    
   2700.000      -21.92192       14.34229    
   2800.000      -22.38651       13.67180    
   2900.000      -23.00166       13.04398    
   3000.000      -24.04070       12.46551    
   3100.000      -25.00396       11.96036    
   3200.000      -26.27094       11.48785    
   3300.000      -28.00462       11.04524    
   3400.000      -30.62821       10.62983    
   3454.000      -32.83215       10.41600    
   3459.000      -33.08820       10.39655    
   3464.000      -33.35663       10.37717    
   3469.000      -33.63877       10.35784    
   3474.000      -33.93612       10.33857    
   3479.000      -34.25055       10.31936    
   3484.000      -34.58424       10.30021    
   3489.000      -34.93991       10.28112    
   3494.000      -35.32090       10.26208    
   3499.000      -35.73145       10.24310    
   3500.000      -35.81755       10.23931    
   3504.000      -36.17701       10.22418    
   3509.000      -36.66486       10.20531    
   3514.000      -37.20486       10.18650    
   3519.000      -37.81116       10.16775    
   3524.000      -38.50475       10.14905    
   3529.000      -39.31933       10.13041    
   3534.000      -40.31363       10.11183    
   3539.000      -41.60595       10.09330    
   3544.000      -43.49733       10.07482    
   3549.000      -47.32729       10.05640    
   3554.000      -48.01356       21.13144    
   3559.000      -44.12218       21.20415    
   3564.000      -42.43800       21.27643    
   3569.000      -41.37857       21.34826    
   3574.000      -40.61936       21.41962    
   3579.000      -40.03705       21.49050    
   3584.000      -39.57170       21.56087    
   3589.000      -39.18972       21.63073    
   3594.000      -38.87041       21.70004    
   3599.000      -38.60027       21.76879    
   3600.000      -38.55127       21.78247    
   3604.000      -38.37000       21.83697    
   3609.000      -38.17305       21.90455    
   3614.000      -38.00463       21.97153    
   3619.000      -37.86129       22.03786    
   3624.000      -37.74044       22.10356    
   3629.000      -37.64023       22.16859    
   3630.000      -37.62254       22.18151    
   3634.000      -37.55936       22.23294    
   3635.000      -37.54542       22.24572    
   3639.000      -37.49699       22.29659    
   3640.000      -37.48670       22.30923    
   3644.000      -37.45272       22.35953    
   3645.000      -37.44603       22.37202    
   3649.000      -37.42652       22.42173    
   3650.000      -37.42347       22.43408    
   3655.000      -37.41946       22.49539    
   3660.000      -37.43486       22.55593    
   3665.000      -37.46984       22.61568    
   3670.000      -37.52869       22.67464    
   3675.000      -37.61291       22.73279    
   3680.000      -37.72623       22.79011    
   3685.000      -37.87378       22.84658    
   3690.000      -38.06285       22.90220    
   3695.000      -38.30397       22.95695    
   3700.000      -38.61321       23.01081    
   3705.000      -39.01641       23.06377    
   3710.000      -39.55936       23.11583    
   3715.000      -40.33457       23.16695    
   3720.000      -41.58020       23.21714    
   3725.000      -44.37780       23.26637    
   3730.000      -44.46273       31.91274    
   3735.000      -41.26503       31.98517    
   3740.000      -39.72864       32.05626    
   3745.000      -38.67469       32.12600    
   3750.000      -37.85463       32.19437    
   3755.000      -37.17311       32.26137    
   3760.000      -36.58334       32.32697    
   3765.000      -36.05875       32.39117    
   3770.000      -35.58295       32.45395    
   3775.000      -35.14495       32.51531    
   3780.000      -34.73718       32.57523    
   3785.000      -34.35406       32.63371    
   3790.000      -33.99149       32.69072    
   3795.000      -33.64625       32.74628    
   3800.000      -33.31589       32.80035    
   3805.000      -32.99837       32.85294    
   3810.000      -32.69211       32.90403    
   3815.000      -32.39576       32.95362    
   3820.000      -32.10823       33.00170    
   3825.000      -31.82858       33.04826    
   3900.000      -28.22918       33.56048    
   4000.000      -24.32793       33.68983    
   4100.000      -21.08762       33.20337    
   4200.000      -18.67222       32.16359    
   4206.000      -18.56854       32.08559    
   4211.000      -18.48747       32.01934    
   4216.000      -18.41167       31.95198    
   4221.000      -18.34164       31.88352    
   4226.000      -18.27797       31.81398    
   4231.000      -18.22134       31.74335    
   4236.000      -18.17259       31.67167    
   4241.000      -18.13279       31.59895    
   4246.000      -18.10321       31.52520    
   4251.000      -18.08552       31.45042    
   4256.000      -18.08187       31.37465    
   4261.000      -18.09514       31.29789    
   4266.000      -18.12928       31.22017    
   4271.000      -18.18998       31.14148    
   4276.000      -18.28577       31.06185    
   4281.000      -18.43041       30.98129    
   4286.000      -18.64816       30.89983    
   4291.000      -18.98849       30.81746    
   4296.000      -19.58006       30.73421    
   4300.000      -20.56857       30.66699    
   4301.000      -21.03290       30.65010    
   4306.000      -20.78828       35.00658    
   4311.000      -19.13794       34.91841    
   4316.000      -18.29117       34.82940    
   4321.000      -17.68828       34.73958    
   4326.000      -17.20586       34.64896    
   4331.000      -16.79589       34.55756    
   4336.000      -16.43446       34.46539    
   4341.000      -16.10807       34.37246    
   4346.000      -15.80828       34.27880    
   4351.000      -15.52949       34.18442    
   4356.000      -15.26772       34.08932    
   4361.000      -15.02012       33.99354    
   4366.000      -14.78455       33.89707    
   4371.000      -14.55939       33.79996    
   4376.000      -14.34330       33.70218    
   4381.000      -14.13526       33.60378    
   4386.000      -13.93443       33.50475    
   4391.000      -13.74013       33.40514    
   4396.000      -13.55175       33.30492    
   4400.000      -13.40498       33.22434    
   4401.000      -13.36881       33.20414    
   4500.000      -10.49730       31.11251    
   4600.000      -8.522537       28.88821    
   4700.000      -12.09819       27.52222    
   4800.000      -11.10426       26.34009    
   4900.000      -12.09096       25.36554    
   5000.000      -11.62027       24.58631    
   5085.000      -11.41870       23.95057    
   5090.000      -11.41631       23.91390    
   5095.000      -11.41551       23.87732    
   5100.000      -11.41647       23.84081    
   5105.000      -11.41938       23.80439    
   5110.000      -11.42446       23.76804    
   5115.000      -11.43201       23.73178    
   5120.000      -11.44236       23.69559    
   5125.000      -11.45595       23.65948    
   5130.000      -11.47332       23.62344    
   5135.000      -11.49521       23.58749    
   5140.000      -11.52256       23.55161    
   5145.000      -11.55672       23.51581    
   5150.000      -11.59959       23.48009    
   5155.000      -11.65405       23.44445    
   5160.000      -11.72473       23.40888    
   5165.000      -11.81991       23.37339    
   5170.000      -11.95648       23.33797    
   5175.000      -12.17908       23.30263    
   5180.000      -12.70927       23.26737    
   5185.000      -12.57439       24.70255    
   5190.000      -12.07167       24.66696    
   5195.000      -11.81700       24.63145    
   5200.000      -11.64013       24.59602    
   5205.000      -11.50199       24.56066    
   5210.000      -11.38718       24.52537    
   5215.000      -11.28801       24.49016    
   5220.000      -11.20011       24.45503    
   5225.000      -11.12070       24.41998    
   5230.000      -11.04798       24.38499    
   5235.000      -10.98064       24.35009    
   5240.000      -10.91778       24.31526    
   5245.000      -10.85866       24.28050    
   5250.000      -10.80277       24.24581    
   5255.000      -10.74967       24.21120    
   5260.000      -10.69903       24.17667    
   5265.000      -10.65058       24.14221    
   5270.000      -10.60408       24.10782    
   5275.000      -10.55936       24.07351    
   5280.000      -10.51624       24.03926    
   5300.000      -10.35753       23.90302    
   5400.000      -9.783541       23.23883    
   5451.000      -9.606546       22.91066    
   5456.000      -9.594351       22.87886    
   5461.000      -9.583316       22.84713    
   5466.000      -9.573545       22.81546    
   5471.000      -9.565155       22.78385    
   5476.000      -9.558294       22.75232    
   5481.000      -9.553139       22.72084    
   5486.000      -9.549911       22.68944    
   5491.000      -9.548888       22.65809    
   5496.000      -9.550429       22.62682    
   5500.000      -9.553818       22.60184    
   5501.000      -9.555002       22.59560    
   5506.000      -9.563233       22.56445    
   5511.000      -9.575990       22.53336    
   5516.000      -9.602529       22.50235    
   5521.000      -9.628733       22.47141    
   5526.000      -9.665716       22.44054    
   5531.000      -9.718940       22.40973    
   5536.000      -9.799723       22.37898    
   5541.000      -9.938417       22.34830    
   5546.000      -10.29349       22.31768    
   5551.000      -10.14703       23.24039    
   5556.000      -9.825531       23.20986    
   5561.000      -9.654524       23.17940    
   5566.000      -9.532256       23.14899    
   5571.000      -9.434533       23.11864    
   5576.000      -9.351675       23.08836    
   5581.000      -9.278829       23.05814    
   5586.000      -9.213192       23.02797    
   5591.000      -9.153018       22.99786    
   5596.000      -9.143473       22.96795    
   5600.000      -9.101458       22.94430    
   5601.000      -9.091264       22.93839    
   5606.000      -9.041928       22.90888    
   5611.000      -8.995011       22.87943    
   5616.000      -8.950165       22.85005    
   5621.000      -8.907119       22.82073    
   5626.000      -8.865643       22.79147    
   5631.000      -8.825563       22.76227    
   5636.000      -8.786732       22.73313    
   5641.000      -8.749027       22.70405    
   5646.000      -8.712338       22.67503    
   5700.000      -8.363086       22.36542    
   5800.000      -7.846352       21.80983    
   5900.000      -7.422193       21.27627    
   6000.000      -7.057808       20.76355    
   6100.000      -6.738013       20.27056    
   6200.000      -6.454144       19.79627    
   6300.000      -6.202595       19.33979    
   6400.000      -5.974130       18.90021    
   6500.000      -5.767810       18.47663    
   6600.000      -5.580951       18.06826    
   6700.000      -5.411343       17.67438    
   6800.000      -5.228444       17.29159    
   6900.000      -5.086313       16.92000    
   7000.000      -4.957115       16.56050    
   7100.000      -4.839697       16.21255    
   7200.000      -4.729346       15.87507    
   7300.000      -4.648314       15.55007    
   7400.000      -4.565013       15.23565    
   7500.000      -4.482912       14.93099    
   7600.000      -4.411623       14.63562    
   7700.000      -4.347321       14.34925    
   7800.000      -4.289491       14.07151    
   7900.000      -4.237664       13.80205    
   8000.000      -4.191414       13.54054    
   8100.000      -4.150354       13.28664    
   8200.000      -4.114134       13.04005    
   8300.000      -4.082434       12.80049    
   8400.000      -4.054964       12.56768    
   8500.000      -4.031459       12.34136    
   8600.000      -4.011682       12.12128    
   8700.000      -4.001626       11.90758    
   8800.000      -3.988762       11.69969    
   8900.000      -3.979016       11.49737    
   9000.000      -3.971631       11.30229    
   9100.000      -3.966807       11.11242    
   9200.000      -3.964397       10.92758    
   9300.000      -3.964262       10.74757    
   9400.000      -3.966274       10.57224    
   9500.000      -3.970319       10.40141    
   9600.000      -3.976287       10.23491    
   9700.000      -3.984080       10.07261    
   9800.000      -3.993607       9.914351    
   9900.000      -4.004784       9.759996    
   10000.00      -4.017534       9.609414    
   10100.00      -4.031786       9.462477    
   10200.00      -4.047475       9.319064    
   10300.00      -4.064541       9.179058    
   10400.00      -4.086549       9.042417    
   10500.00      -4.106416       8.909099    
   10600.00      -4.127499       8.778885    
   10700.00      -4.149756       8.651677    
   10800.00      -4.173151       8.527377    
   10900.00      -4.197648       8.405896    
   11000.00      -4.223218       8.287144    
   11100.00      -4.251780       8.171041    
   11200.00      -4.279492       8.057598    
   11300.00      -4.308204       7.946647    
   11400.00      -4.337895       7.838114    
   11500.00      -4.368554       7.731924    
   11600.00      -4.400167       7.628009    
   11700.00      -4.432728       7.526303    
   11800.00      -4.466229       7.426739    
   11900.00      -4.500669       7.329257    
   12000.00      -4.536047       7.233797    
   12100.00      -4.572366       7.140300    
   12200.00      -4.609631       7.048712    
   12300.00      -4.647851       6.958978    
   12400.00      -4.687036       6.871048    
   12500.00      -4.727201       6.784870    
   12600.00      -4.768363       6.700398    
   12700.00      -4.810543       6.617585    
   12800.00      -4.853763       6.536386    
   12900.00      -4.898051       6.456758    
   13000.00      -4.943439       6.378658    
   13100.00      -4.989960       6.302047    
   13200.00      -5.037653       6.226887    
   13300.00      -5.086563       6.153137    
   13400.00      -5.136735       6.080763    
   13500.00      -5.188226       6.009729    
   13600.00      -5.241093       5.940001    
   13700.00      -5.295402       5.871546    
   13800.00      -5.351227       5.804332    
   13900.00      -5.411487       5.738343    
   14000.00      -5.470592       5.673549    
   14100.00      -5.531477       5.609906    
   14200.00      -5.594254       5.547387    
   14300.00      -5.659043       5.485962    
   14400.00      -5.725979       5.425606    
   14500.00      -5.795216       5.366294    
   14600.00      -5.866920       5.308000    
   14700.00      -5.945210       5.250718    
   14800.00      -6.022451       5.194427    
   14900.00      -6.102815       5.139086    
   15000.00      -6.186579       5.084670    
   15100.00      -6.274063       5.031158    
   15200.00      -6.365632       4.978532    
   15300.00      -6.461715       4.926768    
   15400.00      -6.564025       4.875852    
   15500.00      -6.670705       4.825781    
   15600.00      -6.783692       4.776517    
   15700.00      -6.903814       4.728042    
   15800.00      -7.032091       4.680337    
   15900.00      -7.169773       4.633388    
   16000.00      -7.318431       4.587176    
   16100.00      -7.480059       4.541686    
   16200.00      -7.660092       4.496926    
   16300.00      -7.856293       4.452887    
   16400.00      -8.076267       4.409522    
   16500.00      -8.326781       4.366819    
   16600.00      -8.617971       4.324763    
   16700.00      -8.965984       4.283341    
   16800.00      -9.398901       4.242541    
   16900.00      -9.972380       4.202348    
   17000.00      -10.82366       4.162750    
   17069.00      -11.79945       4.135768    
   17074.00      -11.89584       4.133824    
   17079.00      -11.99770       4.131881    
   17084.00      -12.10560       4.129940    
   17089.00      -12.22038       4.127999    
   17094.00      -12.34288       4.126060    
   17099.00      -12.47431       4.124123    
   17100.00      -12.50176       4.123735    
   17104.00      -12.61595       4.122187    
   17109.00      -12.76956       4.120253    
   17114.00      -12.93740       4.118320    
   17119.00      -13.12220       4.116388    
   17124.00      -13.32793       4.114458    
   17129.00      -13.55970       4.112529    
   17134.00      -13.82522       4.110601    
   17139.00      -14.13569       4.108675    
   17144.00      -14.50952       4.106751    
   17149.00      -14.97938       4.104828    
   17154.00      -15.61120       4.102907    
   17159.00      -16.57924       4.100986    
   17164.00      -18.72473       4.099067    
   17169.00      -18.44116       9.957353    
   17174.00      -16.48199       9.952696    
   17179.00      -15.54442       9.948041    
   17184.00      -14.92174       9.943390    
   17189.00      -14.45443       9.938743    
   17194.00      -14.07995       9.934095    
   17199.00      -13.76757       9.929453    
   17200.00      -13.71075       9.928524    
   17204.00      -13.49937       9.924812    
   17209.00      -13.26449       9.920176    
   17214.00      -13.05539       9.915540    
   17219.00      -12.86708       9.910909    
   17224.00      -12.69567       9.906279    
   17229.00      -12.53845       9.901653    
   17234.00      -12.39321       9.897031    
   17239.00      -12.25819       9.892409    
   17244.00      -12.13214       9.887793    
   17249.00      -12.01383       9.883177    
   17254.00      -11.90246       9.878565    
   17259.00      -11.79718       9.873955    
   17264.00      -11.69743       9.869349    
   17300.00      -11.10081       9.836265    
   17400.00      -10.03626       9.745111    
   17500.00      -9.358158       9.655051    
   17600.00      -8.862285       9.566067    
   17700.00      -8.473761       9.478143    
   17800.00      -8.156592       9.391265    
   17900.00      -7.890643       9.305415    
   18000.00      -7.663490       9.220580    
   18100.00      -7.467049       9.136745    
   18200.00      -7.295538       9.053896    
   18300.00      -7.144915       8.972019    
   18400.00      -7.012145       8.891099    
   18500.00      -6.894936       8.811122    
   18600.00      -6.791528       8.732076    
   18700.00      -6.706522       8.653996    
   18800.00      -6.626903       8.576870    
   18900.00      -6.557806       8.500632    
   19000.00      -6.498610       8.425272    
   19100.00      -6.448851       8.350779    
   19200.00      -6.408220       8.277138    
   19300.00      -6.376846       8.204342    
   19400.00      -6.354086       8.132374    
   19500.00      -6.340349       8.061224    
   19600.00      -6.335897       7.990882    
   19700.00      -6.341169       7.921335    
   19800.00      -6.356823       7.852574    
   19900.00      -6.383799       7.784586    
   20000.00      -6.423407       7.717362    
   20100.00      -6.477479       7.650890    
   20200.00      -6.548614       7.585162    
   20300.00      -6.640600       7.520166    
   20400.00      -6.759197       7.455893    
   20500.00      -6.913701       7.392331    
   20600.00      -7.120536       7.329473    
   20700.00      -7.413070       7.267309    
   20800.00      -7.878008       7.205830    
   20850.00      -8.258453       7.175343    
   20855.00      -8.307149       7.172305    
   20860.00      -8.358632       7.169266    
   20865.00      -8.413187       7.166231    
   20870.00      -8.471242       7.163196    
   20875.00      -8.533215       7.160163    
   20880.00      -8.599686       7.157133    
   20885.00      -8.671377       7.154103    
   20890.00      -8.749096       7.151076    
   20895.00      -8.834002       7.148049    
   20900.00      -8.927460       7.145025    
   20905.00      -9.031450       7.142002    
   20910.00      -9.148518       7.138981    
   20915.00      -9.282505       7.135962    
   20920.00      -9.438948       7.132944    
   20925.00      -9.626934       7.129929    
   20930.00      -9.862459       7.126914    
   20935.00      -10.17746       7.123901    
   20940.00      -10.65470       7.120890    
   20945.00      -11.66821       7.117881    
   20950.00      -11.75118       10.09380    
   20955.00      -10.68221       10.08988    
   20960.00      -10.19141       10.08596    
   20965.00      -9.868877       10.08204    
   20970.00      -9.628296       10.07812    
   20975.00      -9.436190       10.07421    
   20980.00      -9.276346       10.07030    
   20985.00      -9.139374       10.06638    
   20990.00      -9.019617       10.06248    
   20995.00      -8.913156       10.05857    
   21000.00      -8.817401       10.05466    
   21005.00      -8.730369       10.05076    
   21010.00      -8.650579       10.04686    
   21015.00      -8.576977       10.04296    
   21020.00      -8.508627       10.03906    
   21025.00      -8.444883       10.03516    
   21030.00      -8.385126       10.03127    
   21035.00      -8.328934       10.02738    
   21040.00      -8.275872       10.02349    
   21045.00      -8.225655       10.01960    
   21100.00      -7.801068       9.976948    
   21200.00      -7.335412       9.899979    
   21300.00      -7.050782       9.823746    
   21400.00      -6.871597       9.748240    
   21500.00      -6.780382       9.673454    
   21600.00      -6.798996       9.599380    
   21660.00      -6.908228       9.555275    
   21665.00      -6.923587       9.551610    
   21670.00      -6.940354       9.547949    
   21675.00      -6.958694       9.544289    
   21680.00      -6.978805       9.540628    
   21685.00      -7.000901       9.536972    
   21690.00      -7.025278       9.533316    
   21695.00      -7.052258       9.529663    
   21700.00      -7.082292       9.526011    
   21705.00      -7.115902       9.522361    
   21710.00      -7.153813       9.518713    
   21715.00      -7.196990       9.515065    
   21720.00      -7.246711       9.511421    
   21725.00      -7.304890       9.507777    
   21730.00      -7.374308       9.504136    
   21735.00      -7.459566       9.500496    
   21740.00      -7.568630       9.496859    
   21745.00      -7.717927       9.493221    
   21750.00      -7.949853       9.489588    
   21755.00      -8.465780       9.485955    
   21760.00      -8.423194       10.94868    
   21765.00      -7.914089       10.94489    
   21770.00      -7.669682       10.94110    
   21775.00      -7.505409       10.93731    
   21780.00      -7.380418       10.93353    
   21785.00      -7.278949       10.92974    
   21790.00      -7.193069       10.92596    
   21795.00      -7.118379       10.92218    
   21800.00      -7.052058       10.91840    
   21805.00      -6.992232       10.91462    
   21810.00      -6.937651       10.91084    
   21815.00      -6.887327       10.90706    
   21820.00      -6.840594       10.90329    
   21825.00      -6.796871       10.89952    
   21830.00      -6.755764       10.89575    
   21835.00      -6.716915       10.89198    
   21840.00      -6.680032       10.88821    
   21845.00      -6.644913       10.88444    
   21850.00      -6.611341       10.88068    
   21855.00      -6.579182       10.87692    
   21900.00      -6.335204       10.84312    
   22000.00      -5.947399       10.76848    
   22100.00      -5.657238       10.69446    
   22200.00      -5.417721       10.62106    
   22300.00      -5.212787       10.54828    
   22400.00      -5.070981       10.47772    
   22500.00      -4.913284       10.40815    
   22600.00      -4.761071       10.33927    
   22700.00      -4.620299       10.27101    
   22800.00      -4.489180       10.20336    
   22900.00      -4.366346       10.13632    
   23000.00      -4.250759       10.06988    
   23100.00      -4.141572       10.00403    
   23200.00      -4.038099       9.938764    
   23300.00      -3.939775       9.874072    
   23400.00      -3.846121       9.809949    
   23500.00      -3.756733       9.746387    
   23600.00      -3.671263       9.683381    
   23700.00      -3.589409       9.620923    
   23800.00      -3.510909       9.559009    
   23900.00      -3.435528       9.497628    
   24000.00      -3.363059       9.436776    
   24100.00      -3.296882       9.376472    
   24200.00      -3.229723       9.316705    
   24300.00      -3.164986       9.257448    
   24400.00      -3.102535       9.198695    
   24500.00      -3.042251       9.140441    
   24600.00      -2.984023       9.082679    
   24700.00      -2.927753       9.025404    
   24800.00      -2.873350       8.968612    
   24900.00      -2.820730       8.912295    
