  Element 23: V       Atomic mass:   50.9415

  Edge          keV         A
    K         5.4651    2.2687

Scattering factors as a function of energy: 

   1000.000      -1.059878       7.567664    
   1100.000     -0.6623371       6.585547    
   1200.000     -0.4219976       5.784896    
   1300.000     -0.2803189       5.123167    
   1400.000     -0.2007996       4.569696    
   1500.000     -0.1627444       4.101840    
   1600.000     -0.1525206       3.702651    
   1700.000     -0.1611958       3.359208    
   1800.000     -0.1827917       3.061514    
   1900.000     -0.2132414       2.801731    
   2000.000     -0.2497452       2.573642    
   2100.000     -0.3084247       2.373168    
   2200.000     -0.3512332       2.196664    
   2300.000     -0.3956663       2.039279    
   2400.000     -0.4411362       1.898310    
   2500.000     -0.4872527       1.771523    
   2600.000     -0.5406885       1.657704    
   2700.000     -0.5874482       1.554706    
   2800.000     -0.6343445       1.461111    
   2900.000     -0.6813845       1.375793    
   3000.000     -0.7286221       1.297794    
   3100.000     -0.7764937       1.226745    
   3200.000     -0.8246944       1.161492    
   3300.000     -0.8733916       1.101414    
   3400.000     -0.9227824       1.045969    
   3500.000     -0.9730946      0.9946852    
   3600.000      -1.024591      0.9471507    
   3700.000      -1.077574      0.9030033    
   3800.000      -1.132395      0.8619243    
   3900.000      -1.189466      0.8236314    
   4000.000      -1.249274      0.7878750    
   4100.000      -1.312405      0.7544327    
   4200.000      -1.379573      0.7231062    
   4300.000      -1.451666      0.6937183    
   4400.000      -1.529811      0.6661102    
   4500.000      -1.615466      0.6401391    
   4600.000      -1.710579      0.6156763    
   4700.000      -1.817827      0.5926058    
   4800.000      -1.941042      0.5708224    
   4900.000      -2.085983      0.5502311    
   5000.000      -2.261883      0.5307453    
   5100.000      -2.484930      0.5122862    
   5200.000      -2.787521      0.4947821    
   5300.000      -3.250745      0.4781674    
   5368.000      -3.789698      0.4673467    
   5373.000      -3.844386      0.4665657    
   5378.000      -3.902303      0.4657868    
   5383.000      -3.963847      0.4650097    
   5388.000      -4.029477      0.4642346    
   5393.000      -4.099747      0.4634614    
   5398.000      -4.175327      0.4626902    
   5400.000      -4.207236      0.4623823    
   5403.000      -4.257065      0.4619209    
   5408.000      -4.345999      0.4611536    
   5413.000      -4.443464      0.4603882    
   5418.000      -4.551199      0.4596247    
   5423.000      -4.671522      0.4588631    
   5428.000      -4.807672      0.4581034    
   5433.000      -4.964263      0.4573457    
   5438.000      -5.148285      0.4565898    
   5443.000      -5.371017      0.4558358    
   5448.000      -5.652615      0.4550837    
   5453.000      -6.034440      0.4543334    
   5458.000      -6.626515      0.4535850    
   5463.000      -7.988646      0.4528386    
   5468.000      -7.622978       3.994766    
   5473.000      -6.481418       3.987592    
   5478.000      -5.919023       3.980446    
   5483.000      -5.541274       3.973328    
   5488.000      -5.255801       3.966236    
   5493.000      -5.025949       3.959171    
   5498.000      -4.833342       3.952134    
   5500.000      -4.764219       3.949327    
   5503.000      -4.667465       3.945123    
   5508.000      -4.521685       3.938139    
   5513.000      -4.391604       3.931182    
   5518.000      -4.274126       3.924250    
   5523.000      -4.166999       3.917346    
   5528.000      -4.068507       3.910467    
   5533.000      -3.977351       3.903615    
   5538.000      -3.892499       3.896788    
   5543.000      -3.813127       3.889987    
   5548.000      -3.738568       3.883212    
   5553.000      -3.668253       3.876462    
   5558.000      -3.601727       3.869737    
   5563.000      -3.538600       3.863038    
   5600.000      -3.150794       3.814239    
   5700.000      -2.475502       3.688869    
   5800.000      -2.045643       3.572334    
   5900.000      -1.734054       3.463852    
   6000.000      -1.492876       3.362726    
   6100.000      -1.298557       3.268333    
   6200.000      -1.137638       3.180116    
   6300.000      -1.001651       3.097574    
   6400.000     -0.8849022       3.020258    
   6500.000     -0.7833596       2.947763    
   6600.000     -0.6940628       2.879723    
   6700.000     -0.6147689       2.815807    
   6800.000     -0.5437356       2.755715    
   6900.000     -0.4795825       2.699176    
   7000.000     -0.4211941       2.645939    
   7100.000     -0.3676182       2.595781    
   7200.000     -0.2372884       2.537684    
   7300.000     -0.1883657       2.481020    
   7400.000     -0.1436022       2.426206    
   7500.000     -0.1025629       2.373161    
   7600.000     -6.4873077E-02   2.321809    
   7700.000     -3.0207550E-02   2.272079    
   7800.000      1.7178862E-03   2.223902    
   7900.000      3.1152356E-02   2.177214    
   8000.000      5.8316100E-02   2.131954    
   8100.000      8.3404243E-02   2.088063    
   8200.000      0.1065899       2.045487    
   8300.000      0.1280282       2.004174    
   8400.000      0.1478571       1.964073    
   8500.000      0.1662012       1.925138    
   8600.000      0.1831715       1.887323    
   8700.000      0.1988677       1.850586    
   8800.000      0.2133791       1.814886    
   8900.000      0.2267847       1.780185    
   9000.000      0.2393715       1.746619    
   9100.000      0.2510408       1.713984    
   9200.000      0.2618573       1.682245    
   9300.000      0.2718805       1.651369    
   9400.000      0.2811646       1.621326    
   9500.000      0.2897599       1.592084    
   9600.000      0.2977129       1.563616    
   9700.000      0.3050086       1.535895    
   9800.000      0.3117564       1.508895    
   9900.000      0.3180148       1.482591    
   10000.00      0.3237829       1.456959    
   10100.00      0.3290916       1.431976    
   10200.00      0.3339699       1.407620    
   10300.00      0.3384446       1.383870    
   10400.00      0.3425406       1.360707    
   10500.00      0.3462813       1.338110    
   10600.00      0.3496883       1.316062    
   10700.00      0.3527818       1.294545    
   10800.00      0.3555807       1.273541    
   10900.00      0.3581025       1.253036    
   11000.00      0.3591722       1.233053    
   11100.00      0.3611539       1.213558    
   11200.00      0.3629083       1.194518    
   11300.00      0.3644491       1.175918    
   11400.00      0.3657888       1.157745    
   11500.00      0.3669392       1.139986    
   11600.00      0.3679118       1.122629    
   11700.00      0.3687168       1.105661    
   11800.00      0.3689286       1.089071    
   11900.00      0.3694308       1.072852    
   12000.00      0.3697827       1.056990    
   12100.00      0.3700031       1.041473    
   12200.00      0.3700998       1.026291    
   12300.00      0.3700799       1.011435    
   12400.00      0.3699503      0.9968958    
   12500.00      0.3697173      0.9826638    
   12600.00      0.3693871      0.9687306    
   12700.00      0.3689652      0.9550881    
   12800.00      0.3684571      0.9417279    
   12900.00      0.3678679      0.9286425    
   13000.00      0.3672023      0.9158241    
   13100.00      0.3664648      0.9032655    
   13200.00      0.3656597      0.8909600    
   13300.00      0.3647911      0.8789006    
   13400.00      0.3638627      0.8670807    
   13500.00      0.3628782      0.8554941    
   13600.00      0.3618410      0.8441346    
   13700.00      0.3607543      0.8329964    
   13800.00      0.3596211      0.8220736    
   13900.00      0.3584445      0.8113608    
   14000.00      0.3572270      0.8008525    
   14100.00      0.3559713      0.7905437    
   14200.00      0.3546799      0.7804294    
   14300.00      0.3533551      0.7705044    
   14400.00      0.3519991      0.7607644    
   14500.00      0.3506140      0.7512045    
   14600.00      0.3492017      0.7418204    
   14700.00      0.3477642      0.7326079    
   14800.00      0.3463033      0.7235627    
   14900.00      0.3448206      0.7146809    
   15000.00      0.3433177      0.7059584    
   15100.00      0.3417962      0.6973915    
   15200.00      0.3402574      0.6889766    
   15300.00      0.3387029      0.6807101    
   15400.00      0.3371339      0.6725885    
   15500.00      0.3355515      0.6646084    
   15600.00      0.3339570      0.6567665    
   15700.00      0.3323516      0.6490597    
   15800.00      0.3307361      0.6414849    
   15900.00      0.3291118      0.6340392    
   16000.00      0.3274794      0.6267195    
   16100.00      0.3258399      0.6195230    
   16200.00      0.3241943      0.6124471    
   16300.00      0.3225431      0.6054891    
   16400.00      0.3208874      0.5986462    
   16500.00      0.3192277      0.5919160    
   16600.00      0.3175647      0.5852962    
   16700.00      0.3158993      0.5787841    
   16800.00      0.3142318      0.5723777    
   16900.00      0.3125630      0.5660745    
   17000.00      0.3108934      0.5598723    
   17100.00      0.3092237      0.5537691    
   17200.00      0.3074558      0.5477627    
   17300.00      0.3057878      0.5418515    
   17400.00      0.3041207      0.5360331    
   17500.00      0.3024553      0.5303055    
   17600.00      0.3007919      0.5246670    
   17700.00      0.2991308      0.5191156    
   17800.00      0.2974726      0.5136497    
   17900.00      0.2958174      0.5082673    
   18000.00      0.2941657      0.5029670    
   18100.00      0.2925178      0.4977469    
   18200.00      0.2908739      0.4926056    
   18300.00      0.2892343      0.4875415    
   18400.00      0.2875993      0.4825529    
   18500.00      0.2859691      0.4776384    
   18600.00      0.2843440      0.4727966    
   18700.00      0.2827241      0.4680260    
   18800.00      0.2811098      0.4633254    
   18900.00      0.2795011      0.4586931    
   19000.00      0.2778982      0.4541281    
   19100.00      0.2763013      0.4496289    
   19200.00      0.2747107      0.4451945    
   19300.00      0.2731264      0.4408234    
   19400.00      0.2715485      0.4365146    
   19500.00      0.2699773      0.4322667    
   19600.00      0.2684128      0.4280788    
   19700.00      0.2668551      0.4239497    
   19800.00      0.2653044      0.4198783    
   19900.00      0.2637608      0.4158635    
   20000.00      0.2622242      0.4119043    
   20100.00      0.2606949      0.4079997    
   20200.00      0.2591729      0.4041487    
   20300.00      0.2576583      0.4003503    
   20400.00      0.2561511      0.3966036    
   20500.00      0.2546515      0.3929076    
   20600.00      0.2531593      0.3892614    
   20700.00      0.2516748      0.3856642    
   20800.00      0.2501980      0.3821151    
   20900.00      0.2487288      0.3786131    
   21000.00      0.2472674      0.3751577    
   21100.00      0.2458137      0.3717477    
   21200.00      0.2443678      0.3683826    
   21300.00      0.2429298      0.3650616    
   21400.00      0.2414995      0.3617838    
   21500.00      0.2400771      0.3585485    
   21600.00      0.2386626      0.3553550    
   21700.00      0.2372559      0.3522025    
   21800.00      0.2358571      0.3490905    
   21900.00      0.2344662      0.3460182    
   22000.00      0.2330832      0.3429849    
   22100.00      0.2317080      0.3399900    
   22200.00      0.2303407      0.3370328    
   22300.00      0.2289814      0.3341128    
   22400.00      0.2276298      0.3312293    
   22500.00      0.2262861      0.3283816    
   22600.00      0.2249503      0.3255693    
   22700.00      0.2236223      0.3227917    
   22800.00      0.2223021      0.3200483    
   22900.00      0.2209896      0.3173385    
   23000.00      0.2196850      0.3146618    
   23100.00      0.2183881      0.3120176    
   23200.00      0.2170990      0.3094055    
   23300.00      0.2158176      0.3068249    
   23400.00      0.2145439      0.3042752    
   23500.00      0.2132782      0.3017561    
   23600.00      0.2120212      0.2992671    
   23700.00      0.2090367      0.2968114    
   23800.00      0.2078080      0.2944029    
   23900.00      0.2065757      0.2920227    
   24000.00      0.2053505      0.2896706    
   24100.00      0.2041328      0.2873460    
   24200.00      0.2029226      0.2850486    
   24300.00      0.2017200      0.2827779    
   24400.00      0.2005249      0.2805335    
   24500.00      0.1993372      0.2783150    
   24600.00      0.1981570      0.2761220    
   24700.00      0.1969842      0.2739541    
   24800.00      0.1958187      0.2718110    
   24900.00      0.1946605      0.2696922    
