  Element 39: Y       Atomic mass:   88.9059

  Edge          keV         A
    K        17.0384    0.7277
    L-I       2.3725    5.2259
    L-II      2.1555    5.7520
    L-III     2.0800    5.9608

Scattering factors as a function of energy: 

   1000.000      -6.770609       7.805745    
   1100.000      -6.756824       6.907546    
   1200.000      -6.849644       6.157716    
   1300.000      -7.065702       5.529960    
   1400.000      -7.340699       4.998139    
   1500.000      -7.705686       4.542334    
   1600.000      -8.185776       4.148463    
   1700.000      -8.812332       3.805992    
   1800.000      -9.674379       3.505656    
   1900.000      -10.97318       3.240607    
   1983.000      -12.83193       3.043456    
   1988.000      -12.99133       3.032176    
   1993.000      -13.15954       3.020960    
   1998.000      -13.33755       3.009809    
   2000.000      -13.41175       3.005366    
   2003.000      -13.52655       2.998721    
   2008.000      -13.72796       2.987696    
   2013.000      -13.94352       2.976733    
   2018.000      -14.17533       2.965832    
   2023.000      -14.42605       2.954993    
   2028.000      -14.69906       2.944214    
   2033.000      -14.99870       2.933497    
   2038.000      -15.33084       2.922839    
   2043.000      -15.70351       2.912242    
   2048.000      -16.12825       2.901703    
   2053.000      -16.62245       2.891223    
   2058.000      -17.21427       2.880801    
   2058.000      -17.21427       2.880801    
   2063.000      -17.95370       2.870438    
   2063.000      -17.95370       2.870438    
   2068.000      -18.94407       2.860131    
   2068.000      -18.94407       2.860131    
   2073.000      -20.46147       2.849882    
   2073.000      -20.46147       2.849882    
   2078.000      -23.94872       2.839689    
   2078.000      -23.94872       2.839689    
   2083.000      -22.85832       11.50616    
   2083.000      -22.85832       11.50616    
   2088.000      -20.17750       11.45316    
   2088.000      -20.17750       11.45316    
   2093.000      -18.88595       11.40066    
   2093.000      -18.88595       11.40066    
   2098.000      -18.05219       11.34866    
   2098.000      -18.05219       11.34866    
   2100.000      -17.79141       11.32800    
   2103.000      -17.45525       11.29716    
   2103.000      -17.45525       11.29716    
   2108.000      -17.00788       11.24614    
   2108.000      -17.00788       11.24614    
   2113.000      -16.66791       11.19560    
   2113.000      -16.66791       11.19560    
   2118.000      -16.41325       11.14554    
   2118.000      -16.41325       11.14554    
   2123.000      -16.23302       11.09594    
   2123.000      -16.23302       11.09594    
   2128.000      -16.12444       11.04681    
   2128.000      -16.12444       11.04681    
   2133.000      -16.09288       10.99814    
   2133.000      -16.09288       10.99814    
   2138.000      -16.15577       10.94991    
   2138.000      -16.15577       10.94991    
   2143.000      -16.35565       10.90213    
   2143.000      -16.35565       10.90213    
   2148.000      -16.81034       10.85479    
   2148.000      -16.81034       10.85479    
   2153.000      -18.07939       10.80789    
   2153.000      -18.07939       10.80789    
   2158.000      -17.86592       15.04330    
   2158.000      -17.86592       15.04330    
   2163.000      -16.16254       14.97822    
   2163.000      -16.16254       14.97822    
   2168.000      -15.27809       14.91374    
   2168.000      -15.27809       14.91374    
   2173.000      -14.64462       14.84985    
   2173.000      -14.64462       14.84985    
   2178.000      -14.13862       14.78654    
   2178.000      -14.13862       14.78654    
   2183.000      -13.71185       14.72379    
   2188.000      -13.33958       14.66162    
   2193.000      -13.00828       14.60001    
   2198.000      -12.70894       14.53895    
   2200.000      -12.59673       14.51468    
   2203.000      -12.43552       14.47844    
   2208.000      -12.18375       14.41847    
   2213.000      -11.95040       14.35903    
   2218.000      -11.73306       14.30012    
   2223.000      -11.52980       14.24173    
   2228.000      -11.33912       14.18386    
   2233.000      -11.15975       14.12650    
   2238.000      -10.99070       14.06964    
   2243.000      -10.83110       14.01328    
   2248.000      -10.68026       13.95741    
   2253.000      -10.53759       13.90202    
   2275.000      -9.996045       13.66398    
   2280.000      -9.890860       13.61113    
   2285.000      -9.791914       13.55873    
   2290.000      -9.699148       13.50678    
   2295.000      -9.612552       13.45527    
   2300.000      -9.532200       13.40420    
   2305.000      -9.458238       13.35356    
   2310.000      -9.390922       13.30335    
   2315.000      -9.330625       13.25356    
   2320.000      -9.277894       13.20419    
   2325.000      -9.233493       13.15523    
   2330.000      -9.198509       13.10668    
   2335.000      -9.174497       13.05854    
   2340.000      -9.163752       13.01080    
   2345.000      -9.169793       12.96345    
   2350.000      -9.198353       12.91649    
   2355.000      -9.259634       12.86992    
   2360.000      -9.374426       12.82374    
   2365.000      -9.596696       12.77793    
   2370.000      -10.17711       12.73250    
   2375.000      -10.09261       14.59790    
   2380.000      -9.340438       14.54925    
   2385.000      -8.948794       14.50100    
   2390.000      -8.665495       14.45314    
   2395.000      -8.436049       14.40569    
   2400.000      -8.239284       14.35861    
   2405.000      -8.064740       14.31193    
   2410.000      -7.906431       14.26563    
   2415.000      -7.760632       14.21971    
   2420.000      -7.624825       14.17416    
   2425.000      -7.497261       14.12898    
   2430.000      -7.376634       14.08416    
   2435.000      -7.261979       14.03971    
   2440.000      -7.152523       13.99562    
   2445.000      -7.047672       13.95188    
   2450.000      -6.946927       13.90850    
   2455.000      -6.849894       13.86546    
   2460.000      -6.756227       13.82277    
   2465.000      -6.665649       13.78042    
   2470.000      -6.577908       13.73840    
   2500.000      -6.100973       13.49322    
   2600.000      -4.902215       12.75436    
   2700.000      -4.043313       12.11994    
   2800.000      -3.166828       11.49946    
   2900.000      -2.529840       10.91079    
   3000.000      -2.062691       10.37350    
   3100.000      -1.687064       9.863277    
   3200.000      -1.376770       9.390528    
   3300.000      -1.118529       8.951612    
   3400.000     -0.9024377       8.543321    
   3500.000     -0.7209148       8.162824    
   3600.000     -0.5680339       7.807613    
   3700.000     -0.4390903       7.475462    
   3800.000     -0.3302993       7.164388    
   3900.000     -0.2385799       6.872616    
   4000.000     -0.1614019       6.598562    
   4100.000     -9.6667998E-02   6.340799    
   4200.000     -4.4925142E-02   6.098164    
   4300.000     -1.6611881E-04   5.869563    
   4400.000      3.5457689E-02   5.653903    
   4500.000      6.5364197E-02   5.450113    
   4600.000      8.9292660E-02   5.257312    
   4700.000      0.1080117       5.074713    
   4800.000      0.1230536       4.901541    
   4900.000      0.1332707       4.737152    
   5000.000      0.1399943       4.580990    
   5100.000      0.1436534       4.432510    
   5200.000      0.1446213       4.291208    
   5300.000      0.1432240       4.156623    
   5400.000      0.1397467       4.028332    
   5500.000      0.1344393       3.905942    
   5600.000      0.1275199       3.789093    
   5700.000      0.1144199       3.677529    
   5800.000      0.1048516       3.570910    
   5900.000      9.1359034E-02   3.468926    
   6000.000      7.9751581E-02   3.371334    
   6100.000      6.7305572E-02   3.277838    
   6200.000      5.4123644E-02   3.188209    
   6300.000      4.0296957E-02   3.102234    
   6400.000      2.5906498E-02   3.019716    
   6500.000      1.1023837E-02   2.940470    
   6600.000     -4.2875395E-03   2.864322    
   6700.000     -1.9971391E-02   2.791111    
   6800.000     -3.5977993E-02   2.720687    
   6900.000     -5.2263144E-02   2.652909    
   7000.000     -6.8787992E-02   2.587643    
   7100.000     -8.5518233E-02   2.524768    
   7200.000     -0.1024237       2.464165    
   7300.000     -0.1194781       2.405725    
   7400.000     -0.1375657       2.349348    
   7500.000     -0.1548546       2.294952    
   7600.000     -0.1722293       2.242428    
   7700.000     -0.1896778       2.191692    
   7800.000     -0.2071886       2.142661    
   7900.000     -0.2247522       2.095261    
   8000.000     -0.2423622       2.049418    
   8100.000     -0.2600150       2.005064    
   8200.000     -0.2777100       1.962136    
   8300.000     -0.2954514       1.920572    
   8400.000     -0.3132495       1.880315    
   8500.000     -0.3311252       1.841309    
   8600.000     -0.3491194       1.803504    
   8700.000     -0.3673190       1.766850    
   8800.000     -0.3859529       1.731300    
   8900.000     -0.4059586       1.696810    
   9000.000     -0.4232837       1.663734    
   9100.000     -0.4406832       1.631630    
   9200.000     -0.4579946       1.600462    
   9300.000     -0.4752761       1.570192    
   9400.000     -0.4926903       1.540789    
   9500.000     -0.5099487       1.512220    
   9600.000     -0.5271864       1.484451    
   9700.000     -0.5444070       1.457453    
   9800.000     -0.5616150       1.431197    
   9900.000     -0.5788153       1.405655    
   10000.00     -0.5960132       1.380802    
   10100.00     -0.6132144       1.356612    
   10200.00     -0.6304250       1.333062    
   10300.00     -0.6482573       1.310133    
   10400.00     -0.6655440       1.287814    
   10500.00     -0.6828532       1.266072    
   10600.00     -0.7001965       1.244886    
   10700.00     -0.7175817       1.224237    
   10800.00     -0.7350171       1.204107    
   10900.00     -0.7525106       1.184479    
   11000.00     -0.7700713       1.165335    
   11100.00     -0.7877080       1.146659    
   11200.00     -0.8054303       1.128438    
   11300.00     -0.8232483       1.110654    
   11400.00     -0.8411720       1.093295    
   11500.00     -0.8592129       1.076346    
   11600.00     -0.8773821       1.059795    
   11700.00     -0.8959243       1.043630    
   11800.00     -0.9143897       1.027839    
   11900.00     -0.9330207       1.012409    
   12000.00     -0.9518317      0.9973293    
   12100.00     -0.9708372      0.9825897    
   12200.00     -0.9900525      0.9681796    
   12300.00      -1.009494      0.9540892    
   12400.00      -1.029180      0.9403089    
   12500.00      -1.049127      0.9268294    
   12600.00      -1.069357      0.9136420    
   12700.00      -1.089888      0.9007385    
   12800.00      -1.110744      0.8881102    
   12900.00      -1.131948      0.8757496    
   13000.00      -1.153526      0.8636488    
   13100.00      -1.175504      0.8518007    
   13200.00      -1.197912      0.8401982    
   13300.00      -1.220781      0.8288342    
   13400.00      -1.244146      0.8177025    
   13500.00      -1.268041      0.8067964    
   13600.00      -1.292509      0.7961100    
   13700.00      -1.317591      0.7856373    
   13800.00      -1.343335      0.7753724    
   13900.00      -1.369793      0.7653100    
   14000.00      -1.397021      0.7554446    
   14100.00      -1.425082      0.7457710    
   14200.00      -1.454044      0.7362844    
   14300.00      -1.483985      0.7269796    
   14400.00      -1.514988      0.7178523    
   14500.00      -1.547149      0.7088977    
   14600.00      -1.580575      0.7001114    
   14700.00      -1.615385      0.6914895    
   14800.00      -1.651717      0.6830274    
   14900.00      -1.689725      0.6747215    
   15000.00      -1.729587      0.6665677    
   15100.00      -1.771510      0.6585624    
   15200.00      -1.815730      0.6507019    
   15300.00      -1.862530      0.6429826    
   15400.00      -1.912237      0.6354013    
   15500.00      -1.965248      0.6279545    
   15600.00      -2.022038      0.6206391    
   15700.00      -2.083185      0.6134521    
   15800.00      -2.149412      0.6063902    
   15900.00      -2.221619      0.5994508    
   16000.00      -2.300970      0.5926307    
   16100.00      -2.388981      0.5859274    
   16200.00      -2.487697      0.5793381    
   16300.00      -2.599958      0.5728604    
   16400.00      -2.729876      0.5664914    
   16500.00      -2.883706      0.5602289    
   16600.00      -3.071653      0.5540705    
   16700.00      -3.312051      0.5480139    
   16800.00      -3.643094      0.5420568    
   16900.00      -4.168279      0.5361969    
   16941.00      -4.513407      0.5338220    
   16946.00      -4.565492      0.5335335    
   16951.00      -4.620579      0.5332451    
   16956.00      -4.678979      0.5329571    
   16961.00      -4.741157      0.5326692    
   16966.00      -4.807568      0.5323817    
   16971.00      -4.878875      0.5320942    
   16976.00      -4.955778      0.5318072    
   16981.00      -5.039279      0.5315202    
   16986.00      -5.130515      0.5312336    
   16991.00      -5.231081      0.5309472    
   16996.00      -5.343112      0.5306610    
   17000.00      -5.442832      0.5304322    
   17001.00      -5.469398      0.5303751    
   17006.00      -5.614161      0.5300893    
   17011.00      -5.783499      0.5298038    
   17016.00      -5.987537      0.5295185    
   17021.00      -6.243765      0.5292335    
   17026.00      -6.588145      0.5289488    
   17031.00      -7.114329      0.5286642    
   17036.00      -8.264688      0.5283799    
   17041.00      -8.190879       3.754364    
   17046.00      -7.085767       3.752149    
   17051.00      -6.563074       3.749936    
   17056.00      -6.216794       3.747727    
   17061.00      -5.957012       3.745520    
   17066.00      -5.749010       3.743316    
   17071.00      -5.575387       3.741115    
   17076.00      -5.426255       3.738916    
   17081.00      -5.295589       3.736721    
   17086.00      -5.179202       3.734527    
   17091.00      -5.074321       3.732337    
   17096.00      -4.978788       3.730149    
   17100.00      -4.908080       3.728401    
   17101.00      -4.891116       3.727965    
   17106.00      -4.810038       3.725782    
   17111.00      -4.734674       3.723603    
   17116.00      -4.664236       3.721427    
   17121.00      -4.598089       3.719252    
   17126.00      -4.535776       3.717081    
   17131.00      -4.476830       3.714912    
   17136.00      -4.420941       3.712746    
   17200.00      -3.881451       3.685257    
   17300.00      -3.359648       3.643164    
   17400.00      -3.005452       3.602090    
   17500.00      -2.736830       3.562002    
   17600.00      -2.520577       3.522871    
   17700.00      -2.339858       3.484668    
   17800.00      -2.184920       3.447365    
   17900.00      -2.049623       3.410934    
   18000.00      -1.929722       3.375349    
   18100.00      -1.822335       3.340585    
   18200.00      -1.725278       3.306619    
   18300.00      -1.636911       3.273427    
   18400.00      -1.555954       3.240986    
   18500.00      -1.481394       3.209276    
   18600.00      -1.412415       3.178274    
   18700.00      -1.348346       3.147962    
   18800.00      -1.288630       3.118321    
   18900.00      -1.232797       3.089330    
   19000.00      -1.180449       3.060972    
   19100.00      -1.131248       3.033231    
   19200.00      -1.084896       3.006089    
   19300.00      -1.041140       2.979530    
   19400.00     -0.9997533       2.953538    
   19500.00     -0.9605381       2.928098    
   19600.00     -0.9233196       2.903196    
   19700.00     -0.8879416       2.878818    
   19800.00     -0.8542650       2.854950    
   19900.00     -0.8221629       2.831578    
   20000.00     -0.7915230       2.808691    
   20100.00     -0.7622428       2.786275    
   20200.00     -0.7342292       2.764319    
   20300.00     -0.7073980       2.742811    
   20400.00     -0.6816707       2.721740    
   20500.00     -0.6569769       2.701096    
   20600.00     -0.6332520       2.680867    
   20700.00     -0.6105914       2.661044    
   20800.00     -0.5886274       2.641617    
   20900.00     -0.5674644       2.622576    
   21000.00     -0.5470554       2.603912    
   21100.00     -0.5273565       2.585616    
   21200.00     -0.5083265       2.567679    
   21300.00     -0.4899275       2.550094    
   21400.00     -0.4721232       2.532851    
   21500.00     -0.4548804       2.515943    
   21600.00     -0.4381678       2.499362    
   21700.00     -0.4219561       2.483101    
   21800.00     -0.4062179       2.467152    
   21900.00     -0.3909266       2.451509    
   22000.00     -0.3760578       2.436164    
   22100.00     -0.3615862       2.421112    
   22200.00     -0.2735501       2.404658    
   22300.00     -0.2585065       2.386751    
   22400.00     -0.2439204       2.369040    
   22500.00     -0.2297722       2.351521    
   22600.00     -0.2160454       2.334194    
   22700.00     -0.2027242       2.317054    
   22800.00     -0.1897941       2.300099    
   22900.00     -0.1772407       2.283327    
   23000.00     -0.1650506       2.266734    
   23100.00     -0.1532114       2.250318    
   23200.00     -0.1417107       2.234077    
   23300.00     -0.1305372       2.218008    
   23400.00     -0.1196795       2.202108    
   23500.00     -0.1091273       2.186376    
   23600.00     -9.8870359E-02   2.170809    
   23700.00     -8.8899188E-02   2.155404    
   23800.00     -7.9204693E-02   2.140160    
   23900.00     -6.9777690E-02   2.125074    
   24000.00     -6.0609892E-02   2.110143    
   24100.00     -5.1693205E-02   2.095366    
   24200.00     -4.3019850E-02   2.080741    
   24300.00     -3.4582529E-02   2.066266    
   24400.00     -2.6373753E-02   2.051938    
   24500.00     -1.8386813E-02   2.037755    
   24600.00     -1.0615098E-02   2.023716    
   24700.00     -3.0522568E-03   2.009818    
   24800.00      4.3076826E-03   1.996061    
   24900.00      1.1470878E-02   1.982441    
