  Element 70: Yb      Atomic mass:  173.0400

  Edge          keV         A
    K        61.3323    0.2022
    L-I      10.4864    1.1823
    L-II      9.9782    1.2426
    L-III     8.9436    1.3863
    M1        2.3981    5.1701
    M2        2.1730    5.7057
    M3        1.9498    6.3588
    M4        1.5763    7.8655
    M5        1.5278    8.1152

Scattering factors as a function of energy: 

   1000.000      -27.87740       11.86634    
   1100.000      -28.44410       10.97046    
   1200.000      -29.59484       10.16265    
   1300.000      -31.65552       9.432991    
   1400.000      -35.89758       8.773451    
   1430.000      -38.39986       8.588728    
   1435.000      -38.94860       8.558470    
   1440.000      -39.55168       8.528360    
   1445.000      -40.21864       8.498399    
   1450.000      -40.96140       8.468584    
   1455.000      -41.79494       8.438916    
   1460.000      -42.73832       8.409392    
   1465.000      -43.81618       8.380013    
   1470.000      -45.06079       8.350777    
   1475.000      -46.51522       8.321683    
   1479.000      -47.86850       8.298511    
   1480.000      -48.23808       8.292731    
   1484.000      -49.86354       8.269670    
   1485.000      -50.31118       8.263919    
   1489.000      -52.29910       8.240971    
   1490.000      -52.85204       8.235248    
   1494.000      -55.33628       8.212410    
   1495.000      -56.03568       8.206715    
   1499.000      -59.22383       8.183988    
   1500.000      -60.13517       8.178319    
   1504.000      -64.36874       8.155703    
   1505.000      -65.60356       8.150062    
   1509.000      -71.49261       8.127554    
   1510.000      -73.26028       8.121940    
   1514.000      -82.03767       8.099540    
   1515.000      -84.79514       8.093954    
   1519.000      -99.52547       8.071662    
   1520.000      -104.5836       8.066103    
   1524.000      -137.1929       8.043918    
   1525.000      -151.9937       8.038385    
   1529.000      -192.4741       178.8430    
   1530.000      -154.0681       172.7120    
   1534.000      -87.81572       150.5527    
   1535.000      -78.69544       145.5544    
   1539.000      -53.91388       127.4534    
   1540.000      -49.67061       123.3621    
   1544.000      -37.52688       108.5173    
   1545.000      -35.42551       105.1552    
   1549.000      -29.72857       92.93300    
   1550.000      -28.87354       90.15945    
   1554.000      -27.31439       80.05747    
   1555.000      -27.35063       77.76057    
   1559.000      -29.11746       69.37904    
   1560.000      -29.97763       67.46964    
   1564.000      -35.38942       60.48923    
   1565.000      -37.33974       58.89581    
   1569.000      -48.86954       53.06077    
   1570.000      -53.16605       51.72625    
   1574.000      -85.64730       46.83049    
   1575.000      -105.4194       45.70871    
   1579.000      -71.52843       152.3113    
   1580.000      -57.62049       147.4720    
   1584.000      -26.16117       129.8923    
   1585.000      -21.27962       125.9047    
   1589.000      -7.546701       111.3911    
   1590.000      -5.121825       108.0925    
   1594.000       1.987384       96.06368    
   1595.000       3.263991       93.32444    
   1599.000       6.959177       83.31669    
   1600.000       7.598533       81.03328    
   1604.000       9.322116       72.67547    
   1605.000       9.579154       70.76488    
   1609.000       10.09335       63.75893    
   1610.000       10.11473       62.15436    
   1614.000       9.875587       56.25997    
   1615.000       9.748401       54.90748    
   1619.000       9.036544       49.93031    
   1620.000       8.816682       48.78619    
   1624.000       7.813137       44.56849    
   1625.000       7.537063       43.59722    
   1629.000       6.360916       40.01052    
   1634.000       4.783267       36.12247    
   1639.000       3.149162       32.79449    
   1644.000       1.504587       29.93653    
   1649.000     -0.1202582       27.47408    
   1654.000      -1.722628       25.34560    
   1659.000      -3.242523       23.50000    
   1664.000      -4.720372       21.89478    
   1669.000      -6.137897       20.49445    
   1674.000      -7.494390       19.26931    
   1700.000      -13.63875       14.90165    
   1800.000      -29.79800       10.13028    
   1852.000      -37.98242       10.13544    
   1857.000      -38.88286       10.19619    
   1862.000      -39.81347       10.26910    
   1867.000      -40.77730       10.35490    
   1872.000      -41.77768       10.45440    
   1877.000      -42.81823       10.56857    
   1882.000      -43.90295       10.69850    
   1887.000      -45.03627       10.84543    
   1892.000      -46.22315       11.01078    
   1897.000      -47.46920       11.19616    
   1900.000      -48.24788       11.31775    
   1902.000      -48.78088       11.40338    
   1907.000      -50.16575       11.63448    
   1912.000      -51.63292       11.89179    
   1917.000      -53.19372       12.17791    
   1922.000      -54.86284       12.49579    
   1927.000      -56.66095       12.84874    
   1932.000      -58.62000       13.24054    
   1937.000      -60.79773       13.67540    
   1942.000      -63.32961       14.15814    
   1947.000      -66.77971       14.69417    
   1952.000      -69.16226       20.09593    
   1957.000      -69.47833       20.72162    
   1962.000      -70.96206       21.42245    
   1967.000      -72.89497       22.20738    
   1972.000      -75.14417       23.08657    
   1977.000      -77.67028       24.07162    
   1982.000      -80.46449       25.17571    
   1987.000      -36.42932       26.20568    
   1992.000      -36.95288       26.31959    
   1997.000      -37.54990       26.45695    
   2000.000      -37.94328       26.55166    
   2002.000      -38.22034       26.62029    
   2007.000      -38.96566       26.81243    
   2012.000      -39.78879       27.03663    
   2017.000      -40.69361       27.29650    
   2022.000      -41.68523       27.59623    
   2027.000      -42.76954       27.94047    
   2032.000      -43.95367       28.33461    
   2037.000      -45.24558       28.78469    
   2042.000      -46.65459       29.29768    
   2047.000      -48.19114       29.88140    
   2076.000      -16.56608       29.51637    
   2081.000      -16.46383       29.39988    
   2086.000      -16.36715       29.28447    
   2091.000      -16.27603       29.17011    
   2096.000      -16.19053       29.05682    
   2100.000      -16.12626       28.96693    
   2101.000      -16.11078       28.94455    
   2106.000      -16.03697       28.83332    
   2111.000      -15.96941       28.72310    
   2116.000      -15.90853       28.61388    
   2121.000      -15.85490       28.50565    
   2126.000      -15.80937       28.39839    
   2131.000      -15.77306       28.29210    
   2136.000      -15.74762       28.18677    
   2141.000      -15.73546       28.08238    
   2146.000      -15.74028       27.97892    
   2151.000      -15.76816       27.87638    
   2156.000      -15.83001       27.77476    
   2161.000      -15.94854       27.67404    
   2166.000      -16.18466       27.57421    
   2171.000      -16.85742       27.47527    
   2176.000      -16.51758       29.29651    
   2181.000      -15.82528       29.18506    
   2186.000      -15.44221       29.07480    
   2191.000      -15.16129       28.96571    
   2196.000      -14.93291       28.85778    
   2200.000      -14.77427       28.77226    
   2201.000      -14.73717       28.75099    
   2206.000      -14.56398       28.64533    
   2211.000      -14.40755       28.54078    
   2216.000      -14.26419       28.43732    
   2221.000      -14.13143       28.33496    
   2226.000      -14.00752       28.23366    
   2231.000      -13.89117       28.13342    
   2236.000      -13.78141       28.03422    
   2241.000      -13.67750       27.93606    
   2246.000      -13.57882       27.83892    
   2251.000      -13.48491       27.74278    
   2256.000      -13.39537       27.64764    
   2261.000      -13.30989       27.55349    
   2266.000      -13.22820       27.46031    
   2271.000      -13.15009       27.36810    
   2300.000      -12.76034       26.85171    
   2301.000      -12.74870       26.83444    
   2306.000      -12.69229       26.74869    
   2311.000      -12.63882       26.66382    
   2316.000      -12.58832       26.57982    
   2321.000      -12.54087       26.49669    
   2326.000      -12.49658       26.41443    
   2331.000      -12.45559       26.33301    
   2336.000      -12.41812       26.25244    
   2341.000      -12.38446       26.17270    
   2346.000      -12.35498       26.09380    
   2351.000      -12.33022       26.01571    
   2356.000      -12.31090       25.93844    
   2361.000      -12.29803       25.86197    
   2366.000      -12.29311       25.78631    
   2371.000      -12.29841       25.71143    
   2376.000      -12.31765       25.63735    
   2381.000      -12.35746       25.56404    
   2386.000      -12.43154       25.49152    
   2391.000      -12.57642       25.41975    
   2396.000      -12.97819       25.34876    
   2400.000      -12.97360       26.47032    
   2401.000      -12.80424       26.45583    
   2406.000      -12.37578       26.38384    
   2411.000      -12.14078       26.31262    
   2416.000      -11.96805       26.24219    
   2421.000      -11.82687       26.17252    
   2426.000      -11.70499       26.10362    
   2431.000      -11.59629       26.03549    
   2436.000      -11.49724       25.96811    
   2441.000      -11.40561       25.90148    
   2446.000      -11.31991       25.83559    
   2451.000      -11.23909       25.77044    
   2456.000      -11.16238       25.70603    
   2461.000      -11.08920       25.64236    
   2466.000      -11.01908       25.57941    
   2471.000      -10.95166       25.51718    
   2476.000      -10.88665       25.45567    
   2481.000      -10.82382       25.39488    
   2486.000      -10.76295       25.33480    
   2491.000      -10.70388       25.27542    
   2496.000      -10.64646       25.21675    
   2500.000      -10.60163       25.17032    
   2600.000      -8.908936       23.95115    
   2700.000      -8.126597       22.80322    
   2800.000      -7.508603       21.79995    
   2900.000      -6.674140       20.82287    
   3000.000      -6.084374       19.89712    
   3100.000      -5.658178       19.00333    
   3200.000      -5.305588       18.17027    
   3300.000      -5.008462       17.39283    
   3400.000      -4.759472       16.66585    
   3500.000      -4.558593       15.98501    
   3600.000      -4.385887       15.34658    
   3700.000      -4.242752       14.74680    
   3800.000      -4.133838       14.18280    
   3900.000      -4.046237       13.65157    
   4000.000      -3.971037       13.15157    
   4100.000      -3.912507       12.67949    
   4200.000      -3.868622       12.23322    
   4300.000      -3.837667       11.81085    
   4400.000      -3.826964       11.41126    
   4500.000      -3.818035       11.03282    
   4600.000      -3.818125       10.67359    
   4700.000      -3.826314       10.33227    
   4800.000      -3.844575       10.00764    
   4900.000      -3.866818       9.698915    
   5000.000      -3.895088       9.404779    
   5100.000      -3.928890       9.124299    
   5200.000      -3.967803       8.856618    
   5300.000      -4.011473       8.600945    
   5400.000      -4.059603       8.356554    
   5500.000      -4.111949       8.122770    
   5600.000      -4.168315       7.898973    
   5700.000      -4.228548       7.684583    
   5800.000      -4.292534       7.479066    
   5900.000      -4.360198       7.281927    
   6000.000      -4.431504       7.092702    
   6100.000      -4.506447       6.910964    
   6200.000      -4.585062       6.736309    
   6300.000      -4.667416       6.568366    
   6400.000      -4.753614       6.406785    
   6500.000      -4.849160       6.251304    
   6600.000      -4.943541       6.101616    
   6700.000      -5.050456       5.957665    
   6800.000      -5.153805       5.818951    
   6900.000      -5.270514       5.685399    
   7000.000      -5.384210       5.556618    
   7100.000      -5.503816       5.432273    
   7200.000      -5.629916       5.312157    
   7300.000      -5.763210       5.196073    
   7400.000      -5.904541       5.083839    
   7500.000      -6.059848       4.975331    
   7600.000      -6.220531       4.870384    
   7700.000      -6.393044       4.768794    
   7800.000      -6.579316       4.670414    
   7900.000      -6.781802       4.575109    
   8000.000      -7.003699       4.482747    
   8100.000      -7.249279       4.393205    
   8200.000      -7.524422       4.306366    
   8300.000      -7.837574       4.222120    
   8400.000      -8.201468       4.140363    
   8500.000      -8.648408       4.061205    
   8600.000      -9.191763       3.984541    
   8700.000      -9.918997       3.910075    
   8800.000      -11.03243       3.837722    
   8846.000      -11.84666       3.805126    
   8851.000      -11.95772       3.801609    
   8856.000      -12.07500       3.798096    
   8861.000      -12.19924       3.794588    
   8866.000      -12.33131       3.791086    
   8871.000      -12.47227       3.787588    
   8876.000      -12.62339       3.784095    
   8881.000      -12.78622       3.780608    
   8886.000      -12.96278       3.777125    
   8891.000      -13.15556       3.773647    
   8896.000      -13.36780       3.770174    
   8900.000      -13.55447       3.767400    
   8901.000      -13.60383       3.766714    
   8906.000      -13.86951       3.763292    
   8911.000      -14.17356       3.759875    
   8916.000      -14.52883       3.756462    
   8921.000      -14.95588       3.753055    
   8926.000      -15.49117       3.749652    
   8931.000      -16.20796       3.746254    
   8936.000      -17.29461       3.742861    
   8941.000      -19.60631       3.739473    
   8946.000      -19.79470       10.54685    
   8951.000      -17.34071       10.53347    
   8956.000      -16.21192       10.52012    
   8961.000      -15.46945       10.50680    
   8966.000      -14.91504       10.49353    
   8971.000      -14.47218       10.48029    
   8976.000      -14.10344       10.46708    
   8981.000      -13.78755       10.45391    
   8986.000      -13.51128       10.44078    
   8991.000      -13.26582       10.42769    
   8996.000      -13.04503       10.41463    
   9000.000      -12.88313       10.40420    
   9001.000      -12.84444       10.40160    
   9006.000      -12.66075       10.38861    
   9011.000      -12.49130       10.37566    
   9016.000      -12.33412       10.36274    
   9021.000      -12.18759       10.34986    
   9026.000      -12.05038       10.33701    
   9031.000      -11.92143       10.32419    
   9036.000      -11.79982       10.31141    
   9041.000      -11.68480       10.29867    
   9100.000      -10.66369       10.15085    
   9200.000      -9.649223       9.910737    
   9300.000      -9.040344       9.682963    
   9400.000      -8.654026       9.466722    
   9500.000      -8.423759       9.261280    
   9600.000      -8.325207       9.065946    
   9700.000      -8.366345       8.880088    
   9800.000      -8.603777       8.703122    
   9881.000      -9.088088       8.565934    
   9886.000      -9.135278       8.557639    
   9891.000      -9.185719       8.549364    
   9896.000      -9.239785       8.541108    
   9900.000      -9.285941       8.534519    
   9901.000      -9.297923       8.532873    
   9906.000      -9.360667       8.524657    
   9911.000      -9.428670       8.516460    
   9916.000      -9.502733       8.508284    
   9921.000      -9.583845       8.500128    
   9926.000      -9.673319       8.491989    
   9931.000      -9.772811       8.483871    
   9936.000      -9.884555       8.475771    
   9941.000      -10.01163       8.467691    
   9946.000      -10.15847       8.459630    
   9951.000      -10.33175       8.451589    
   9956.000      -10.54224       8.443565    
   9961.000      -10.80909       8.435562    
   9966.000      -11.17142       8.427579    
   9971.000      -11.73284       8.419613    
   9976.000      -13.00694       8.411666    
   9981.000      -12.74675       11.81612    
   9986.000      -11.62159       11.80401    
   9991.000      -11.07269       11.79194    
   9996.000      -10.70443       11.77989    
   10000.00      -10.47661       11.77028    
   10001.00      -10.42601       11.76788    
   10006.00      -10.20163       11.75590    
   10011.00      -10.01332       11.74394    
   10016.00      -9.850899       11.73202    
   10021.00      -9.707970       11.72012    
   10026.00      -9.580262       11.70826    
   10031.00      -9.464783       11.69642    
   10036.00      -9.359350       11.68462    
   10041.00      -9.262328       11.67284    
   10046.00      -9.172472       11.66110    
   10051.00      -9.088756       11.64938    
   10056.00      -9.010402       11.63769    
   10061.00      -8.936766       11.62604    
   10066.00      -8.867315       11.61441    
   10071.00      -8.801606       11.60281    
   10076.00      -8.739265       11.59124    
   10100.00      -8.478120       11.53610    
   10200.00      -7.782770       11.31331    
   10300.00      -7.434357       11.10125    
   10389.00      -7.381725       10.92104    
   10394.00      -7.390441       10.91114    
   10399.00      -7.400162       10.90127    
   10400.00      -7.402347       10.89930    
   10404.00      -7.411914       10.89142    
   10409.00      -7.425856       10.88160    
   10414.00      -7.442243       10.87180    
   10419.00      -7.461399       10.86203    
   10424.00      -7.483714       10.85227    
   10429.00      -7.509684       10.84254    
   10434.00      -7.539939       10.83284    
   10439.00      -7.575304       10.82316    
   10444.00      -7.616878       10.81350    
   10449.00      -7.666178       10.80386    
   10454.00      -7.725381       10.79425    
   10459.00      -7.797750       10.78466    
   10464.00      -7.888586       10.77509    
   10469.00      -8.007109       10.76555    
   10474.00      -8.172593       10.75603    
   10479.00      -8.434106       10.74653    
   10484.00      -9.025846       10.73706    
   10489.00      -8.967136       12.43097    
   10494.00      -8.368098       12.42117    
   10499.00      -8.076774       12.41138    
   10500.00      -8.031916       12.40943    
   10504.00      -7.878484       12.40162    
   10509.00      -7.725998       12.39189    
   10514.00      -7.600887       12.38217    
   10519.00      -7.494026       12.37247    
   10524.00      -7.400220       12.36280    
   10529.00      -7.316234       12.35315    
   10534.00      -7.239909       12.34352    
   10539.00      -7.169751       12.33391    
   10544.00      -7.104634       12.32433    
   10549.00      -7.043749       12.31476    
   10554.00      -6.986464       12.30522    
   10559.00      -6.932278       12.29569    
   10564.00      -6.880794       12.28619    
   10569.00      -6.831687       12.27671    
   10574.00      -6.784690       12.26725    
   10579.00      -6.739580       12.25781    
   10584.00      -6.696176       12.24840    
   10600.00      -6.566941       12.21840    
   10700.00      -5.954669       12.03569    
   10800.00      -5.509679       11.86082    
   10900.00      -5.149305       11.69341    
   11000.00      -4.843219       11.53305    
   11100.00      -4.576098       11.37938    
   11200.00      -4.338783       11.23208    
   11300.00      -4.125201       11.09082    
   11400.00      -3.931046       10.95532    
   11500.00      -3.753101       10.82530    
   11600.00      -3.588875       10.70052    
   11700.00      -3.171187       10.56396    
   11800.00      -3.021217       10.42526    
   11900.00      -2.881563       10.29021    
   12000.00      -2.751123       10.15867    
   12100.00      -2.628964       10.03053    
   12200.00      -2.514287       9.905655    
   12300.00      -2.406393       9.783937    
   12400.00      -2.304676       9.665269    
   12500.00      -2.208598       9.549544    
   12600.00      -2.117684       9.436668    
   12700.00      -2.031512       9.326549    
   12800.00      -1.949699       9.219094    
   12900.00      -1.871902       9.114223    
   13000.00      -1.662341       9.008868    
   13100.00      -1.587588       8.898130    
   13200.00      -1.516622       8.789327    
   13300.00      -1.449214       8.682406    
   13400.00      -1.385159       8.577329    
   13500.00      -1.324268       8.474049    
   13600.00      -1.266366       8.372523    
   13700.00      -1.235054       8.273897    
   13800.00      -1.183376       8.177576    
   13900.00      -1.134144       8.082968    
   14000.00      -1.087226       7.990029    
   14100.00      -1.042501       7.898721    
   14200.00     -0.9998555       7.809006    
   14300.00     -0.9591838       7.720845    
   14400.00     -0.9203874       7.634203    
   14500.00     -0.8833733       7.549043    
   14600.00     -0.8480548       7.465331    
   14700.00     -0.8143509       7.383034    
   14800.00     -0.7821845       7.302120    
   14900.00     -0.7514843       7.222558    
   15000.00     -0.7221819       7.144315    
   15100.00     -0.6942136       7.067363    
   15200.00     -0.6675196       6.991674    
   15300.00     -0.6420422       6.917220    
   15400.00     -0.6177284       6.843972    
   15500.00     -0.5945266       6.771904    
   15600.00     -0.5723890       6.700991    
   15700.00     -0.5512701       6.631208    
   15800.00     -0.5311262       6.562531    
   15900.00     -0.5119166       6.494935    
   16000.00     -0.4936020       6.428398    
   16100.00     -0.4761456       6.362896    
   16200.00     -0.4595120       6.298410    
   16300.00     -0.4436682       6.234918    
   16400.00     -0.4285816       6.172397    
   16500.00     -0.4142222       6.110828    
   16600.00     -0.4005611       6.050192    
   16700.00     -0.3875706       5.990470    
   16800.00     -0.3752248       5.931645    
   16900.00     -0.3634980       5.873695    
   17000.00     -0.3523665       5.816604    
   17100.00     -0.3418075       5.760355    
   17200.00     -0.3317990       5.704933    
   17300.00     -0.3223204       5.650320    
   17400.00     -0.3133512       5.596498    
   17500.00     -0.3048727       5.543455    
   17600.00     -0.2968663       5.491173    
   17700.00     -0.2893147       5.439639    
   17800.00     -0.2822011       5.388840    
   17900.00     -0.2779482       5.338768    
   18000.00     -0.2716730       5.289466    
   18100.00     -0.2657874       5.240856    
   18200.00     -0.2602773       5.192925    
   18300.00     -0.2551293       5.145661    
   18400.00     -0.2503302       5.099049    
   18500.00     -0.2458675       5.053078    
   18600.00     -0.2417293       5.007736    
   18700.00     -0.2379040       4.963012    
   18800.00     -0.2343807       4.918894    
   18900.00     -0.2311485       4.875371    
   19000.00     -0.2281974       4.832432    
   19100.00     -0.2255175       4.790067    
   19200.00     -0.2230993       4.748264    
   19300.00     -0.2209338       4.707016    
   19400.00     -0.2190121       4.666310    
   19500.00     -0.2173259       4.626138    
   19600.00     -0.2158671       4.586490    
   19700.00     -0.2146278       4.547357    
   19800.00     -0.2136007       4.508730    
   19900.00     -0.2127783       4.470600    
   20000.00     -0.2157680       4.433002    
   20100.00     -0.2153500       4.395939    
   20200.00     -0.2151142       4.359348    
   20300.00     -0.2150546       4.323222    
   20400.00     -0.2151650       4.287550    
   20500.00     -0.2154398       4.252326    
   20600.00     -0.2158733       4.217543    
   20700.00     -0.2164603       4.183192    
   20800.00     -0.2171955       4.149267    
   20900.00     -0.2180740       4.115759    
   21000.00     -0.2199824       4.082670    
   21100.00     -0.2211403       4.050002    
   21200.00     -0.2224270       4.017732    
   21300.00     -0.2238382       3.985854    
   21400.00     -0.2253696       3.954360    
   21500.00     -0.2270174       3.923245    
   21600.00     -0.2287775       3.892503    
   21700.00     -0.2306461       3.862127    
   21800.00     -0.2326197       3.832112    
   21900.00     -0.2346948       3.802451    
   22000.00     -0.2368680       3.773140    
   22100.00     -0.2391359       3.744172    
   22200.00     -0.2414954       3.715542    
   22300.00     -0.2439435       3.687246    
   22400.00     -0.2464771       3.659276    
   22500.00     -0.2490935       3.631629    
   22600.00     -0.2517899       3.604300    
   22700.00     -0.2545635       3.577283    
   22800.00     -0.2574118       3.550574    
   22900.00     -0.2603324       3.524168    
   23000.00     -0.2633227       3.498060    
   23100.00     -0.2663805       3.472245    
   23200.00     -0.2695034       3.446720    
   23300.00     -0.2726893       3.421480    
   23400.00     -0.2759362       3.396520    
   23500.00     -0.2792418       3.371837    
   23600.00     -0.2826043       3.347426    
   23700.00     -0.2860218       3.323283    
   23800.00     -0.2894923       3.299405    
   23900.00     -0.2930141       3.275786    
   24000.00     -0.2965855       3.252424    
   24100.00     -0.3002048       3.229315    
   24200.00     -0.3038704       3.206455    
   24300.00     -0.3075805       3.183840    
   24400.00     -0.3113339       3.161467    
   24500.00     -0.3151289       3.139332    
   24600.00     -0.3191672       3.117432    
   24700.00     -0.3230409       3.095765    
   24800.00     -0.3269525       3.074325    
   24900.00     -0.3309005       3.053111    
