  Element 30: Zn      Atomic mass:   65.3800

  Edge          keV         A
    K         9.6586    1.2837
    L-I       1.1936   10.3874
    L-II      1.0428   11.8896
    L-III     1.0197   12.1589

Scattering factors as a function of energy: 

   1000.000      -21.94412       2.261062    
   1100.000      -2.808825       11.21955    
   1200.000      -12.15603       6.939785    
   1300.000      -20.77994       9.331404    
   1400.000      -3.722328       12.12636    
   1500.000      -2.689781       10.94775    
   1600.000      -1.949246       9.960461    
   1700.000      -1.470588       9.114077    
   1800.000      -1.102198       8.387187    
   1900.000     -0.8270059       7.756310    
   2000.000     -0.6178281       7.204023    
   2100.000     -0.3075905       6.698668    
   2200.000     -0.1817079       6.226824    
   2300.000     -8.9688033E-02   5.802166    
   2400.000     -4.1439872E-02   5.419037    
   2500.000      2.3759902E-03   5.075385    
   2600.000      2.6914187E-02   4.763491    
   2700.000      4.2297136E-02   4.479555    
   2800.000      4.7636099E-02   4.220225    
   2900.000      4.4887520E-02   3.982717    
   3000.000      3.5565313E-02   3.764636    
   3100.000      2.2172397E-02   3.566117    
   3200.000      5.0681611E-03   3.383147    
   3300.000     -1.4975004E-02   3.214122    
   3400.000     -3.7338525E-02   3.057639    
   3500.000     -6.1525486E-02   2.912471    
   3600.000     -8.7136224E-02   2.777539    
   3700.000     -0.1139201       2.651889    
   3800.000     -0.1414783       2.534679    
   3900.000     -0.1696694       2.425161    
   4000.000     -0.1983263       2.322666    
   4100.000     -0.2273154       2.226601    
   4200.000     -0.2565310       2.136431    
   4300.000     -0.2858899       2.051679    
   4400.000     -0.3153281       1.971914    
   4500.000     -0.3469672       1.896867    
   4600.000     -0.3778922       1.826172    
   4700.000     -0.4073426       1.759422    
   4800.000     -0.4367292       1.696309    
   4900.000     -0.4660458       1.636570    
   5000.000     -0.4952932       1.579965    
   5100.000     -0.5244783       1.526275    
   5200.000     -0.5563806       1.475347    
   5300.000     -0.5855246       1.427069    
   5400.000     -0.6146396       1.381158    
   5500.000     -0.6437519       1.337459    
   5600.000     -0.6728882       1.295830    
   5700.000     -0.7020788       1.256141    
   5800.000     -0.7313567       1.218272    
   5900.000     -0.7607575       1.182111    
   6000.000     -0.7903206       1.147557    
   6100.000     -0.8200881       1.114514    
   6200.000     -0.8501058       1.082894    
   6300.000     -0.8804231       1.052615    
   6400.000     -0.9110929       1.023603    
   6500.000     -0.9421731      0.9957863    
   6600.000     -0.9737263      0.9690995    
   6700.000      -1.005821      0.9434815    
   6800.000      -1.038531      0.9188752    
   6900.000      -1.071938      0.8952277    
   7000.000      -1.106133      0.8724890    
   7100.000      -1.141214      0.8506128    
   7200.000      -1.177292      0.8295555    
   7300.000      -1.214493      0.8092760    
   7400.000      -1.252953      0.7897364    
   7500.000      -1.292833      0.7709006    
   7600.000      -1.334310      0.7527348    
   7700.000      -1.377591      0.7352074    
   7800.000      -1.422915      0.7182883    
   7900.000      -1.470560      0.7019497    
   8000.000      -1.520853      0.6861647    
   8100.000      -1.574183      0.6709086    
   8200.000      -1.631017      0.6561578    
   8300.000      -1.691925      0.6418898    
   8400.000      -1.757607      0.6280837    
   8500.000      -1.828945      0.6147195    
   8600.000      -1.907061      0.6017784    
   8700.000      -1.993422      0.5892428    
   8800.000      -2.089993      0.5770953    
   8900.000      -2.199484      0.5653203    
   9000.000      -2.325783      0.5540166    
   9100.000      -2.474768      0.5430533    
   9200.000      -2.655889      0.5324167    
   9300.000      -2.885808      0.5220937    
   9400.000      -3.198143      0.5120721    
   9500.000      -3.678381      0.5023398    
   9561.000      -4.168597      0.4965406    
   9566.000      -4.222373      0.4960698    
   9571.000      -4.279265      0.4955996    
   9576.000      -4.339641      0.4951301    
   9581.000      -4.403940      0.4946613    
   9586.000      -4.472689      0.4941931    
   9591.000      -4.546515      0.4937258    
   9596.000      -4.626232      0.4932590    
   9600.000      -4.694903      0.4928860    
   9601.000      -4.712814      0.4927928    
   9606.000      -4.807516      0.4923274    
   9611.000      -4.911970      0.4918626    
   9616.000      -5.028355      0.4913985    
   9621.000      -5.159669      0.4909350    
   9626.000      -5.310200      0.4904722    
   9631.000      -5.486354      0.4900102    
   9636.000      -5.698533      0.4895487    
   9641.000      -5.964884      0.4890879    
   9646.000      -6.322135      0.4886277    
   9651.000      -6.864602      0.4881682    
   9656.000      -8.020504      0.4877094    
   9661.000      -8.112106       3.896319    
   9666.000      -6.883115       3.892159    
   9671.000      -6.317070       3.888010    
   9676.000      -5.944059       3.883869    
   9681.000      -5.664979       3.879738    
   9686.000      -5.441668       3.875617    
   9691.000      -5.255354       3.871505    
   9696.000      -5.095403       3.867403    
   9700.000      -4.981905       3.864128    
   9701.000      -4.955200       3.863310    
   9706.000      -4.830349       3.859227    
   9711.000      -4.717781       3.855153    
   9716.000      -4.615282       3.851090    
   9721.000      -4.521144       3.847035    
   9726.000      -4.434101       3.842989    
   9731.000      -4.353145       3.838953    
   9736.000      -4.277468       3.834927    
   9741.000      -4.206415       3.830909    
   9746.000      -4.139444       3.826901    
   9751.000      -4.076107       3.822902    
   9756.000      -4.016035       3.818913    
   9800.000      -3.588654       3.784199    
   9900.000      -2.968701       3.707860    
   10000.00      -2.564408       3.634908    
   10100.00      -2.265245       3.565157    
   10200.00      -2.029097       3.498432    
   10300.00      -1.835159       3.434569    
   10400.00      -1.671593       3.373417    
   10500.00      -1.530954       3.314833    
   10600.00      -1.408247       3.258686    
   10700.00      -1.299943       3.204851    
   10800.00      -1.203450       3.153212    
   10900.00      -1.116805       3.103661    
   11000.00      -1.038482       3.056095    
   11100.00     -0.9672699       3.010419    
   11200.00     -0.9021931       2.966543    
   11300.00     -0.8424482       2.924383    
   11400.00     -0.7873708       2.883860    
   11500.00     -0.7364002       2.844898    
   11600.00     -0.6890623       2.807427    
   11700.00     -0.6449510       2.771382    
   11800.00     -0.6037147       2.736699    
   11900.00     -0.5650491       2.703320    
   12000.00     -0.5286865       2.671189    
   12100.00     -0.4943924       2.640253    
   12200.00     -0.4619589       2.610463    
   12300.00     -0.4312002       2.581772    
   12400.00     -0.4019507       2.554135    
   12500.00     -0.3740587       2.527510    
   12600.00     -0.2564579       2.498664    
   12700.00     -0.2282018       2.466450    
   12800.00     -0.2013916       2.434846    
   12900.00     -0.1759306       2.403837    
   13000.00     -0.1517332       2.373409    
   13100.00     -0.1287219       2.343545    
   13200.00     -0.1068254       2.314233    
   13300.00     -8.5977897E-02   2.285459    
   13400.00     -6.6119172E-02   2.257210    
   13500.00     -4.7192961E-02   2.229472    
   13600.00     -2.9147696E-02   2.202234    
   13700.00     -1.1935518E-02   2.175483    
   13800.00      4.4885175E-03   2.149209    
   13900.00      2.0165626E-02   2.123398    
   14000.00      3.5134815E-02   2.098041    
   14100.00      4.9432073E-02   2.073127    
   14200.00      6.3091047E-02   2.048646    
   14300.00      7.6143622E-02   2.024587    
   14400.00      8.8619195E-02   2.000941    
   14500.00      0.1005458       1.977698    
   14600.00      0.1119494       1.954850    
   14700.00      0.1228546       1.932387    
   14800.00      0.1332845       1.910300    
   14900.00      0.1432609       1.888582    
   15000.00      0.1528045       1.867223    
   15100.00      0.1619346       1.846217    
   15200.00      0.1706694       1.825555    
   15300.00      0.1790264       1.805230    
   15400.00      0.1870220       1.785235    
   15500.00      0.1946717       1.765561    
   15600.00      0.2019903       1.746204    
   15700.00      0.2089916       1.727155    
   15800.00      0.2156890       1.708408    
   15900.00      0.2220951       1.689958    
   16000.00      0.2282220       1.671796    
   16100.00      0.2340808       1.653919    
   16200.00      0.2396825       1.636319    
   16300.00      0.2450373       1.618991    
   16400.00      0.2501552       1.601930    
   16500.00      0.2550455       1.585129    
   16600.00      0.2597171       1.568584    
   16700.00      0.2641786       1.552290    
   16800.00      0.2684379       1.536241    
   16900.00      0.2725030       1.520432    
   17000.00      0.2763813       1.504859    
   17100.00      0.2800798       1.489518    
   17200.00      0.2836054       1.474403    
   17300.00      0.2869644       1.459510    
   17400.00      0.2901632       1.444835    
   17500.00      0.2932076       1.430373    
   17600.00      0.2961034       1.416121    
   17700.00      0.2988560       1.402074    
   17800.00      0.3014707       1.388228    
   17900.00      0.3039524       1.374581    
   18000.00      0.3063060       1.361127    
   18100.00      0.3085361       1.347863    
   18200.00      0.3106470       1.334786    
   18300.00      0.3126431       1.321893    
   18400.00      0.3145285       1.309179    
   18500.00      0.3163070       1.296642    
   18600.00      0.3179824       1.284277    
   18700.00      0.3195584       1.272083    
   18800.00      0.3210383       1.260057    
   18900.00      0.3224257       1.248194    
   19000.00      0.3237236       1.236491    
   19100.00      0.3249353       1.224948    
   19200.00      0.3260636       1.213559    
   19300.00      0.3271114       1.202323    
   19400.00      0.3238115       1.191337    
   19500.00      0.3246873       1.180520    
   19600.00      0.3254936       1.169847    
   19700.00      0.3262327       1.159316    
   19800.00      0.3269070       1.148924    
   19900.00      0.3275188       1.138670    
   20000.00      0.3280702       1.128550    
   20100.00      0.3285632       1.118562    
   20200.00      0.3290000       1.108705    
   20300.00      0.3293824       1.098975    
   20400.00      0.3297123       1.089370    
   20500.00      0.3299915       1.079889    
   20600.00      0.3302218       1.070529    
   20700.00      0.3304049       1.061288    
   20800.00      0.3305422       1.052165    
   20900.00      0.3306355       1.043156    
   21000.00      0.3306863       1.034261    
   21100.00      0.3306959       1.025477    
   21200.00      0.3306658       1.016802    
   21300.00      0.3305974       1.008236    
   21400.00      0.3304919      0.9997746    
   21500.00      0.3303505      0.9914178    
   21600.00      0.3301746      0.9831633    
   21700.00      0.3299641      0.9750096    
   21800.00      0.3294159      0.9669562    
   21900.00      0.3291445      0.9590009    
   22000.00      0.3288437      0.9511414    
   22100.00      0.3285139      0.9433764    
   22200.00      0.3281567      0.9357041    
   22300.00      0.3275281      0.9281244    
   22400.00      0.3271187      0.9206348    
   22500.00      0.3266840      0.9132338    
   22600.00      0.3262249      0.9059198    
   22700.00      0.3257423      0.8986916    
   22800.00      0.3252371      0.8915479    
   22900.00      0.3247100      0.8844872    
   23000.00      0.3241618      0.8775082    
   23100.00      0.3235932      0.8706099    
   23200.00      0.3230051      0.8637908    
   23300.00      0.3223979      0.8570499    
   23400.00      0.3217725      0.8503859    
   23500.00      0.3211295      0.8437976    
   23600.00      0.3204695      0.8372838    
   23700.00      0.3197931      0.8308436    
   23800.00      0.3191009      0.8244759    
   23900.00      0.3183935      0.8181793    
   24000.00      0.3176715      0.8119529    
   24100.00      0.3169353      0.8057958    
   24200.00      0.3161856      0.7997068    
   24300.00      0.3154227      0.7936851    
   24400.00      0.3146473      0.7877295    
   24500.00      0.3138597      0.7818391    
   24600.00      0.3130604      0.7760130    
   24700.00      0.3122499      0.7702502    
   24800.00      0.3114286      0.7645499    
   24900.00      0.3105970      0.7589111    
