%File
FileName=D0007605.180
FileDate=02-Jul-2014
FileTime=14:47:16
Type=SANSDIso
Title=soft NP
User=Arb
ContentX=Q
ContentY=AvgFull
%Sample
SampleName=P.683/D2O
Environment=ITERATION 8
Position=408.480011
Phi=0.000284
Temperature=66.000000
Temp1=66.000000
Temp4=32.962963
Fl1Setting=1
IEEE1=500000
IEEE2=0
IEEE3=0
IEEE4=103981271
IEEE5=0
IEEE6=0
IEEE7=0
%Setup
Lambda=1.200
LambdaC=10354.000000
Tilting=0.687000
Attenuator=0
Collimation=18.000000
Polarization=0
SD=18.000
SY=0.000010
BeamstopX=-21.893999
BeamstopY=-20.000000
%History
TotalSum=893.3652
TotalTime=697.5520
BeamcenterX=61.00
BeamcenterY=61.05
RadialSteps=1.00
SectorWidth=180.0
MaskFile=mask18m.sma
%Counts
 1.418e-02, 5.007e+01, 1.362e+00
 1.636e-02, 5.359e+01, 8.898e-01
 1.854e-02, 5.190e+01, 6.631e-01
 2.073e-02, 4.809e+01, 5.870e-01
 2.291e-02, 4.707e+01, 5.040e-01
 2.509e-02, 4.217e+01, 4.560e-01
 2.727e-02, 4.041e+01, 3.687e-01
 2.945e-02, 3.738e+01, 3.498e-01
 3.163e-02, 3.489e+01, 3.214e-01
 3.382e-02, 3.277e+01, 3.089e-01
 3.600e-02, 3.007e+01, 2.785e-01
 3.818e-02, 2.836e+01, 2.529e-01
 4.036e-02, 2.637e+01, 2.427e-01
 4.254e-02, 2.426e+01, 2.191e-01
 4.472e-02, 2.243e+01, 2.100e-01
 4.690e-02, 2.058e+01, 1.846e-01
 4.909e-02, 1.899e+01, 1.812e-01
 5.127e-02, 1.729e+01, 1.710e-01
 5.345e-02, 1.634e+01, 1.540e-01
 5.563e-02, 1.485e+01, 1.447e-01
 5.781e-02, 1.354e+01, 1.306e-01
 5.999e-02, 1.270e+01, 1.313e-01
 6.217e-02, 1.168e+01, 1.243e-01
 6.436e-02, 1.096e+01, 1.125e-01
 6.654e-02, 9.989e+00, 1.087e-01
 6.872e-02, 9.590e+00, 1.009e-01
 7.090e-02, 8.537e+00, 9.699e-02
 7.308e-02, 7.999e+00, 9.173e-02
 7.526e-02, 7.580e+00, 8.551e-02
 7.744e-02, 7.084e+00, 8.670e-02
 7.962e-02, 6.704e+00, 7.806e-02
 8.180e-02, 6.459e+00, 7.885e-02
 8.399e-02, 6.133e+00, 7.264e-02
 8.617e-02, 5.434e+00, 6.880e-02
 8.835e-02, 5.374e+00, 6.978e-02
 9.053e-02, 5.193e+00, 6.494e-02
 9.271e-02, 4.886e+00, 6.294e-02
 9.489e-02, 4.588e+00, 5.955e-02
 9.707e-02, 4.409e+00, 5.871e-02
 9.925e-02, 4.300e+00, 5.939e-02
 1.014e-01, 3.898e+00, 5.297e-02
 1.036e-01, 3.787e+00, 5.378e-02
 1.058e-01, 3.637e+00, 5.119e-02
 1.080e-01, 3.494e+00, 5.052e-02
 1.102e-01, 3.380e+00, 4.852e-02
 1.123e-01, 3.177e+00, 4.609e-02
 1.145e-01, 3.056e+00, 4.652e-02
 1.167e-01, 2.961e+00, 4.437e-02
 1.189e-01, 2.839e+00, 4.392e-02
 1.211e-01, 2.825e+00, 4.222e-02
 1.232e-01, 2.677e+00, 4.150e-02
 1.254e-01, 2.526e+00, 4.093e-02
 1.276e-01, 2.465e+00, 3.923e-02
 1.298e-01, 2.418e+00, 3.879e-02
 1.320e-01, 2.280e+00, 3.697e-02
 1.341e-01, 2.210e+00, 3.921e-02
 1.363e-01, 2.004e+00, 3.825e-02
 1.385e-01, 1.878e+00, 3.687e-02
 1.407e-01, 1.839e+00, 3.931e-02
 1.429e-01, 1.835e+00, 3.990e-02
 1.450e-01, 1.754e+00, 4.351e-02
 1.472e-01, 1.721e+00, 4.258e-02
 1.494e-01, 1.742e+00, 4.661e-02
 1.516e-01, 1.686e+00, 4.753e-02
 1.538e-01, 1.651e+00, 4.792e-02
 1.559e-01, 1.466e+00, 4.936e-02
 1.581e-01, 1.527e+00, 4.887e-02
 1.603e-01, 1.400e+00, 5.226e-02
 1.625e-01, 1.321e+00, 5.266e-02
 1.647e-01, 1.254e+00, 5.219e-02
 1.668e-01, 1.208e+00, 5.855e-02
 1.690e-01, 1.245e+00, 5.593e-02
 1.712e-01, 1.222e+00, 6.525e-02
 1.734e-01, 1.150e+00, 6.259e-02
 1.755e-01, 1.143e+00, 6.984e-02
 1.777e-01, 1.055e+00, 7.707e-02
 1.799e-01, 8.464e-01, 6.541e-02
 1.821e-01, 7.638e-01, 8.669e-02
 1.843e-01, 7.757e-01, 8.068e-02
 1.864e-01, 8.231e-01, 1.142e-01
 1.886e-01, 6.579e-01, 1.110e-01
 1.908e-01, 5.317e-01, 1.402e-01
 1.930e-01, 5.950e-02, 1.736e-01
 1.952e-01, 1.566e-01, 1.585e-01
 1.973e-01, 0.000e+00, 3.649e-01
