%File
FileName=D0007599.081
FileDate=02-Jul-2014
FileTime=15:17:39
Type=SANSDIso
Title=soft NP
User=Arb
ContentX=Q
ContentY=AvgFull
%Sample
SampleName=P.683/D2O
Environment=ITERATION 8
Position=408.500000
Phi=0.000284
Temperature=65.970001
Temp1=65.970001
Temp4=32.800926
Fl1Setting=1
IEEE1=100000
IEEE2=0
IEEE3=7
IEEE4=20892118
IEEE5=7
IEEE6=0
IEEE7=0
%Setup
Lambda=0.600
LambdaC=20938.000000
Tilting=0.687000
Attenuator=0
Collimation=8.000000
Polarization=0
SD=8.000
SY=0.000009
BeamstopX=-21.893999
BeamstopY=5.000000
%History
TotalSum=851.8867
TotalTime=140.3410
BeamcenterX=60.55
BeamcenterY=64.68
RadialSteps=1.00
SectorWidth=180.0
MaskFile=mask8m.sma
%Counts
 6.381e-02, 8.460e+01, 1.341e+00
 7.363e-02, 8.700e+01, 9.385e-01
 8.345e-02, 8.623e+01, 7.272e-01
 9.326e-02, 7.949e+01, 5.817e-01
 1.031e-01, 7.219e+01, 4.954e-01
 1.129e-01, 6.397e+01, 4.223e-01
 1.227e-01, 5.634e+01, 3.554e-01
 1.325e-01, 4.851e+01, 3.014e-01
 1.423e-01, 4.229e+01, 2.543e-01
 1.522e-01, 3.648e+01, 2.211e-01
 1.620e-01, 3.134e+01, 1.861e-01
 1.718e-01, 2.690e+01, 1.628e-01
 1.816e-01, 2.247e+01, 1.389e-01
 1.914e-01, 1.869e+01, 1.164e-01
 2.012e-01, 1.578e+01, 1.021e-01
 2.110e-01, 1.295e+01, 8.686e-02
 2.209e-01, 1.074e+01, 7.377e-02
 2.307e-01, 8.682e+00, 6.435e-02
 2.405e-01, 7.164e+00, 5.569e-02
 2.503e-01, 5.861e+00, 4.956e-02
 2.601e-01, 4.731e+00, 4.174e-02
 2.699e-01, 3.843e+00, 3.717e-02
 2.797e-01, 3.152e+00, 3.263e-02
 2.895e-01, 2.598e+00, 2.879e-02
 2.993e-01, 2.153e+00, 2.641e-02
 3.091e-01, 1.785e+00, 2.317e-02
 3.190e-01, 1.490e+00, 2.139e-02
 3.288e-01, 1.260e+00, 1.919e-02
 3.386e-01, 1.062e+00, 1.731e-02
 3.484e-01, 9.364e-01, 1.659e-02
 3.582e-01, 8.023e-01, 1.494e-02
 3.680e-01, 7.239e-01, 1.450e-02
 3.778e-01, 6.383e-01, 1.333e-02
 3.876e-01, 5.951e-01, 1.279e-02
 3.974e-01, 5.565e-01, 1.246e-02
 4.072e-01, 4.959e-01, 1.148e-02
 4.170e-01, 4.839e-01, 1.146e-02
 4.268e-01, 4.357e-01, 1.080e-02
 4.366e-01, 3.922e-01, 1.032e-02
 4.464e-01, 3.909e-01, 1.019e-02
 4.562e-01, 3.439e-01, 9.494e-03
 4.660e-01, 3.150e-01, 9.343e-03
 4.758e-01, 2.900e-01, 8.892e-03
 4.856e-01, 2.827e-01, 8.858e-03
 4.954e-01, 2.727e-01, 8.633e-03
 5.052e-01, 2.543e-01, 8.242e-03
 5.150e-01, 2.514e-01, 8.221e-03
 5.247e-01, 2.244e-01, 7.779e-03
 5.345e-01, 2.118e-01, 7.681e-03
 5.443e-01, 1.865e-01, 7.381e-03
 5.541e-01, 1.777e-01, 7.148e-03
 5.639e-01, 1.719e-01, 7.118e-03
 5.737e-01, 1.723e-01, 6.840e-03
 5.835e-01, 1.488e-01, 6.778e-03
 5.932e-01, 1.367e-01, 6.663e-03
 6.030e-01, 1.405e-01, 6.760e-03
 6.128e-01, 1.334e-01, 6.822e-03
 6.226e-01, 1.285e-01, 6.949e-03
 6.324e-01, 1.045e-01, 7.064e-03
 6.421e-01, 1.078e-01, 7.628e-03
 6.519e-01, 1.012e-01, 8.102e-03
 6.617e-01, 9.886e-02, 8.091e-03
 6.715e-01, 8.498e-02, 8.255e-03
 6.812e-01, 8.885e-02, 8.677e-03
 6.910e-01, 1.084e-01, 9.022e-03
 7.008e-01, 9.029e-02, 9.387e-03
 7.105e-01, 7.890e-02, 9.560e-03
 7.203e-01, 8.645e-02, 9.937e-03
 7.301e-01, 8.778e-02, 1.097e-02
 7.398e-01, 6.176e-02, 1.068e-02
 7.496e-01, 6.236e-02, 1.116e-02
 7.594e-01, 7.416e-02, 1.188e-02
 7.691e-01, 6.446e-02, 1.306e-02
 7.789e-01, 6.755e-02, 1.352e-02
 7.886e-01, 7.172e-02, 1.361e-02
 7.984e-01, 8.166e-02, 1.569e-02
 8.081e-01, 5.925e-02, 1.520e-02
 8.179e-01, 5.945e-02, 1.836e-02
 8.276e-01, 1.813e-02, 2.010e-02
 8.374e-01, 8.791e-02, 2.585e-02
 8.471e-01, 5.059e-02, 3.254e-02
 8.569e-01, 9.189e-02, 3.518e-02
 8.666e-01, 1.204e-02, 6.334e-02
 8.764e-01,-7.520e-02, 6.192e-02
