%File
FileName=D0007595.081
FileDate=02-Jul-2014
FileTime=15:17:39
Type=SANSDIso
Title=soft NP
User=Arb
ContentX=Q
ContentY=AvgFull
%Sample
SampleName=P.683/D2O
Environment=ITERATION 8
Position=408.500000
Phi=0.000697
Temperature=23.030001
Temp1=23.030001
Temp4=32.569443
Fl1Setting=1
IEEE1=1000000
IEEE2=0
IEEE3=0
IEEE4=208510949
IEEE5=0
IEEE6=0
IEEE7=0
%Setup
Lambda=0.600
LambdaC=20930.000000
Tilting=0.687000
Attenuator=0
Collimation=8.000000
Polarization=0
SD=8.000
SY=0.000001
BeamstopX=-21.893999
BeamstopY=5.000000
%History
TotalSum=39.9008
TotalTime=1407.9940
BeamcenterX=60.55
BeamcenterY=64.68
RadialSteps=1.00
SectorWidth=180.0
MaskFile=mask8m.sma
%Counts
 6.381e-02, 1.138e+00, 2.980e-02
 7.363e-02, 1.083e+00, 1.983e-02
 8.345e-02, 1.074e+00, 1.526e-02
 9.326e-02, 1.007e+00, 1.272e-02
 1.031e-01, 9.632e-01, 1.153e-02
 1.129e-01, 9.516e-01, 1.087e-02
 1.227e-01, 9.231e-01, 1.006e-02
 1.325e-01, 8.917e-01, 9.461e-03
 1.423e-01, 8.953e-01, 8.947e-03
 1.522e-01, 8.752e-01, 8.687e-03
 1.620e-01, 8.598e-01, 8.112e-03
 1.718e-01, 8.416e-01, 7.900e-03
 1.816e-01, 8.263e-01, 7.647e-03
 1.914e-01, 8.177e-01, 7.225e-03
 2.012e-01, 8.068e-01, 7.081e-03
 2.110e-01, 7.839e-01, 6.772e-03
 2.209e-01, 7.802e-01, 6.459e-03
 2.307e-01, 7.452e-01, 6.288e-03
 2.405e-01, 7.315e-01, 6.058e-03
 2.503e-01, 7.169e-01, 5.985e-03
 2.601e-01, 7.098e-01, 5.654e-03
 2.699e-01, 6.852e-01, 5.535e-03
 2.797e-01, 6.602e-01, 5.302e-03
 2.895e-01, 6.527e-01, 5.165e-03
 2.993e-01, 6.364e-01, 5.133e-03
 3.091e-01, 6.219e-01, 4.893e-03
 3.190e-01, 6.145e-01, 4.872e-03
 3.288e-01, 5.896e-01, 4.640e-03
 3.386e-01, 5.798e-01, 4.522e-03
 3.484e-01, 5.591e-01, 4.468e-03
 3.582e-01, 5.493e-01, 4.258e-03
 3.680e-01, 5.359e-01, 4.271e-03
 3.778e-01, 5.155e-01, 4.077e-03
 3.876e-01, 5.052e-01, 3.945e-03
 3.974e-01, 4.907e-01, 3.894e-03
 4.072e-01, 4.792e-01, 3.748e-03
 4.170e-01, 4.714e-01, 3.751e-03
 4.268e-01, 4.568e-01, 3.606e-03
 4.366e-01, 4.425e-01, 3.539e-03
 4.464e-01, 4.339e-01, 3.501e-03
 4.562e-01, 4.175e-01, 3.347e-03
 4.660e-01, 4.065e-01, 3.305e-03
 4.758e-01, 3.983e-01, 3.214e-03
 4.856e-01, 3.846e-01, 3.159e-03
 4.954e-01, 3.781e-01, 3.126e-03
 5.052e-01, 3.683e-01, 3.021e-03
 5.150e-01, 3.570e-01, 2.991e-03
 5.247e-01, 3.476e-01, 2.910e-03
 5.345e-01, 3.370e-01, 2.872e-03
 5.443e-01, 3.302e-01, 2.809e-03
 5.541e-01, 3.154e-01, 2.729e-03
 5.639e-01, 3.138e-01, 2.742e-03
 5.737e-01, 3.033e-01, 2.629e-03
 5.835e-01, 2.961e-01, 2.622e-03
 5.932e-01, 2.909e-01, 2.602e-03
 6.030e-01, 2.768e-01, 2.596e-03
 6.128e-01, 2.744e-01, 2.687e-03
 6.226e-01, 2.667e-01, 2.687e-03
 6.324e-01, 2.573e-01, 2.798e-03
 6.421e-01, 2.534e-01, 3.007e-03
 6.519e-01, 2.527e-01, 3.157e-03
 6.617e-01, 2.412e-01, 3.214e-03
 6.715e-01, 2.345e-01, 3.272e-03
 6.812e-01, 2.264e-01, 3.377e-03
 6.910e-01, 2.197e-01, 3.504e-03
 7.008e-01, 2.212e-01, 3.694e-03
 7.105e-01, 2.116e-01, 3.705e-03
 7.203e-01, 2.013e-01, 3.905e-03
 7.301e-01, 2.033e-01, 4.053e-03
 7.398e-01, 1.938e-01, 4.131e-03
 7.496e-01, 1.937e-01, 4.408e-03
 7.594e-01, 1.887e-01, 4.517e-03
 7.691e-01, 1.828e-01, 4.900e-03
 7.789e-01, 1.744e-01, 4.972e-03
 7.886e-01, 1.749e-01, 5.249e-03
 7.984e-01, 1.654e-01, 5.719e-03
 8.081e-01, 1.632e-01, 6.021e-03
 8.179e-01, 1.636e-01, 7.016e-03
 8.276e-01, 1.592e-01, 7.563e-03
 8.374e-01, 1.622e-01, 9.207e-03
 8.471e-01, 1.515e-01, 1.199e-02
 8.569e-01, 1.448e-01, 1.234e-02
 8.666e-01, 9.994e-02, 1.925e-02
 8.764e-01, 9.516e-02, 2.487e-02
