%File
FileName=D0007606.180
FileDate=02-Jul-2014
FileTime=14:47:16
Type=SANSDIso
Title=soft NP
User=Arb
ContentX=Q
ContentY=AvgFull
%Sample
SampleName=NP817/D2O
Environment=ITERATION 8
Position=451.488007
Phi=0.000284
Temperature=66.000000
Temp1=66.000000
Temp4=33.032406
Fl1Setting=1
IEEE1=500000
IEEE2=0
IEEE3=0
IEEE4=103702137
IEEE5=0
IEEE6=0
IEEE7=0
%Setup
Lambda=1.200
LambdaC=10353.000000
Tilting=0.687000
Attenuator=0
Collimation=18.000000
Polarization=0
SD=18.000
SY=0.000010
BeamstopX=-21.893999
BeamstopY=-20.000000
%History
TotalSum=1261.0485
TotalTime=695.0110
BeamcenterX=61.00
BeamcenterY=61.05
RadialSteps=1.00
SectorWidth=180.0
MaskFile=mask18m.sma
%Counts
 1.418e-02, 4.468e+01, 1.305e+00
 1.636e-02, 5.719e+01, 9.247e-01
 1.854e-02, 6.024e+01, 7.306e-01
 2.073e-02, 6.157e+01, 6.947e-01
 2.291e-02, 6.170e+01, 6.072e-01
 2.509e-02, 5.935e+01, 5.724e-01
 2.727e-02, 5.815e+01, 4.698e-01
 2.945e-02, 5.546e+01, 4.525e-01
 3.163e-02, 5.424e+01, 4.277e-01
 3.382e-02, 5.320e+01, 4.223e-01
 3.600e-02, 5.050e+01, 3.868e-01
 3.818e-02, 4.915e+01, 3.573e-01
 4.036e-02, 4.582e+01, 3.419e-01
 4.254e-02, 4.412e+01, 3.169e-01
 4.472e-02, 4.207e+01, 3.082e-01
 4.690e-02, 3.918e+01, 2.717e-01
 4.909e-02, 3.757e+01, 2.722e-01
 5.127e-02, 3.490e+01, 2.584e-01
 5.345e-02, 3.271e+01, 2.307e-01
 5.563e-02, 3.037e+01, 2.185e-01
 5.781e-02, 2.797e+01, 1.973e-01
 5.999e-02, 2.542e+01, 1.940e-01
 6.217e-02, 2.397e+01, 1.855e-01
 6.436e-02, 2.219e+01, 1.661e-01
 6.654e-02, 2.046e+01, 1.611e-01
 6.872e-02, 1.807e+01, 1.424e-01
 7.090e-02, 1.645e+01, 1.379e-01
 7.308e-02, 1.504e+01, 1.282e-01
 7.526e-02, 1.353e+01, 1.160e-01
 7.744e-02, 1.208e+01, 1.146e-01
 7.962e-02, 1.073e+01, 9.940e-02
 8.180e-02, 9.490e+00, 9.588e-02
 8.399e-02, 8.500e+00, 8.561e-02
 8.617e-02, 7.439e+00, 8.045e-02
 8.835e-02, 6.644e+00, 7.727e-02
 9.053e-02, 5.821e+00, 6.848e-02
 9.271e-02, 5.081e+00, 6.386e-02
 9.489e-02, 4.291e+00, 5.736e-02
 9.707e-02, 3.829e+00, 5.456e-02
 9.925e-02, 3.243e+00, 5.144e-02
 1.014e-01, 2.824e+00, 4.519e-02
 1.036e-01, 2.346e+00, 4.264e-02
 1.058e-01, 2.080e+00, 3.915e-02
 1.080e-01, 1.761e+00, 3.654e-02
 1.102e-01, 1.579e+00, 3.393e-02
 1.123e-01, 1.299e+00, 3.052e-02
 1.145e-01, 1.115e+00, 2.944e-02
 1.167e-01, 9.782e-01, 2.704e-02
 1.189e-01, 8.384e-01, 2.573e-02
 1.211e-01, 7.071e-01, 2.326e-02
 1.232e-01, 6.565e-01, 2.290e-02
 1.254e-01, 6.290e-01, 2.290e-02
 1.276e-01, 5.950e-01, 2.163e-02
 1.298e-01, 5.272e-01, 2.091e-02
 1.320e-01, 5.172e-01, 2.022e-02
 1.341e-01, 5.035e-01, 2.161e-02
 1.363e-01, 4.689e-01, 2.159e-02
 1.385e-01, 4.289e-01, 2.074e-02
 1.407e-01, 4.455e-01, 2.262e-02
 1.429e-01, 4.827e-01, 2.365e-02
 1.450e-01, 4.670e-01, 2.600e-02
 1.472e-01, 4.683e-01, 2.583e-02
 1.494e-01, 4.538e-01, 2.773e-02
 1.516e-01, 4.344e-01, 2.830e-02
 1.538e-01, 4.418e-01, 2.898e-02
 1.559e-01, 4.332e-01, 3.113e-02
 1.581e-01, 4.928e-01, 3.155e-02
 1.603e-01, 4.339e-01, 3.372e-02
 1.625e-01, 3.858e-01, 3.412e-02
 1.647e-01, 3.884e-01, 3.421e-02
 1.668e-01, 3.971e-01, 3.958e-02
 1.690e-01, 3.180e-01, 3.553e-02
 1.712e-01, 2.425e-01, 3.958e-02
 1.734e-01, 2.747e-01, 3.955e-02
 1.755e-01, 2.693e-01, 4.490e-02
 1.777e-01, 3.284e-01, 5.291e-02
 1.799e-01, 3.304e-01, 5.028e-02
 1.821e-01, 2.669e-01, 6.459e-02
 1.843e-01, 2.653e-01, 6.355e-02
 1.864e-01, 1.654e-01, 7.782e-02
 1.886e-01, 2.157e-01, 8.487e-02
 1.908e-01, 1.745e-01, 1.144e-01
 1.930e-01, 1.201e-01, 1.727e-01
 1.952e-01, 9.496e-02, 1.477e-01
 1.973e-01, 0.000e+00, 3.631e-01
