%File
FileName=D0007602.180
FileDate=02-Jul-2014
FileTime=15:44:43
Type=SANSDIso
Title=soft NP
User=Arb
ContentX=Q
ContentY=AvgFull
%Sample
SampleName=P.683/D2O
Environment=ITERATION 8
Position=408.480011
Phi=0.000284
Temperature=65.989998
Temp1=65.989998
Temp4=32.777779
Fl1Setting=1
IEEE1=500000
IEEE2=0
IEEE3=0
IEEE4=103734038
IEEE5=0
IEEE6=0
IEEE7=0
%Setup
Lambda=0.600
LambdaC=20934.000000
Tilting=0.687000
Attenuator=0
Collimation=8.000000
Polarization=0
SD=2.001
SY=0.399992
BeamstopX=-21.893999
BeamstopY=5.000000
%History
TotalSum=6.6925
TotalTime=715.5780
BeamcenterX=113.64
BeamcenterY=64.58
RadialSteps=1.00
SectorWidth=180.0
MaskFile=mask18m8Ang.sma
%Counts
 1.963e-02, 3.158e-02, 2.270e-02
 5.887e-02, 3.743e-02, 1.775e-02
 9.812e-02, 1.816e-02, 1.244e-02
 1.374e-01, 2.434e-02, 1.071e-02
 1.766e-01, 2.597e-02, 1.014e-02
 2.158e-01, 2.910e-02, 8.618e-03
 2.551e-01, 5.838e-01, 1.720e-02
 2.943e-01, 1.205e+00, 1.314e-02
 3.335e-01, 1.042e+00, 8.111e-03
 3.727e-01, 6.571e-01, 4.714e-03
 4.119e-01, 4.731e-01, 3.257e-03
 4.511e-01, 3.504e-01, 2.785e-03
 4.902e-01, 2.645e-01, 2.340e-03
 5.294e-01, 2.033e-01, 2.116e-03
 5.685e-01, 1.582e-01, 1.801e-03
 6.076e-01, 1.215e-01, 1.634e-03
 6.467e-01, 9.925e-02, 1.491e-03
 6.858e-01, 7.980e-02, 1.394e-03
 7.248e-01, 6.561e-02, 1.361e-03
 7.639e-01, 5.758e-02, 1.262e-03
 8.029e-01, 5.103e-02, 1.234e-03
 8.418e-01, 4.652e-02, 1.208e-03
 8.808e-01, 3.961e-02, 1.162e-03
 9.197e-01, 3.562e-02, 1.152e-03
 9.586e-01, 3.138e-02, 1.064e-03
 9.975e-01, 2.771e-02, 1.075e-03
 1.036e+00, 2.675e-02, 1.049e-03
 1.075e+00, 2.514e-02, 1.002e-03
 1.114e+00, 2.436e-02, 1.002e-03
 1.153e+00, 2.034e-02, 9.571e-04
 1.191e+00, 2.052e-02, 9.740e-04
 1.230e+00, 1.908e-02, 9.598e-04
 1.269e+00, 1.753e-02, 9.289e-04
 1.307e+00, 1.821e-02, 9.004e-04
 1.346e+00, 1.655e-02, 8.820e-04
 1.384e+00, 1.471e-02, 9.122e-04
 1.423e+00, 1.418e-02, 8.566e-04
 1.461e+00, 1.358e-02, 8.676e-04
 1.499e+00, 1.285e-02, 8.523e-04
 1.538e+00, 1.413e-02, 8.384e-04
 1.576e+00, 1.284e-02, 8.356e-04
 1.614e+00, 1.071e-02, 8.074e-04
 1.653e+00, 1.178e-02, 8.246e-04
 1.691e+00, 1.040e-02, 8.189e-04
 1.729e+00, 1.174e-02, 7.964e-04
 1.767e+00, 1.046e-02, 8.056e-04
 1.805e+00, 1.174e-02, 7.623e-04
 1.843e+00, 8.825e-03, 8.282e-04
 1.881e+00, 9.884e-03, 7.968e-04
 1.918e+00, 9.080e-03, 7.980e-04
 1.956e+00, 9.264e-03, 7.916e-04
 1.994e+00, 8.336e-03, 7.711e-04
 2.031e+00, 9.622e-03, 7.838e-04
 2.069e+00, 8.537e-03, 7.635e-04
 2.107e+00, 8.940e-03, 7.587e-04
 2.144e+00, 9.798e-03, 7.637e-04
 2.181e+00, 8.646e-03, 7.526e-04
 2.219e+00, 7.149e-03, 7.588e-04
 2.256e+00, 6.831e-03, 7.171e-04
 2.293e+00, 8.995e-03, 7.190e-04
 2.330e+00, 9.572e-03, 7.087e-04
 2.367e+00, 7.469e-03, 6.994e-04
 2.404e+00, 8.294e-03, 7.309e-04
 2.441e+00, 8.379e-03, 7.258e-04
 2.478e+00, 7.298e-03, 7.823e-04
 2.515e+00, 6.679e-03, 7.751e-04
 2.552e+00, 6.220e-03, 7.901e-04
 2.588e+00, 5.154e-03, 8.021e-04
 2.625e+00, 7.355e-03, 8.003e-04
 2.661e+00, 6.807e-03, 8.399e-04
 2.698e+00, 8.147e-03, 8.098e-04
 2.734e+00, 5.892e-03, 8.244e-04
 2.770e+00, 7.819e-03, 8.427e-04
 2.807e+00, 8.477e-03, 8.376e-04
 2.843e+00, 8.208e-03, 8.567e-04
 2.879e+00, 7.876e-03, 8.343e-04
 2.915e+00, 6.299e-03, 8.467e-04
 2.951e+00, 6.858e-03, 8.489e-04
 2.986e+00, 6.687e-03, 8.665e-04
 3.022e+00, 6.482e-03, 8.663e-04
 3.058e+00, 8.116e-03, 8.478e-04
 3.093e+00, 8.029e-03, 8.979e-04
 3.129e+00, 8.231e-03, 8.611e-04
 3.164e+00, 7.070e-03, 8.895e-04
 3.199e+00, 7.058e-03, 8.764e-04
 3.235e+00, 7.998e-03, 8.859e-04
 3.270e+00, 7.182e-03, 9.186e-04
 3.305e+00, 7.796e-03, 8.892e-04
 3.340e+00, 5.909e-03, 9.006e-04
 3.375e+00, 5.359e-03, 8.972e-04
 3.409e+00, 7.980e-03, 9.080e-04
 3.444e+00, 7.090e-03, 9.250e-04
 3.479e+00, 7.578e-03, 9.056e-04
 3.513e+00, 6.016e-03, 9.173e-04
 3.548e+00, 6.263e-03, 9.398e-04
 3.582e+00, 7.551e-03, 9.361e-04
 3.616e+00, 4.993e-03, 9.366e-04
 3.650e+00, 5.687e-03, 9.363e-04
 3.684e+00, 7.954e-03, 9.424e-04
 3.718e+00, 8.248e-03, 9.546e-04
 3.752e+00, 6.626e-03, 9.557e-04
 3.786e+00, 8.634e-03, 9.470e-04
 3.820e+00, 7.763e-03, 9.571e-04
 3.853e+00, 5.635e-03, 9.717e-04
 3.887e+00, 5.569e-03, 9.686e-04
 3.920e+00, 7.016e-03, 9.715e-04
 3.953e+00, 7.744e-03, 9.826e-04
 3.987e+00, 7.171e-03, 9.851e-04
 4.020e+00, 7.883e-03, 9.873e-04
 4.053e+00, 7.435e-03, 9.812e-04
 4.086e+00, 7.407e-03, 9.897e-04
 4.118e+00, 4.269e-03, 1.012e-03
 4.151e+00, 7.787e-03, 1.023e-03
 4.184e+00, 5.084e-03, 1.062e-03
 4.216e+00, 5.612e-03, 1.163e-03
 4.249e+00, 7.271e-03, 1.265e-03
 4.281e+00, 6.956e-03, 1.374e-03
 4.313e+00, 6.064e-03, 1.452e-03
 4.345e+00, 6.994e-03, 1.533e-03
 4.377e+00, 8.331e-03, 1.663e-03
 4.409e+00, 8.884e-03, 1.773e-03
 4.441e+00, 6.383e-03, 1.885e-03
 4.473e+00, 5.908e-03, 2.019e-03
 4.504e+00, 4.827e-03, 2.268e-03
 4.536e+00, 7.281e-03, 2.568e-03
 4.567e+00, 3.623e-03, 2.830e-03
 4.599e+00, 1.022e-02, 3.220e-03
 4.630e+00, 1.340e-02, 4.523e-03
 4.661e+00,-4.130e-03, 9.212e-03
