%File
FileName=D0007596.081
FileDate=02-Jul-2014
FileTime=15:17:39
Type=SANSDIso
Title=soft NP
User=Arb
ContentX=Q
ContentY=AvgFull
%Sample
SampleName=NP817/D2O
Environment=ITERATION 8
Position=451.488007
Phi=0.000697
Temperature=23.139999
Temp1=23.139999
Temp4=32.662037
Fl1Setting=1
IEEE1=1000000
IEEE2=0
IEEE3=16
IEEE4=208588758
IEEE5=16
IEEE6=0
IEEE7=0
%Setup
Lambda=0.600
LambdaC=20926.000000
Tilting=0.687000
Attenuator=0
Collimation=8.000000
Polarization=0
SD=8.000
SY=0.000001
BeamstopX=-21.893999
BeamstopY=5.000000
%History
TotalSum=30.9938
TotalTime=1413.4010
BeamcenterX=60.55
BeamcenterY=64.68
RadialSteps=1.00
SectorWidth=180.0
MaskFile=mask8m.sma
%Counts
 6.381e-02, 7.768e-01, 2.545e-02
 7.363e-02, 8.193e-01, 1.751e-02
 8.345e-02, 8.296e-01, 1.345e-02
 9.326e-02, 8.018e-01, 1.135e-02
 1.031e-01, 7.733e-01, 1.034e-02
 1.129e-01, 7.601e-01, 9.713e-03
 1.227e-01, 7.383e-01, 8.984e-03
 1.325e-01, 7.148e-01, 8.449e-03
 1.423e-01, 7.044e-01, 7.912e-03
 1.522e-01, 6.898e-01, 7.684e-03
 1.620e-01, 6.817e-01, 7.198e-03
 1.718e-01, 6.781e-01, 7.065e-03
 1.816e-01, 6.587e-01, 6.822e-03
 1.914e-01, 6.398e-01, 6.372e-03
 2.012e-01, 6.326e-01, 6.257e-03
 2.110e-01, 6.259e-01, 6.039e-03
 2.209e-01, 5.962e-01, 5.642e-03
 2.307e-01, 5.899e-01, 5.600e-03
 2.405e-01, 5.808e-01, 5.410e-03
 2.503e-01, 5.591e-01, 5.297e-03
 2.601e-01, 5.567e-01, 5.016e-03
 2.699e-01, 5.352e-01, 4.907e-03
 2.797e-01, 5.146e-01, 4.708e-03
 2.895e-01, 5.061e-01, 4.577e-03
 2.993e-01, 4.855e-01, 4.513e-03
 3.091e-01, 4.906e-01, 4.375e-03
 3.190e-01, 4.667e-01, 4.286e-03
 3.288e-01, 4.586e-01, 4.135e-03
 3.386e-01, 4.459e-01, 4.012e-03
 3.484e-01, 4.352e-01, 3.987e-03
 3.582e-01, 4.255e-01, 3.792e-03
 3.680e-01, 4.189e-01, 3.825e-03
 3.778e-01, 3.995e-01, 3.643e-03
 3.876e-01, 3.908e-01, 3.530e-03
 3.974e-01, 3.809e-01, 3.493e-03
 4.072e-01, 3.683e-01, 3.346e-03
 4.170e-01, 3.644e-01, 3.361e-03
 4.268e-01, 3.523e-01, 3.234e-03
 4.366e-01, 3.449e-01, 3.188e-03
 4.464e-01, 3.407e-01, 3.166e-03
 4.562e-01, 3.256e-01, 3.022e-03
 4.660e-01, 3.165e-01, 2.986e-03
 4.758e-01, 3.065e-01, 2.889e-03
 4.856e-01, 3.022e-01, 2.865e-03
 4.954e-01, 2.963e-01, 2.836e-03
 5.052e-01, 2.841e-01, 2.726e-03
 5.150e-01, 2.791e-01, 2.717e-03
 5.247e-01, 2.701e-01, 2.639e-03
 5.345e-01, 2.634e-01, 2.612e-03
 5.443e-01, 2.549e-01, 2.547e-03
 5.541e-01, 2.478e-01, 2.497e-03
 5.639e-01, 2.414e-01, 2.488e-03
 5.737e-01, 2.376e-01, 2.403e-03
 5.835e-01, 2.287e-01, 2.386e-03
 5.932e-01, 2.247e-01, 2.371e-03
 6.030e-01, 2.136e-01, 2.371e-03
 6.128e-01, 2.135e-01, 2.462e-03
 6.226e-01, 2.040e-01, 2.449e-03
 6.324e-01, 1.977e-01, 2.558e-03
 6.421e-01, 1.948e-01, 2.750e-03
 6.519e-01, 1.861e-01, 2.847e-03
 6.617e-01, 1.834e-01, 2.935e-03
 6.715e-01, 1.792e-01, 2.996e-03
 6.812e-01, 1.758e-01, 3.107e-03
 6.910e-01, 1.697e-01, 3.230e-03
 7.008e-01, 1.639e-01, 3.364e-03
 7.105e-01, 1.585e-01, 3.388e-03
 7.203e-01, 1.496e-01, 3.577e-03
 7.301e-01, 1.491e-01, 3.700e-03
 7.398e-01, 1.475e-01, 3.810e-03
 7.496e-01, 1.434e-01, 4.042e-03
 7.594e-01, 1.355e-01, 4.102e-03
 7.691e-01, 1.419e-01, 4.549e-03
 7.789e-01, 1.326e-01, 4.605e-03
 7.886e-01, 1.336e-01, 4.867e-03
 7.984e-01, 1.179e-01, 5.221e-03
 8.081e-01, 1.114e-01, 5.445e-03
 8.179e-01, 1.249e-01, 6.498e-03
 8.276e-01, 1.094e-01, 6.839e-03
 8.374e-01, 1.128e-01, 8.337e-03
 8.471e-01, 1.131e-01, 1.110e-02
 8.569e-01, 1.090e-01, 1.147e-02
 8.666e-01, 1.128e-01, 2.012e-02
 8.764e-01, 9.850e-02, 2.528e-02
