%File
FileName=D0007600.081
FileDate=02-Jul-2014
FileTime=15:17:39
Type=SANSDIso
Title=soft NP
User=Arb
ContentX=Q
ContentY=AvgFull
%Sample
SampleName=NP817/D2O
Environment=ITERATION 8
Position=451.488007
Phi=0.000284
Temperature=66.010002
Temp1=66.010002
Temp4=32.777779
Fl1Setting=1
IEEE1=100000
IEEE2=0
IEEE3=0
IEEE4=20635403
IEEE5=0
IEEE6=0
IEEE7=0
%Setup
Lambda=0.600
LambdaC=20930.000000
Tilting=0.687000
Attenuator=0
Collimation=8.000000
Polarization=0
SD=8.000
SY=0.000009
BeamstopX=-21.893999
BeamstopY=5.000000
%History
TotalSum=1018.5400
TotalTime=139.2400
BeamcenterX=60.55
BeamcenterY=64.68
RadialSteps=1.00
SectorWidth=180.0
MaskFile=mask8m.sma
%Counts
 6.381e-02, 1.991e+02, 3.053e+00
 7.363e-02, 1.817e+02, 1.898e+00
 8.345e-02, 1.594e+02, 1.297e+00
 9.326e-02, 1.262e+02, 8.921e-01
 1.031e-01, 9.835e+01, 6.559e-01
 1.129e-01, 7.331e+01, 4.772e-01
 1.227e-01, 5.329e+01, 3.401e-01
 1.325e-01, 3.679e+01, 2.414e-01
 1.423e-01, 2.502e+01, 1.694e-01
 1.522e-01, 1.639e+01, 1.222e-01
 1.620e-01, 1.035e+01, 8.545e-02
 1.718e-01, 6.636e+00, 6.401e-02
 1.816e-01, 4.374e+00, 4.931e-02
 1.914e-01, 3.185e+00, 3.966e-02
 2.012e-01, 2.545e+00, 3.481e-02
 2.110e-01, 2.248e+00, 3.179e-02
 2.209e-01, 2.118e+00, 2.958e-02
 2.307e-01, 1.959e+00, 2.848e-02
 2.405e-01, 1.861e+00, 2.695e-02
 2.503e-01, 1.690e+00, 2.578e-02
 2.601e-01, 1.496e+00, 2.308e-02
 2.699e-01, 1.257e+00, 2.125e-02
 2.797e-01, 1.013e+00, 1.880e-02
 2.895e-01, 8.317e-01, 1.685e-02
 2.993e-01, 7.408e-01, 1.620e-02
 3.091e-01, 5.765e-01, 1.408e-02
 3.190e-01, 5.058e-01, 1.352e-02
 3.288e-01, 4.586e-01, 1.257e-02
 3.386e-01, 4.074e-01, 1.169e-02
 3.484e-01, 3.652e-01, 1.149e-02
 3.582e-01, 3.157e-01, 1.052e-02
 3.680e-01, 2.976e-01, 1.045e-02
 3.778e-01, 2.735e-01, 9.788e-03
 3.876e-01, 2.549e-01, 9.547e-03
 3.974e-01, 2.239e-01, 9.204e-03
 4.072e-01, 2.249e-01, 8.775e-03
 4.170e-01, 2.040e-01, 8.584e-03
 4.268e-01, 1.743e-01, 8.111e-03
 4.366e-01, 1.698e-01, 7.962e-03
 4.464e-01, 1.481e-01, 7.583e-03
 4.562e-01, 1.321e-01, 7.199e-03
 4.660e-01, 1.225e-01, 7.257e-03
 4.758e-01, 1.100e-01, 6.918e-03
 4.856e-01, 9.865e-02, 6.846e-03
 4.954e-01, 1.034e-01, 6.741e-03
 5.052e-01, 1.014e-01, 6.557e-03
 5.150e-01, 9.180e-02, 6.427e-03
 5.247e-01, 7.947e-02, 6.142e-03
 5.345e-01, 7.992e-02, 6.173e-03
 5.443e-01, 6.695e-02, 6.040e-03
 5.541e-01, 6.962e-02, 5.939e-03
 5.639e-01, 5.952e-02, 5.811e-03
 5.737e-01, 6.791e-02, 5.664e-03
 5.835e-01, 5.813e-02, 5.754e-03
 5.932e-01, 5.011e-02, 5.676e-03
 6.030e-01, 4.347e-02, 5.634e-03
 6.128e-01, 4.674e-02, 5.774e-03
 6.226e-01, 4.769e-02, 5.973e-03
 6.324e-01, 3.876e-02, 6.199e-03
 6.421e-01, 4.098e-02, 6.659e-03
 6.519e-01, 2.921e-02, 7.022e-03
 6.617e-01, 5.081e-02, 7.398e-03
 6.715e-01, 3.337e-02, 7.460e-03
 6.812e-01, 4.161e-02, 7.875e-03
 6.910e-01, 4.143e-02, 7.820e-03
 7.008e-01, 2.606e-02, 8.214e-03
 7.105e-01, 3.269e-02, 8.803e-03
 7.203e-01, 2.692e-02, 8.771e-03
 7.301e-01, 2.520e-02, 9.678e-03
 7.398e-01, 2.633e-02, 9.968e-03
 7.496e-01, 4.318e-02, 1.077e-02
 7.594e-01, 2.319e-02, 1.078e-02
 7.691e-01, 2.045e-02, 1.193e-02
 7.789e-01, 1.883e-02, 1.226e-02
 7.886e-01, 4.212e-02, 1.272e-02
 7.984e-01, 2.150e-02, 1.395e-02
 8.081e-01, 2.358e-02, 1.407e-02
 8.179e-01, 2.972e-02, 1.723e-02
 8.276e-01, 7.718e-03, 1.966e-02
 8.374e-01, 4.732e-02, 2.411e-02
 8.471e-01, 3.462e-02, 3.133e-02
 8.569e-01, 3.932e-02, 3.196e-02
 8.666e-01,-5.076e-02, 5.677e-02
 8.764e-01,-1.573e-02, 7.214e-02
