%File
FileName=D0007603.300
FileDate=03-Jul-2014
FileTime=07:09:19
Type=SANSDIso
Title=soft NP
User=Arb
ContentX=Q
ContentY=AvgFull
%Sample
SampleName=NP817/D2O
Environment=ITERATION 8
Position=451.488007
Phi=0.000284
Fl1Setting=1
IEEE2=0
IEEE3=0
IEEE5=0
IEEE6=0
IEEE7=0
%Setup
Tilting=0.687000
Attenuator=0
Polarization=0
BeamstopX=-21.893999
%History
RadialSteps=1.00
SectorWidth=180.0
Merged=0: D0007606.180 M=28.262 O=0 , 1: D0007600.081 M=1.000 O=0 , 2: D0007603.021 M=1.105 O=0
%Counts
 1.418e-02, 1.263e+03, 3.688e+01, 0
 1.636e-02, 1.616e+03, 2.613e+01, 0
 1.854e-02, 1.703e+03, 2.065e+01, 0
 2.073e-02, 1.740e+03, 1.963e+01, 0
 2.291e-02, 1.744e+03, 1.716e+01, 0
 2.509e-02, 1.677e+03, 1.618e+01, 0
 2.727e-02, 1.643e+03, 1.328e+01, 0
 2.945e-02, 1.567e+03, 1.279e+01, 0
 3.163e-02, 1.533e+03, 1.209e+01, 0
 3.382e-02, 1.504e+03, 1.194e+01, 0
 3.600e-02, 1.427e+03, 1.093e+01, 0
 3.818e-02, 1.389e+03, 1.010e+01, 0
 4.036e-02, 1.295e+03, 9.663e+00, 0
 4.254e-02, 1.247e+03, 8.956e+00, 0
 4.472e-02, 1.189e+03, 8.710e+00, 0
 4.690e-02, 1.107e+03, 7.679e+00, 0
 4.909e-02, 1.062e+03, 7.693e+00, 0
 5.127e-02, 9.864e+02, 7.303e+00, 0
 5.345e-02, 9.245e+02, 6.520e+00, 0
 5.563e-02, 8.583e+02, 6.175e+00, 0
 5.781e-02, 7.905e+02, 5.576e+00, 0
 5.999e-02, 7.184e+02, 5.483e+00, 0
 6.217e-02, 6.774e+02, 5.243e+00, 0
 6.381e-02, 1.991e+02, 3.053e+00, 1
 6.436e-02, 6.271e+02, 4.694e+00, 0
 6.654e-02, 5.782e+02, 4.553e+00, 0
 6.872e-02, 5.107e+02, 4.025e+00, 0
 7.090e-02, 4.649e+02, 3.897e+00, 0
 7.308e-02, 4.251e+02, 3.623e+00, 0
 7.363e-02, 1.817e+02, 1.898e+00, 1
 7.526e-02, 3.824e+02, 3.278e+00, 0
 7.744e-02, 3.414e+02, 3.239e+00, 0
 7.962e-02, 3.033e+02, 2.809e+00, 0
 8.180e-02, 2.682e+02, 2.710e+00, 0
 8.345e-02, 1.594e+02, 1.297e+00, 1
 8.399e-02, 2.402e+02, 2.420e+00, 0
 8.617e-02, 2.102e+02, 2.274e+00, 0
 8.835e-02, 1.878e+02, 2.184e+00, 0
 9.053e-02, 1.645e+02, 1.935e+00, 0
 9.271e-02, 1.436e+02, 1.805e+00, 0
 9.326e-02, 1.262e+02, 8.921e-01, 1
 9.489e-02, 1.213e+02,-1.621e+00, 0
 9.707e-02, 1.082e+02, 1.542e+00, 0
 9.925e-02, 9.165e+01, 1.454e+00, 0
 1.014e-01, 7.981e+01, 1.277e+00, 0
 1.031e-01, 9.835e+01, 6.559e-01, 1
 1.036e-01, 6.630e+01, 1.205e+00, 0
 1.058e-01, 5.879e+01, 1.106e+00, 0
 1.080e-01, 4.977e+01, 1.033e+00, 0
 1.102e-01, 4.463e+01, 9.589e-01, 0
 1.123e-01, 3.671e+01, 8.626e-01, 0
 1.129e-01, 7.331e+01, 4.772e-01, 1
 1.145e-01, 3.151e+01, 8.320e-01, 0
 1.167e-01, 2.765e+01, 7.642e-01, 0
 1.189e-01, 2.370e+01, 7.272e-01, 0
 1.211e-01, 1.998e+01, 6.574e-01, 0
 1.227e-01, 5.329e+01, 3.401e-01, 1
 1.232e-01, 1.855e+01, 6.472e-01, 0
 1.254e-01, 1.778e+01, 6.472e-01, 0
 1.276e-01, 1.682e+01, 6.113e-01, 0
 1.298e-01, 1.490e+01, 5.910e-01, 0
 1.320e-01, 1.462e+01, 5.715e-01, 0
 1.325e-01, 3.679e+01, 2.414e-01, 1
 1.341e-01, 1.423e+01, 6.107e-01, 0
 1.363e-01, 1.325e+01, 6.102e-01, 0
 1.385e-01, 1.212e+01, 5.862e-01, 0
 1.407e-01, 1.259e+01, 6.393e-01, 0
 1.423e-01, 2.502e+01, 1.694e-01, 1
 1.429e-01, 1.364e+01, 6.684e-01, 0
 1.450e-01, 1.320e+01, 7.348e-01, 0
 1.472e-01, 1.324e+01, 7.300e-01, 0
 1.494e-01, 1.283e+01, 7.837e-01, 0
 1.516e-01, 1.228e+01, 7.998e-01, 0
 1.522e-01, 1.639e+01, 1.222e-01, 1
 1.538e-01, 1.249e+01, 8.190e-01, 0
 1.559e-01, 1.224e+01, 8.798e-01, 0
 1.581e-01, 1.393e+01, 8.917e-01, 0
 1.603e-01, 1.226e+01, 9.530e-01, 0
 1.620e-01, 1.035e+01, 8.545e-02, 1
 1.625e-01, 1.090e+01, 9.643e-01, 0
 1.647e-01, 1.098e+01, 9.669e-01, 0
 1.668e-01, 1.122e+01, 1.119e+00, 0
 1.690e-01, 8.987e+00, 1.004e+00, 0
 1.712e-01, 6.854e+00, 1.119e+00, 0
 1.718e-01, 6.636e+00, 6.401e-02, 1
 1.734e-01, 7.764e+00, 1.118e+00, 0
 1.755e-01, 7.611e+00, 1.269e+00, 0
 1.777e-01, 9.281e+00, 1.495e+00, 0
 1.799e-01, 9.338e+00, 1.421e+00, 0
 1.816e-01, 4.374e+00, 4.931e-02, 1
 1.821e-01, 7.543e+00, 1.825e+00, 0
 1.843e-01, 7.498e+00, 1.796e+00, 0
 1.864e-01, 4.675e+00, 2.199e+00, 0
 1.886e-01, 6.096e+00, 2.399e+00, 0
 1.908e-01, 4.932e+00, 3.233e+00, 0
 1.914e-01, 3.185e+00, 3.966e-02, 1
 1.930e-01, 3.394e+00, 4.881e+00, 0
 1.952e-01, 2.684e+00, 4.174e+00, 0
 1.973e-01, 0.000e+00, 1.026e+01, 0
 2.012e-01, 2.545e+00, 3.481e-02, 1
 2.110e-01, 2.248e+00, 3.179e-02, 1
 2.209e-01, 2.118e+00, 2.958e-02, 1
 2.307e-01, 1.959e+00, 2.848e-02, 1
 2.405e-01, 1.861e+00, 2.695e-02, 1
 2.503e-01, 1.690e+00, 2.578e-02, 1
 2.601e-01, 1.496e+00, 2.308e-02, 1
 2.699e-01, 1.257e+00, 2.125e-02, 1
 2.797e-01, 1.013e+00, 1.880e-02, 1
 2.895e-01, 8.317e-01, 1.685e-02, 1
 2.943e-01, 6.329e-01, 1.170e-02, 2
 2.993e-01, 7.408e-01, 1.620e-02, 1
 3.091e-01, 5.765e-01, 1.408e-02, 1
 3.190e-01, 5.058e-01, 1.352e-02, 1
 3.288e-01, 4.586e-01, 1.257e-02, 1
 3.335e-01, 4.288e-01, 4.698e-03, 2
 3.386e-01, 4.074e-01, 1.169e-02, 1
 3.484e-01, 3.652e-01, 1.149e-02, 1
 3.582e-01, 3.157e-01, 1.052e-02, 1
 3.680e-01, 2.976e-01, 1.045e-02, 1
 3.727e-01, 2.826e-01, 3.050e-03, 2
 3.778e-01, 2.735e-01, 9.788e-03, 1
 3.876e-01, 2.549e-01, 9.547e-03, 1
 3.974e-01, 2.239e-01, 9.204e-03, 1
 4.072e-01, 2.249e-01, 8.775e-03, 1
 4.119e-01, 1.836e-01, 2.151e-03, 2
 4.170e-01, 2.040e-01, 8.584e-03, 1
 4.268e-01, 1.743e-01, 8.111e-03, 1
 4.366e-01, 1.698e-01, 7.962e-03, 1
 4.464e-01, 1.481e-01, 7.583e-03, 1
 4.511e-01, 1.317e-01, 1.938e-03, 2
 4.562e-01, 1.321e-01, 7.199e-03, 1
 4.660e-01, 1.225e-01, 7.257e-03, 1
 4.758e-01, 1.100e-01, 6.918e-03, 1
 4.856e-01, 9.865e-02, 6.846e-03, 1
 4.902e-01, 9.073e-02, 1.726e-03, 2
 4.954e-01, 1.034e-01, 6.741e-03, 1
 5.052e-01, 1.014e-01, 6.557e-03, 1
 5.150e-01, 9.180e-02, 6.427e-03, 1
 5.247e-01, 7.947e-02, 6.142e-03, 1
 5.294e-01, 7.067e-02, 1.662e-03, 2
 5.345e-01, 7.992e-02, 6.173e-03, 1
 5.443e-01, 6.695e-02, 6.040e-03, 1
 5.541e-01, 6.962e-02, 5.939e-03, 1
 5.639e-01, 5.952e-02, 5.811e-03, 1
 5.685e-01, 5.931e-02, 1.508e-03, 2
 5.737e-01, 6.791e-02, 5.664e-03, 1
 5.835e-01, 5.813e-02, 5.754e-03, 1
 5.932e-01, 5.011e-02, 5.676e-03, 1
 6.030e-01, 4.347e-02, 5.634e-03, 1
 6.076e-01, 4.494e-02, 1.436e-03, 2
 6.128e-01, 4.674e-02, 5.774e-03, 1
 6.226e-01, 4.769e-02, 5.973e-03, 1
 6.324e-01, 3.876e-02, 6.199e-03, 1
 6.421e-01, 4.098e-02, 6.659e-03, 1
 6.467e-01, 3.644e-02, 1.352e-03, 2
 6.519e-01, 2.921e-02, 7.022e-03, 1
 6.617e-01, 5.081e-02, 7.398e-03, 1
 6.715e-01, 3.337e-02, 7.460e-03, 1
 6.812e-01, 4.161e-02, 7.875e-03, 1
 6.858e-01, 2.719e-02, 1.302e-03, 2
 6.910e-01, 4.143e-02, 7.820e-03, 1
 7.008e-01, 2.606e-02, 8.214e-03, 1
 7.105e-01, 3.269e-02, 8.803e-03, 1
 7.203e-01, 2.692e-02, 8.771e-03, 1
 7.248e-01, 2.250e-02, 1.303e-03, 2
 7.301e-01, 2.520e-02, 9.678e-03, 1
 7.398e-01, 2.633e-02, 9.968e-03, 1
 7.496e-01, 4.318e-02, 1.077e-02, 1
 7.594e-01, 2.319e-02, 1.078e-02, 1
 7.639e-01, 2.219e-02, 1.236e-03, 2
 7.691e-01, 2.045e-02, 1.193e-02, 1
 7.789e-01, 1.883e-02, 1.226e-02, 1
 7.886e-01, 4.212e-02, 1.272e-02, 1
 7.984e-01, 2.150e-02, 1.395e-02, 1
 8.029e-01, 2.064e-02, 1.225e-03, 2
 8.081e-01, 2.358e-02, 1.407e-02, 1
 8.179e-01, 2.972e-02, 1.723e-02, 1
 8.276e-01, 7.718e-03, 1.966e-02, 1
 8.374e-01, 4.732e-02, 2.411e-02, 1
 8.418e-01, 1.784e-02, 1.207e-03, 2
 8.471e-01, 3.462e-02, 3.133e-02, 1
 8.569e-01, 3.932e-02, 3.196e-02, 1
 8.666e-01,-5.076e-02, 5.677e-02, 1
 8.764e-01,-1.573e-02, 7.214e-02, 1
 8.808e-01, 1.545e-02, 1.178e-03, 2
 9.197e-01, 1.349e-02, 1.177e-03, 2
 9.586e-01, 1.073e-02, 1.090e-03, 2
 9.975e-01, 1.140e-02, 1.119e-03, 2
 1.036e+00, 1.056e-02, 1.093e-03, 2
 1.075e+00, 1.198e-02, 1.053e-03, 2
 1.114e+00, 1.197e-02, 1.054e-03, 2
 1.153e+00, 8.932e-03, 1.013e-03, 2
 1.191e+00, 9.443e-03, 1.031e-03, 2
 1.230e+00, 8.592e-03, 1.019e-03, 2
 1.269e+00, 9.398e-03, 9.937e-04, 2
 1.307e+00, 8.626e-03, 9.580e-04, 2
 1.346e+00, 7.194e-03, 9.398e-04, 2
 1.384e+00, 8.111e-03, 9.813e-04, 2
 1.423e+00, 7.670e-03, 9.212e-04, 2
 1.461e+00, 7.205e-03, 9.341e-04, 2
 1.499e+00, 7.461e-03, 9.209e-04, 2
 1.538e+00, 7.635e-03, 9.020e-04, 2
 1.576e+00, 8.222e-03, 9.049e-04, 2
 1.614e+00, 6.443e-03, 8.759e-04, 2
 1.653e+00, 7.306e-03, 8.935e-04, 2
 1.691e+00, 7.135e-03, 8.914e-04, 2
 1.729e+00, 6.352e-03, 8.600e-04, 2
 1.767e+00, 6.405e-03, 8.751e-04, 2
 1.805e+00, 7.554e-03, 8.266e-04, 2
 1.843e+00, 5.001e-03, 8.663e-04, 2
 1.881e+00, 5.206e-03, 8.287e-04, 2
 1.918e+00, 5.816e-03, 8.328e-04, 2
 1.956e+00, 4.944e-03, 8.248e-04, 2
 1.994e+00, 6.125e-03, 8.128e-04, 2
 2.031e+00, 6.676e-03, 8.217e-04, 2
 2.069e+00, 5.044e-03, 8.009e-04, 2
 2.107e+00, 6.484e-03, 7.999e-04, 2
 2.144e+00, 6.645e-03, 8.017e-04, 2
 2.181e+00, 5.904e-03,-7.928e-04, 2
 2.219e+00, 5.936e-03, 8.022e-04, 2
 2.256e+00, 4.818e-03, 7.595e-04, 2
 2.293e+00, 4.749e-03, 7.782e-04, 2
 2.330e+00, 6.088e-03, 7.709e-04, 2
 2.367e+00, 6.255e-03, 7.672e-04, 2
 2.404e+00, 5.992e-03, 7.988e-04, 2
 2.441e+00, 6.522e-03, 7.940e-04, 2
 2.478e+00, 5.043e-03, 8.550e-04, 2
 2.515e+00, 5.622e-03, 8.505e-04, 2
 2.552e+00, 5.904e-03, 8.698e-04, 2
 2.588e+00, 3.997e-03, 8.802e-04, 2
 2.625e+00, 6.264e-03, 8.783e-04, 2
 2.661e+00, 5.589e-03, 9.206e-04, 2
 2.698e+00, 6.969e-03, 8.880e-04, 2
 2.734e+00, 4.466e-03, 9.040e-04, 2
 2.770e+00, 5.992e-03, 9.223e-04, 2
 2.807e+00, 5.863e-03, 9.139e-04, 2
 2.843e+00, 5.678e-03, 9.350e-04, 2
 2.879e+00, 6.253e-03, 9.136e-04, 2
 2.915e+00, 6.267e-03, 9.325e-04, 2
 2.951e+00, 6.558e-03, 9.339e-04, 2
 2.986e+00, 6.574e-03, 9.541e-04, 2
 3.022e+00, 6.665e-03, 9.547e-04, 2
 3.058e+00, 6.736e-03, 9.287e-04, 2
 3.093e+00, 4.524e-03, 9.771e-04, 2
 3.129e+00, 6.507e-03, 9.424e-04, 2
 3.164e+00, 6.420e-03, 9.771e-04, 2
 3.199e+00, 6.848e-03, 9.642e-04, 2
 3.235e+00, 5.577e-03, 9.674e-04, 2
 3.270e+00, 4.625e-03, 1.003e-03, 2
 3.305e+00, 4.790e-03, 9.695e-04, 2
 3.340e+00, 4.960e-03, 9.893e-04, 2
 3.375e+00, 3.693e-03, 9.835e-04, 2
 3.409e+00, 6.763e-03, 9.953e-04, 2
 3.444e+00, 5.822e-03, 1.014e-03, 2
 3.479e+00, 7.034e-03, 9.956e-04, 2
 3.513e+00, 5.227e-03, 1.008e-03, 2
 3.548e+00, 7.065e-03, 1.038e-03, 2
 3.582e+00, 6.155e-03, 1.026e-03, 2
 3.616e+00, 4.408e-03, 1.030e-03, 2
 3.650e+00, 3.898e-03, 1.025e-03, 2
 3.684e+00, 5.024e-03, 1.027e-03, 2
 3.718e+00, 6.995e-03, 1.046e-03, 2
 3.752e+00, 4.902e-03, 1.047e-03, 2
 3.786e+00, 6.387e-03, 1.034e-03, 2
 3.820e+00, 6.164e-03, 1.048e-03, 2
 3.853e+00, 6.006e-03, 1.072e-03, 2
 3.887e+00, 8.319e-03, 1.077e-03, 2
 3.920e+00, 5.974e-03, 1.066e-03, 2
 3.953e+00, 6.120e-03, 1.076e-03, 2
 3.987e+00, 7.025e-03, 1.084e-03, 2
 4.020e+00, 8.172e-03, 1.089e-03, 2
 4.053e+00, 6.738e-03, 1.078e-03, 2
 4.086e+00, 6.638e-03, 1.087e-03, 2
 4.118e+00, 5.485e-03, 1.120e-03, 2
 4.151e+00, 5.559e-03, 1.118e-03, 2
 4.184e+00, 5.063e-03, 1.171e-03, 2
 4.216e+00, 5.515e-03, 1.281e-03, 2
 4.249e+00, 6.843e-03, 1.391e-03, 2
 4.281e+00, 7.210e-03, 1.514e-03, 2
 4.313e+00, 4.616e-03, 1.591e-03, 2
 4.345e+00, 4.556e-03, 1.675e-03, 2
 4.377e+00, 6.371e-03, 1.819e-03, 2
 4.409e+00, 6.380e-03, 1.935e-03, 2
 4.441e+00, 4.405e-03, 2.066e-03, 2
 4.473e+00, 3.844e-03, 2.210e-03, 2
 4.504e+00, 4.325e-03, 2.497e-03, 2
 4.536e+00, 5.168e-03, 2.810e-03, 2
 4.567e+00, 1.551e-03, 3.094e-03, 2
 4.599e+00, 1.041e-02, 3.550e-03, 2
 4.630e+00, 4.053e-03, 4.804e-03, 2
 4.661e+00, 1.372e-02, 1.083e-02, 2
