%File
FileName=D0007598.300
FileDate=03-Jul-2014
FileTime=07:01:52
Type=SANSDIso
Title=soft NP
User=Arb
ContentX=Q
ContentY=AvgFull
%Sample
SampleName=NP817/D2O
Environment=ITERATION 8
Position=451.488007
Fl1Setting=1
IEEE2=0
IEEE6=0
IEEE7=0
%Setup
Lambda=0.600
Tilting=0.687000
Attenuator=0
Collimation=8.000000
Polarization=0
BeamstopX=-21.893999
BeamstopY=5.000000
%History
RadialSteps=1.00
SectorWidth=180.0
Merged=0: D0007596.081 M=1.000 O=0 , 1: D0007598.021 M=0.9610 O=0
%Counts
 6.381e-02, 7.768e-01, 2.545e-02, 0
 7.363e-02, 8.193e-01, 1.751e-02, 0
 8.345e-02, 8.296e-01, 1.345e-02, 0
 9.326e-02, 8.018e-01, 1.135e-02, 0
 1.031e-01, 7.733e-01, 1.034e-02, 0
 1.129e-01, 7.601e-01, 9.713e-03, 0
 1.227e-01, 7.383e-01, 8.984e-03, 0
 1.325e-01, 7.148e-01, 8.449e-03, 0
 1.423e-01, 7.044e-01, 7.912e-03, 0
 1.522e-01, 6.898e-01, 7.684e-03, 0
 1.620e-01, 6.817e-01, 7.198e-03, 0
 1.718e-01, 6.781e-01, 7.065e-03, 0
 1.816e-01, 6.587e-01, 6.822e-03, 0
 1.914e-01, 6.398e-01, 6.372e-03, 0
 2.012e-01, 6.326e-01, 6.257e-03, 0
 2.110e-01, 6.259e-01, 6.039e-03, 0
 2.209e-01, 5.962e-01, 5.642e-03, 0
 2.307e-01, 5.899e-01, 5.600e-03, 0
 2.405e-01, 5.808e-01, 5.410e-03, 0
 2.503e-01, 5.591e-01, 5.297e-03, 0
 2.601e-01, 5.567e-01, 5.016e-03, 0
 2.699e-01, 5.352e-01, 4.907e-03, 0
 2.797e-01, 5.146e-01, 4.708e-03, 0
 2.895e-01, 5.061e-01, 4.577e-03, 0
 2.944e-01, 4.950e-01, 9.481e-03, 1
 2.993e-01, 4.855e-01, 4.513e-03, 0
 3.091e-01, 4.906e-01, 4.375e-03, 0
 3.190e-01, 4.667e-01, 4.286e-03, 0
 3.288e-01, 4.586e-01, 4.135e-03, 0
 3.337e-01, 4.656e-01, 4.649e-03, 1
 3.386e-01, 4.459e-01, 4.012e-03, 0
 3.484e-01, 4.352e-01, 3.987e-03, 0
 3.582e-01, 4.255e-01, 3.792e-03, 0
 3.680e-01, 4.189e-01, 3.825e-03, 0
 3.729e-01, 4.199e-01, 3.519e-03, 1
 3.778e-01, 3.995e-01, 3.643e-03, 0
 3.876e-01, 3.908e-01, 3.530e-03, 0
 3.974e-01, 3.809e-01, 3.493e-03, 0
 4.072e-01, 3.683e-01, 3.346e-03, 0
 4.121e-01, 3.785e-01, 2.812e-03, 1
 4.170e-01, 3.644e-01, 3.361e-03, 0
 4.268e-01, 3.523e-01, 3.234e-03, 0
 4.366e-01, 3.449e-01, 3.188e-03, 0
 4.464e-01, 3.407e-01, 3.166e-03, 0
 4.513e-01, 3.354e-01, 2.660e-03, 1
 4.562e-01, 3.256e-01, 3.022e-03, 0
 4.660e-01, 3.165e-01, 2.986e-03, 0
 4.758e-01, 3.065e-01, 2.889e-03, 0
 4.856e-01, 3.022e-01, 2.865e-03, 0
 4.905e-01, 2.968e-01, 2.412e-03, 1
 4.954e-01, 2.963e-01, 2.836e-03, 0
 5.052e-01, 2.841e-01, 2.726e-03, 0
 5.150e-01, 2.791e-01, 2.717e-03, 0
 5.247e-01, 2.701e-01, 2.639e-03, 0
 5.296e-01, 2.629e-01, 2.313e-03, 1
 5.345e-01, 2.634e-01, 2.612e-03, 0
 5.443e-01, 2.549e-01, 2.547e-03, 0
 5.541e-01, 2.478e-01, 2.497e-03, 0
 5.639e-01, 2.414e-01, 2.488e-03, 0
 5.688e-01, 2.378e-01, 2.090e-03, 1
 5.737e-01, 2.376e-01, 2.403e-03, 0
 5.835e-01, 2.287e-01, 2.386e-03, 0
 5.932e-01, 2.247e-01, 2.371e-03, 0
 6.030e-01, 2.136e-01, 2.371e-03, 0
 6.079e-01, 2.136e-01, 1.957e-03, 1
 6.128e-01, 2.135e-01, 2.462e-03, 0
 6.226e-01, 2.040e-01, 2.449e-03, 0
 6.324e-01, 1.977e-01, 2.558e-03, 0
 6.421e-01, 1.948e-01, 2.750e-03, 0
 6.470e-01, 1.862e-01, 1.802e-03, 1
 6.519e-01, 1.861e-01, 2.847e-03, 0
 6.617e-01, 1.834e-01, 2.935e-03, 0
 6.715e-01, 1.792e-01, 2.996e-03, 0
 6.812e-01, 1.758e-01, 3.107e-03, 0
 6.861e-01, 1.663e-01, 1.681e-03, 1
 6.910e-01, 1.697e-01, 3.230e-03, 0
 7.008e-01, 1.639e-01, 3.364e-03, 0
 7.105e-01, 1.585e-01, 3.388e-03, 0
 7.203e-01, 1.496e-01, 3.577e-03, 0
 7.252e-01, 1.505e-01, 1.649e-03, 1
 7.301e-01, 1.491e-01, 3.700e-03, 0
 7.398e-01, 1.475e-01, 3.810e-03, 0
 7.496e-01, 1.434e-01, 4.042e-03, 0
 7.594e-01, 1.355e-01, 4.102e-03, 0
 7.642e-01, 1.315e-01, 1.494e-03, 1
 7.691e-01, 1.419e-01, 4.549e-03, 0
 7.789e-01, 1.326e-01, 4.605e-03, 0
 7.886e-01, 1.336e-01, 4.867e-03, 0
 7.984e-01, 1.179e-01, 5.221e-03, 0
 8.033e-01, 1.166e-01, 1.435e-03, 1
 8.081e-01, 1.114e-01, 5.445e-03, 0
 8.179e-01, 1.249e-01, 6.498e-03, 0
 8.276e-01, 1.094e-01, 6.839e-03, 0
 8.374e-01, 1.128e-01, 8.337e-03, 0
 8.423e-01, 1.062e-01, 1.389e-03, 1
 8.471e-01, 1.131e-01, 1.110e-02, 0
 8.569e-01, 1.090e-01, 1.147e-02, 0
 8.666e-01, 1.128e-01, 2.012e-02, 0
 8.764e-01, 9.850e-02, 2.528e-02, 0
 8.812e-01, 9.269e-02, 1.311e-03, 1
 9.202e-01, 8.233e-02, 1.278e-03, 1
 9.591e-01, 7.385e-02, 1.167e-03, 1
 9.980e-01, 6.542e-02, 1.160e-03, 1
 1.037e+00, 5.740e-02, 1.116e-03, 1
 1.076e+00, 5.134e-02, 1.049e-03, 1
 1.114e+00, 4.746e-02,-1.035e-03, 1
 1.153e+00, 4.074e-02, 9.802e-04, 1
 1.192e+00, 3.630e-02, 9.869e-04, 1
 1.231e+00, 3.427e-02, 9.658e-04, 1
 1.269e+00, 3.040e-02, 9.274e-04, 1
 1.308e+00, 2.533e-02, 8.919e-04, 1
 1.346e+00, 2.486e-02, 8.635e-04, 1
 1.385e+00, 2.220e-02, 8.880e-04, 1
 1.423e+00, 1.934e-02, 8.339e-04, 1
 1.462e+00, 1.642e-02, 8.427e-04, 1
 1.500e+00, 1.677e-02, 8.280e-04, 1
 1.539e+00, 1.382e-02, 8.046e-04, 1
 1.577e+00, 1.269e-02, 7.964e-04, 1
 1.615e+00, 1.149e-02, 7.752e-04, 1
 1.653e+00, 1.019e-02, 7.836e-04, 1
 1.691e+00, 1.046e-02, 7.774e-04, 1
 1.730e+00, 8.990e-03, 7.536e-04, 1
 1.768e+00, 8.246e-03, 7.629e-04, 1
 1.806e+00, 6.813e-03, 7.237e-04, 1
 1.844e+00, 8.415e-03, 7.517e-04, 1
 1.881e+00, 6.177e-03, 7.175e-04, 1
 1.919e+00, 6.543e-03, 7.198e-04, 1
 1.957e+00, 5.923e-03, 7.123e-04, 1
 1.995e+00, 4.932e-03, 6.992e-04, 1
 2.032e+00, 5.421e-03, 7.088e-04, 1
 2.070e+00, 5.030e-03, 6.902e-04, 1
 2.108e+00, 3.192e-03, 6.850e-04, 1
 2.145e+00, 4.906e-03, 6.894e-04, 1
 2.182e+00, 4.800e-03, 6.812e-04, 1
 2.220e+00, 5.537e-03, 6.861e-04, 1
 2.257e+00, 3.442e-03, 6.493e-04, 1
 2.294e+00, 2.582e-03, 6.674e-04, 1
 2.331e+00, 5.013e-03, 6.624e-04, 1
 2.369e+00, 4.152e-03, 6.560e-04, 1
 2.406e+00, 4.640e-03, 6.838e-04, 1
 2.442e+00, 4.055e-03, 6.773e-04, 1
 2.479e+00, 3.076e-03, 7.307e-04, 1
 2.516e+00, 4.361e-03, 7.262e-04, 1
 2.553e+00, 2.636e-03, 7.408e-04, 1
 2.590e+00, 2.746e-03, 7.489e-04, 1
 2.626e+00, 3.051e-03, 7.511e-04, 1
 2.663e+00, 3.697e-03, 7.864e-04, 1
 2.699e+00, 4.012e-03, 7.557e-04, 1
 2.735e+00, 4.939e-03, 7.706e-04, 1
 2.772e+00, 4.251e-03, 7.859e-04, 1
 2.808e+00, 4.036e-03, 7.834e-04, 1
 2.844e+00, 4.393e-03, 7.969e-04, 1
 2.880e+00, 2.299e-03, 7.720e-04, 1
 2.916e+00, 2.391e-03, 7.948e-04, 1
 2.952e+00, 3.143e-03, 7.938e-04, 1
 2.988e+00, 3.808e-03, 8.062e-04, 1
 3.024e+00, 2.863e-03, 8.177e-04, 1
 3.059e+00, 2.953e-03, 7.971e-04, 1
 3.095e+00, 1.696e-03, 8.331e-04, 1
 3.130e+00, 3.190e-03, 8.106e-04, 1
 3.166e+00, 4.965e-03, 8.344e-04, 1
 3.201e+00, 2.279e-03, 8.224e-04, 1
 3.236e+00, 3.026e-03, 8.215e-04, 1
 3.271e+00, 2.734e-03, 8.527e-04, 1
 3.306e+00, 4.768e-03, 8.303e-04, 1
 3.341e+00, 4.090e-03, 8.424e-04, 1
 3.376e+00, 2.624e-03, 8.354e-04, 1
 3.411e+00, 1.683e-03, 8.492e-04, 1
 3.446e+00, 3.439e-03, 8.617e-04, 1
 3.480e+00, 4.109e-03, 8.493e-04, 1
 3.515e+00, 3.069e-03, 8.497e-04, 1
 3.549e+00, 2.371e-03, 8.764e-04, 1
 3.584e+00, 3.389e-03, 8.761e-04, 1
 3.618e+00, 4.315e-03, 8.778e-04, 1
 3.652e+00, 1.596e-03, 8.690e-04, 1
 3.686e+00, 3.594e-03, 8.744e-04, 1
 3.720e+00, 3.615e-03, 8.883e-04, 1
 3.754e+00, 3.623e-03, 8.950e-04, 1
 3.788e+00, 2.164e-03, 8.830e-04, 1
 3.821e+00, 1.810e-03, 8.899e-04, 1
 3.855e+00, 3.222e-03, 9.089e-04, 1
 3.888e+00, 4.455e-03, 9.079e-04, 1
 3.922e+00, 3.237e-03, 9.029e-04, 1
 3.955e+00, 2.402e-03, 9.182e-04, 1
 3.988e+00, 1.185e-03, 9.182e-04, 1
 4.021e+00, 4.461e-03, 9.285e-04, 1
 4.054e+00, 1.417e-03, 9.113e-04, 1
 4.087e+00, 3.611e-03, 9.266e-04, 1
 4.120e+00, 2.941e-03, 9.496e-04, 1
 4.153e+00, 3.172e-03, 9.544e-04, 1
 4.186e+00, 2.066e-03, 9.917e-04, 1
 4.218e+00, 3.796e-03, 1.082e-03, 1
 4.251e+00, 2.740e-03, 1.178e-03, 1
 4.283e+00, 3.761e-04, 1.280e-03, 1
 4.315e+00, 2.042e-03, 1.341e-03, 1
 4.347e+00, 2.349e-03, 1.422e-03, 1
 4.379e+00, 2.575e-03, 1.539e-03, 1
 4.411e+00, 1.832e-03, 1.668e-03, 1
 4.443e+00, 1.988e-03, 1.745e-03, 1
 4.475e+00, 9.049e-04, 1.862e-03, 1
 4.506e+00,-5.654e-04, 2.141e-03, 1
 4.538e+00, 5.789e-04, 2.405e-03, 1
 4.569e+00, 4.578e-03, 2.574e-03, 1
 4.601e+00, 4.442e-03, 3.010e-03, 1
 4.632e+00, 1.342e-03, 4.144e-03, 1
 4.663e+00, 1.304e-02, 9.282e-03, 1
