%File
FileName=D0007602.300
FileDate=03-Jul-2014
FileTime=07:00:04
Type=SANSDIso
Title=soft NP
User=Arb
ContentX=Q
ContentY=AvgFull
%Sample
SampleName=P.683/D2O
Environment=ITERATION 8
Phi=0.000284
Fl1Setting=1
IEEE2=0
IEEE6=0
IEEE7=0
%Setup
Tilting=0.687000
Attenuator=0
Polarization=0
BeamstopX=-21.893999
%History
RadialSteps=1.00
SectorWidth=180.0
Merged=0: D0007605.180 M=22.666 O=0 , 1: D0007599.081 M=1.000 O=0 , 2: D0007602.021 M=0.9610 O=0
%Counts
 1.418e-02, 1.135e+03, 3.087e+01, 0
 1.636e-02, 1.215e+03, 2.017e+01, 0
 1.854e-02, 1.176e+03, 1.503e+01, 0
 2.073e-02, 1.090e+03, 1.331e+01, 0
 2.291e-02, 1.067e+03, 1.142e+01, 0
 2.509e-02, 9.558e+02, 1.034e+01, 0
 2.727e-02, 9.159e+02, 8.357e+00, 0
 2.945e-02, 8.473e+02, 7.929e+00, 0
 3.163e-02, 7.908e+02, 7.285e+00, 0
 3.382e-02, 7.428e+02, 7.002e+00, 0
 3.600e-02, 6.816e+02, 6.313e+00, 0
 3.818e-02, 6.428e+02, 5.732e+00, 0
 4.036e-02, 5.977e+02, 5.501e+00, 0
 4.254e-02, 5.499e+02, 4.966e+00, 0
 4.472e-02, 5.084e+02,-4.760e+00, 0
 4.690e-02, 4.665e+02, 4.184e+00, 0
 4.909e-02, 4.304e+02, 4.107e+00, 0
 5.127e-02, 3.919e+02, 3.876e+00, 0
 5.345e-02, 3.704e+02, 3.491e+00, 0
 5.563e-02, 3.366e+02, 3.280e+00, 0
 5.781e-02, 3.069e+02, 2.960e+00, 0
 5.999e-02, 2.879e+02, 2.976e+00, 0
 6.217e-02, 2.647e+02,-2.817e+00, 0
 6.381e-02, 8.460e+01, 1.341e+00, 1
 6.436e-02, 2.484e+02, 2.550e+00, 0
 6.654e-02, 2.264e+02, 2.464e+00, 0
 6.872e-02, 2.174e+02, 2.287e+00, 0
 7.090e-02, 1.935e+02, 2.198e+00, 0
 7.308e-02, 1.813e+02, 2.079e+00, 0
 7.363e-02, 8.700e+01, 9.385e-01, 1
 7.526e-02, 1.718e+02, 1.938e+00, 0
 7.744e-02, 1.606e+02, 1.965e+00, 0
 7.962e-02, 1.520e+02, 1.769e+00, 0
 8.180e-02, 1.464e+02, 1.787e+00, 0
 8.345e-02, 8.623e+01, 7.272e-01, 1
 8.399e-02, 1.390e+02, 1.646e+00, 0
 8.617e-02, 1.232e+02, 1.559e+00, 0
 8.835e-02, 1.218e+02, 1.582e+00, 0
 9.053e-02, 1.177e+02, 1.472e+00, 0
 9.271e-02, 1.107e+02, 1.427e+00, 0
 9.326e-02, 7.949e+01, 5.817e-01, 1
 9.489e-02, 1.040e+02, 1.350e+00, 0
 9.707e-02, 9.994e+01, 1.331e+00, 0
 9.925e-02, 9.747e+01, 1.346e+00, 0
 1.014e-01, 8.835e+01, 1.201e+00, 0
 1.031e-01, 7.219e+01, 4.954e-01, 1
 1.036e-01, 8.584e+01, 1.219e+00, 0
 1.058e-01, 8.244e+01, 1.160e+00, 0
 1.080e-01, 7.920e+01, 1.145e+00, 0
 1.102e-01, 7.661e+01, 1.100e+00, 0
 1.123e-01, 7.201e+01, 1.045e+00, 0
 1.129e-01, 6.397e+01, 4.223e-01, 1
 1.145e-01, 6.927e+01, 1.054e+00, 0
 1.167e-01, 6.712e+01, 1.006e+00, 0
 1.189e-01, 6.435e+01, 9.955e-01, 0
 1.211e-01, 6.403e+01, 9.570e-01, 0
 1.227e-01, 5.634e+01, 3.554e-01, 1
 1.232e-01, 6.068e+01, 9.407e-01, 0
 1.254e-01, 5.726e+01, 9.277e-01, 0
 1.276e-01, 5.587e+01, 8.892e-01, 0
 1.298e-01, 5.481e+01, 8.792e-01, 0
 1.320e-01, 5.168e+01, 8.380e-01, 0
 1.325e-01, 4.851e+01, 3.014e-01, 1
 1.341e-01, 5.009e+01, 8.887e-01, 0
 1.363e-01, 4.542e+01, 8.670e-01, 0
 1.385e-01, 4.257e+01, 8.357e-01, 0
 1.407e-01, 4.168e+01, 8.910e-01, 0
 1.423e-01, 4.229e+01, 2.543e-01, 1
 1.429e-01, 4.159e+01, 9.044e-01, 0
 1.450e-01, 3.976e+01, 9.862e-01, 0
 1.472e-01, 3.901e+01, 9.651e-01, 0
 1.494e-01, 3.948e+01, 1.056e+00, 0
 1.516e-01, 3.822e+01, 1.077e+00, 0
 1.522e-01, 3.648e+01, 2.211e-01, 1
 1.538e-01, 3.742e+01, 1.086e+00, 0
 1.559e-01, 3.323e+01, 1.119e+00, 0
 1.581e-01, 3.461e+01, 1.108e+00, 0
 1.603e-01, 3.173e+01, 1.185e+00, 0
 1.620e-01, 3.134e+01, 1.861e-01, 1
 1.625e-01, 2.994e+01, 1.194e+00, 0
 1.647e-01, 2.842e+01, 1.183e+00, 0
 1.668e-01, 2.738e+01, 1.327e+00, 0
 1.690e-01, 2.822e+01, 1.268e+00, 0
 1.712e-01, 2.770e+01, 1.479e+00, 0
 1.718e-01, 2.690e+01, 1.628e-01, 1
 1.734e-01, 2.607e+01, 1.419e+00, 0
 1.755e-01, 2.591e+01, 1.583e+00, 0
 1.777e-01, 2.391e+01, 1.747e+00, 0
 1.799e-01, 1.918e+01, 1.483e+00, 0
 1.816e-01, 2.247e+01, 1.389e-01, 1
 1.821e-01, 1.731e+01, 1.965e+00, 0
 1.843e-01, 1.758e+01, 1.829e+00, 0
 1.864e-01, 1.866e+01, 2.588e+00, 0
 1.886e-01, 1.491e+01, 2.516e+00, 0
 1.908e-01, 1.205e+01, 3.178e+00, 0
 1.914e-01, 1.869e+01, 1.164e-01, 1
 1.930e-01, 1.349e+00, 3.935e+00, 0
 1.952e-01, 3.550e+00, 3.593e+00, 0
 1.973e-01, 0.000e+00, 8.271e+00, 0
 2.012e-01, 1.578e+01, 1.021e-01, 1
 2.110e-01, 1.295e+01, 8.686e-02, 1
 2.209e-01, 1.074e+01, 7.377e-02, 1
 2.307e-01, 8.682e+00, 6.435e-02, 1
 2.405e-01, 7.164e+00, 5.569e-02, 1
 2.503e-01, 5.861e+00, 4.956e-02, 1
 2.601e-01, 4.731e+00, 4.174e-02, 1
 2.699e-01, 3.843e+00, 3.717e-02, 1
 2.797e-01, 3.152e+00, 3.263e-02, 1
 2.895e-01, 2.598e+00, 2.879e-02, 1
 2.943e-01, 2.037e+00, 2.881e-02, 2
 2.993e-01, 2.153e+00, 2.641e-02, 1
 3.091e-01, 1.785e+00, 2.317e-02, 1
 3.190e-01, 1.490e+00, 2.139e-02, 1
 3.288e-01, 1.260e+00, 1.919e-02, 1
 3.335e-01, 1.138e+00, 9.028e-03, 2
 3.386e-01, 1.062e+00, 1.731e-02, 1
 3.484e-01, 9.364e-01, 1.659e-02, 1
 3.582e-01, 8.023e-01, 1.494e-02, 1
 3.680e-01, 7.239e-01, 1.450e-02, 1
 3.727e-01, 6.553e-01, 4.757e-03, 2
 3.778e-01, 6.383e-01, 1.333e-02, 1
 3.876e-01, 5.951e-01, 1.279e-02, 1
 3.974e-01, 5.565e-01, 1.246e-02, 1
 4.072e-01, 4.959e-01, 1.148e-02, 1
 4.119e-01, 4.543e-01, 3.154e-03, 2
 4.170e-01, 4.839e-01, 1.146e-02, 1
 4.268e-01, 4.357e-01, 1.080e-02, 1
 4.366e-01, 3.922e-01, 1.032e-02, 1
 4.464e-01, 3.909e-01, 1.019e-02, 1
 4.511e-01, 3.367e-01, 2.676e-03, 2
 4.562e-01, 3.439e-01, 9.494e-03, 1
 4.660e-01, 3.150e-01, 9.343e-03, 1
 4.758e-01, 2.900e-01, 8.892e-03, 1
 4.856e-01, 2.827e-01, 8.858e-03, 1
 4.902e-01, 2.542e-01, 2.249e-03, 2
 4.954e-01, 2.727e-01, 8.633e-03, 1
 5.052e-01, 2.543e-01, 8.242e-03, 1
 5.150e-01, 2.514e-01, 8.221e-03, 1
 5.247e-01, 2.244e-01, 7.779e-03, 1
 5.294e-01, 1.954e-01, 2.033e-03, 2
 5.345e-01, 2.118e-01, 7.681e-03, 1
 5.443e-01, 1.865e-01, 7.381e-03, 1
 5.541e-01, 1.777e-01, 7.148e-03, 1
 5.639e-01, 1.719e-01, 7.118e-03, 1
 5.685e-01, 1.520e-01, 1.731e-03, 2
 5.737e-01, 1.723e-01, 6.840e-03, 1
 5.835e-01, 1.488e-01, 6.778e-03, 1
 5.932e-01, 1.367e-01, 6.663e-03, 1
 6.030e-01, 1.405e-01, 6.760e-03, 1
 6.076e-01, 1.168e-01, 1.570e-03, 2
 6.128e-01, 1.334e-01, 6.822e-03, 1
 6.226e-01, 1.285e-01, 6.949e-03, 1
 6.324e-01, 1.045e-01, 7.064e-03, 1
 6.421e-01, 1.078e-01, 7.628e-03, 1
 6.467e-01, 9.538e-02, 1.433e-03, 2
 6.519e-01, 1.012e-01, 8.102e-03, 1
 6.617e-01, 9.886e-02, 8.091e-03, 1
 6.715e-01, 8.498e-02, 8.255e-03, 1
 6.812e-01, 8.885e-02, 8.677e-03, 1
 6.858e-01, 7.669e-02, 1.340e-03, 2
 6.910e-01, 1.084e-01, 9.022e-03, 1
 7.008e-01, 9.029e-02, 9.387e-03, 1
 7.105e-01, 7.890e-02, 9.560e-03, 1
 7.203e-01, 8.645e-02, 9.937e-03, 1
 7.248e-01, 6.305e-02, 1.308e-03, 2
 7.301e-01, 8.778e-02, 1.097e-02, 1
 7.398e-01, 6.176e-02, 1.068e-02, 1
 7.496e-01, 6.236e-02, 1.116e-02, 1
 7.594e-01, 7.416e-02, 1.188e-02, 1
 7.639e-01, 5.533e-02, 1.213e-03, 2
 7.691e-01, 6.446e-02, 1.306e-02, 1
 7.789e-01, 6.755e-02, 1.352e-02, 1
 7.886e-01, 7.172e-02, 1.361e-02, 1
 7.984e-01, 8.166e-02, 1.569e-02, 1
 8.029e-01, 4.904e-02, 1.186e-03, 2
 8.081e-01, 5.925e-02, 1.520e-02, 1
 8.179e-01, 5.945e-02, 1.836e-02, 1
 8.276e-01, 1.813e-02, 2.010e-02, 1
 8.374e-01, 8.791e-02, 2.585e-02, 1
 8.418e-01, 4.471e-02, 1.161e-03, 2
 8.471e-01, 5.059e-02, 3.254e-02, 1
 8.569e-01, 9.189e-02, 3.518e-02, 1
 8.666e-01, 1.204e-02, 6.334e-02, 1
 8.764e-01,-7.520e-02, 6.192e-02, 1
 8.808e-01, 3.806e-02, 1.117e-03, 2
 9.197e-01, 3.423e-02, 1.107e-03, 2
 9.586e-01, 3.016e-02, 1.022e-03, 2
 9.975e-01, 2.663e-02, 1.033e-03, 2
 1.036e+00, 2.571e-02, 1.008e-03, 2
 1.075e+00, 2.416e-02, 9.629e-04, 2
 1.114e+00, 2.341e-02, 9.629e-04, 2
 1.153e+00, 1.955e-02, 9.198e-04, 2
 1.191e+00, 1.972e-02, 9.360e-04, 2
 1.230e+00, 1.834e-02, 9.224e-04, 2
 1.269e+00, 1.685e-02, 8.927e-04, 2
 1.307e+00, 1.750e-02, 8.653e-04, 2
 1.346e+00, 1.590e-02, 8.476e-04, 2
 1.384e+00, 1.414e-02, 8.766e-04, 2
 1.423e+00, 1.363e-02, 8.232e-04, 2
 1.461e+00, 1.305e-02, 8.338e-04, 2
 1.499e+00, 1.235e-02, 8.191e-04, 2
 1.538e+00, 1.358e-02, 8.057e-04, 2
 1.576e+00, 1.234e-02, 8.030e-04, 2
 1.614e+00, 1.029e-02, 7.759e-04, 2
 1.653e+00, 1.132e-02, 7.924e-04, 2
 1.691e+00, 9.994e-03, 7.870e-04, 2
 1.729e+00, 1.128e-02,-7.653e-04, 2
 1.767e+00, 1.005e-02, 7.742e-04, 2
 1.805e+00, 1.128e-02, 7.326e-04, 2
 1.843e+00, 8.575e-03, 7.659e-04, 2
 1.881e+00, 9.696e-03, 7.357e-04, 2
 1.918e+00, 9.023e-03, 7.357e-04, 2
 1.956e+00, 8.870e-03, 7.306e-04, 2
 1.994e+00, 7.937e-03, 7.145e-04, 2
 2.031e+00, 8.830e-03, 7.237e-04, 2
 2.069e+00, 8.028e-03, 7.069e-04, 2
 2.107e+00, 8.474e-03, 7.041e-04, 2
 2.144e+00, 9.292e-03, 7.073e-04, 2
 2.181e+00, 8.232e-03, 6.983e-04, 2
 2.219e+00, 6.976e-03, 7.029e-04, 2
 2.256e+00, 6.493e-03, 6.667e-04, 2
 2.293e+00, 8.606e-03, 6.891e-04, 2
 2.330e+00, 9.199e-03, 6.811e-04, 2
 2.367e+00, 7.178e-03, 6.721e-04, 2
 2.404e+00, 7.970e-03, 7.024e-04, 2
 2.441e+00, 8.052e-03, 6.975e-04, 2
 2.478e+00, 7.013e-03, 7.518e-04, 2
 2.515e+00, 6.418e-03, 7.449e-04, 2
 2.552e+00, 5.977e-03, 7.593e-04, 2
 2.588e+00, 4.953e-03, 7.708e-04, 2
 2.625e+00, 7.068e-03, 7.691e-04, 2
 2.661e+00, 6.541e-03, 8.071e-04, 2
 2.698e+00, 7.829e-03, 7.782e-04, 2
 2.734e+00, 5.662e-03, 7.922e-04, 2
 2.770e+00, 7.514e-03, 8.098e-04, 2
 2.807e+00, 8.146e-03, 8.049e-04, 2
 2.843e+00, 7.888e-03, 8.233e-04, 2
 2.879e+00, 7.569e-03, 8.018e-04, 2
 2.915e+00, 6.053e-03, 8.137e-04, 2
 2.951e+00, 6.590e-03, 8.158e-04, 2
 2.986e+00, 6.426e-03, 8.327e-04, 2
 3.022e+00, 6.229e-03, 8.325e-04, 2
 3.058e+00, 7.799e-03, 8.147e-04, 2
 3.093e+00, 7.716e-03, 8.629e-04, 2
 3.129e+00, 7.910e-03, 8.275e-04, 2
 3.164e+00, 6.794e-03, 8.548e-04, 2
 3.199e+00, 6.783e-03, 8.422e-04, 2
 3.235e+00, 7.686e-03, 8.513e-04, 2
 3.270e+00, 6.902e-03, 8.828e-04, 2
 3.305e+00, 7.492e-03, 8.545e-04, 2
 3.340e+00, 5.678e-03, 8.655e-04, 2
 3.375e+00, 5.150e-03, 8.622e-04, 2
 3.409e+00, 7.669e-03, 8.726e-04, 2
 3.444e+00, 6.813e-03, 8.889e-04, 2
 3.479e+00, 7.282e-03, 8.703e-04, 2
 3.513e+00, 5.781e-03, 8.815e-04, 2
 3.548e+00, 6.019e-03, 9.031e-04, 2
 3.582e+00, 7.256e-03, 8.996e-04, 2
 3.616e+00, 4.798e-03, 9.001e-04, 2
 3.650e+00, 5.465e-03, 8.998e-04, 2
 3.684e+00, 7.644e-03, 9.056e-04, 2
 3.718e+00, 7.926e-03, 9.174e-04, 2
 3.752e+00, 6.368e-03, 9.184e-04, 2
 3.786e+00, 8.297e-03, 9.101e-04, 2
 3.820e+00, 7.460e-03, 9.198e-04, 2
 3.853e+00, 5.415e-03, 9.338e-04, 2
 3.887e+00, 5.352e-03, 9.308e-04, 2
 3.920e+00, 6.742e-03, 9.336e-04, 2
 3.953e+00, 7.442e-03, 9.443e-04, 2
 3.987e+00, 6.891e-03, 9.467e-04, 2
 4.020e+00, 7.575e-03, 9.488e-04, 2
 4.053e+00, 7.145e-03, 9.429e-04, 2
 4.086e+00, 7.118e-03, 9.511e-04, 2
 4.118e+00, 4.102e-03, 9.725e-04, 2
 4.151e+00, 7.483e-03, 9.831e-04, 2
 4.184e+00, 4.886e-03, 1.021e-03, 2
 4.216e+00, 5.393e-03, 1.118e-03, 2
 4.249e+00, 6.987e-03, 1.216e-03, 2
 4.281e+00, 6.685e-03, 1.320e-03, 2
 4.313e+00, 5.827e-03, 1.395e-03, 2
 4.345e+00, 6.721e-03, 1.473e-03, 2
 4.377e+00, 8.006e-03, 1.598e-03, 2
 4.409e+00, 8.537e-03, 1.704e-03, 2
 4.441e+00, 6.134e-03, 1.811e-03, 2
 4.473e+00, 5.678e-03, 1.940e-03, 2
 4.504e+00, 4.639e-03, 2.180e-03, 2
 4.536e+00, 6.997e-03, 2.468e-03, 2
 4.567e+00, 3.482e-03, 2.720e-03, 2
 4.599e+00, 9.821e-03, 3.094e-03, 2
 4.630e+00, 1.288e-02, 4.347e-03, 2
 4.661e+00,-3.969e-03, 8.853e-03, 2
