%File
FileName=D0007597.300
FileDate=03-Jul-2014
FileTime=06:55:28
Type=SANSDIso
Title=soft NP
User=Arb
ContentX=Q
ContentY=AvgFull
%Sample
SampleName=P.683/D2O
Environment=ITERATION 8
Fl1Setting=1
IEEE2=0
IEEE6=0
IEEE7=0
%Setup
Lambda=0.600
Tilting=0.687000
Attenuator=0
Collimation=8.000000
Polarization=0
BeamstopX=-21.893999
BeamstopY=5.000000
%History
RadialSteps=1.00
SectorWidth=180.0
Merged=0: D0007595.081 M=1.000 O=0 , 1: D0007597.021 M=0.9610 O=0
%Counts
 6.381e-02, 1.138e+00, 2.980e-02, 0
 7.363e-02, 1.083e+00, 1.983e-02, 0
 8.345e-02, 1.074e+00, 1.526e-02, 0
 9.326e-02, 1.007e+00, 1.272e-02, 0
 1.031e-01, 9.632e-01, 1.153e-02, 0
 1.129e-01, 9.516e-01, 1.087e-02, 0
 1.227e-01, 9.231e-01, 1.006e-02, 0
 1.325e-01, 8.917e-01, 9.461e-03, 0
 1.423e-01, 8.953e-01, 8.947e-03, 0
 1.522e-01, 8.752e-01, 8.687e-03, 0
 1.620e-01, 8.598e-01, 8.112e-03, 0
 1.718e-01, 8.416e-01, 7.900e-03, 0
 1.816e-01, 8.263e-01, 7.647e-03, 0
 1.914e-01, 8.177e-01, 7.225e-03, 0
 2.012e-01, 8.068e-01, 7.081e-03, 0
 2.110e-01, 7.839e-01, 6.772e-03, 0
 2.209e-01, 7.802e-01, 6.459e-03, 0
 2.307e-01, 7.452e-01, 6.288e-03, 0
 2.405e-01, 7.315e-01, 6.058e-03, 0
 2.503e-01, 7.169e-01, 5.985e-03, 0
 2.601e-01, 7.098e-01, 5.654e-03, 0
 2.699e-01, 6.852e-01, 5.535e-03, 0
 2.797e-01, 6.602e-01, 5.302e-03, 0
 2.895e-01, 6.527e-01, 5.165e-03, 0
 2.944e-01, 6.424e-01, 1.132e-02, 1
 2.993e-01, 6.364e-01, 5.133e-03, 0
 3.091e-01, 6.219e-01, 4.893e-03, 0
 3.190e-01, 6.145e-01, 4.872e-03, 0
 3.288e-01, 5.896e-01, 4.640e-03, 0
 3.337e-01, 5.981e-01, 5.481e-03, 1
 3.386e-01, 5.798e-01, 4.522e-03, 0
 3.484e-01, 5.591e-01, 4.468e-03, 0
 3.582e-01, 5.493e-01, 4.258e-03, 0
 3.680e-01, 5.359e-01, 4.271e-03, 0
 3.729e-01, 5.317e-01, 4.091e-03, 1
 3.778e-01, 5.155e-01, 4.077e-03, 0
 3.876e-01, 5.052e-01, 3.945e-03, 0
 3.974e-01, 4.907e-01, 3.894e-03, 0
 4.072e-01, 4.792e-01, 3.748e-03, 0
 4.121e-01, 4.832e-01, 3.264e-03, 1
 4.170e-01, 4.714e-01, 3.751e-03, 0
 4.268e-01, 4.568e-01, 3.606e-03, 0
 4.366e-01, 4.425e-01, 3.539e-03, 0
 4.464e-01, 4.339e-01, 3.501e-03, 0
 4.513e-01, 4.246e-01, 3.055e-03, 1
 4.562e-01, 4.175e-01, 3.347e-03, 0
 4.660e-01, 4.065e-01, 3.305e-03, 0
 4.758e-01, 3.983e-01, 3.214e-03, 0
 4.856e-01, 3.846e-01, 3.159e-03, 0
 4.905e-01, 3.818e-01, 2.778e-03, 1
 4.954e-01, 3.781e-01, 3.126e-03, 0
 5.052e-01, 3.683e-01, 3.021e-03, 0
 5.150e-01, 3.570e-01, 2.991e-03, 0
 5.247e-01, 3.476e-01, 2.910e-03, 0
 5.296e-01, 3.339e-01, 2.625e-03, 1
 5.345e-01, 3.370e-01, 2.872e-03, 0
 5.443e-01, 3.302e-01, 2.809e-03, 0
 5.541e-01, 3.154e-01, 2.729e-03, 0
 5.639e-01, 3.138e-01, 2.742e-03, 0
 5.688e-01, 3.046e-01, 2.366e-03, 1
 5.737e-01, 3.033e-01, 2.629e-03, 0
 5.835e-01, 2.961e-01, 2.622e-03, 0
 5.932e-01, 2.909e-01, 2.602e-03, 0
 6.030e-01, 2.768e-01, 2.596e-03, 0
 6.079e-01, 2.714e-01, 2.195e-03, 1
 6.128e-01, 2.744e-01, 2.687e-03, 0
 6.226e-01, 2.667e-01, 2.687e-03, 0
 6.324e-01, 2.573e-01, 2.798e-03, 0
 6.421e-01, 2.534e-01, 3.007e-03, 0
 6.470e-01, 2.425e-01, 2.025e-03, 1
 6.519e-01, 2.527e-01, 3.157e-03, 0
 6.617e-01, 2.412e-01, 3.214e-03, 0
 6.715e-01, 2.345e-01, 3.272e-03, 0
 6.812e-01, 2.264e-01, 3.377e-03, 0
 6.861e-01, 2.164e-01, 1.876e-03, 1
 6.910e-01, 2.197e-01, 3.504e-03, 0
 7.008e-01, 2.212e-01, 3.694e-03, 0
 7.105e-01, 2.116e-01, 3.705e-03, 0
 7.203e-01, 2.013e-01, 3.905e-03, 0
 7.252e-01, 1.958e-01, 1.830e-03, 1
 7.301e-01, 2.033e-01, 4.053e-03, 0
 7.398e-01, 1.938e-01, 4.131e-03, 0
 7.496e-01, 1.937e-01, 4.408e-03, 0
 7.594e-01, 1.887e-01, 4.517e-03, 0
 7.642e-01, 1.754e-01, 1.662e-03, 1
 7.691e-01, 1.828e-01, 4.900e-03, 0
 7.789e-01, 1.744e-01, 4.972e-03, 0
 7.886e-01, 1.749e-01, 5.249e-03, 0
 7.984e-01, 1.654e-01, 5.719e-03, 0
 8.033e-01, 1.601e-01, 1.601e-03, 1
 8.081e-01, 1.632e-01, 6.021e-03, 0
 8.179e-01, 1.636e-01, 7.016e-03, 0
 8.276e-01, 1.592e-01, 7.563e-03, 0
 8.374e-01, 1.622e-01, 9.207e-03, 0
 8.423e-01, 1.434e-01, 1.530e-03, 1
 8.471e-01, 1.515e-01, 1.199e-02, 0
 8.569e-01, 1.448e-01, 1.234e-02, 0
 8.666e-01, 9.994e-02, 1.925e-02, 0
 8.764e-01, 9.516e-02, 2.487e-02, 0
 8.812e-01, 1.253e-01, 1.431e-03, 1
 9.202e-01, 1.179e-01, 1.410e-03, 1
 9.591e-01, 1.061e-01, 1.279e-03, 1
 9.980e-01, 9.668e-02, 1.270e-03, 1
 1.037e+00, 8.576e-02, 1.215e-03, 1
 1.076e+00, 8.034e-02, 1.146e-03, 1
 1.114e+00, 7.252e-02, 1.119e-03, 1
 1.153e+00, 6.366e-02, 1.054e-03, 1
 1.192e+00, 5.882e-02, 1.061e-03, 1
 1.231e+00, 5.378e-02,-1.029e-03, 1
 1.269e+00, 4.843e-02, 9.850e-04, 1
 1.308e+00, 4.441e-02, 9.518e-04, 1
 1.346e+00, 4.125e-02, 9.137e-04, 1
 1.385e+00, 3.583e-02, 9.316e-04, 1
 1.423e+00, 3.437e-02, 8.794e-04, 1
 1.462e+00, 2.984e-02, 8.831e-04, 1
 1.500e+00, 2.882e-02, 8.634e-04, 1
 1.539e+00, 2.493e-02, 8.368e-04, 1
 1.577e+00, 2.508e-02, 8.329e-04, 1
 1.615e+00, 2.190e-02, 8.044e-04, 1
 1.653e+00, 2.007e-02, 8.124e-04, 1
 1.691e+00, 1.905e-02, 8.023e-04, 1
 1.730e+00, 1.729e-02, 7.769e-04, 1
 1.768e+00, 1.587e-02, 7.842e-04, 1
 1.806e+00, 1.342e-02, 7.416e-04, 1
 1.844e+00, 1.415e-02, 7.674e-04, 1
 1.881e+00, 1.284e-02, 7.354e-04, 1
 1.919e+00, 1.184e-02, 7.339e-04, 1
 1.957e+00, 1.100e-02, 7.256e-04, 1
 1.995e+00, 1.019e-02, 7.132e-04, 1
 2.032e+00, 9.946e-03, 7.206e-04, 1
 2.070e+00, 8.753e-03, 6.996e-04, 1
 2.108e+00, 7.939e-03, 6.975e-04, 1
 2.145e+00, 8.028e-03, 6.976e-04, 1
 2.182e+00, 7.280e-03, 6.874e-04, 1
 2.220e+00, 7.033e-03, 6.897e-04, 1
 2.257e+00, 6.360e-03, 6.564e-04, 1
 2.294e+00, 6.099e-03, 6.760e-04, 1
 2.331e+00, 7.017e-03, 6.670e-04, 1
 2.369e+00, 5.525e-03, 6.593e-04, 1
 2.406e+00, 6.351e-03, 6.882e-04, 1
 2.442e+00, 6.260e-03, 6.832e-04, 1
 2.479e+00, 4.223e-03, 7.337e-04, 1
 2.516e+00, 4.743e-03, 7.273e-04, 1
 2.553e+00, 4.172e-03, 7.450e-04, 1
 2.590e+00, 4.222e-03, 7.526e-04, 1
 2.626e+00, 4.376e-03, 7.547e-04, 1
 2.663e+00, 5.041e-03, 7.897e-04, 1
 2.699e+00, 5.450e-03, 7.597e-04, 1
 2.735e+00, 5.228e-03, 7.710e-04, 1
 2.772e+00, 5.093e-03, 7.880e-04, 1
 2.808e+00, 4.708e-03, 7.850e-04, 1
 2.844e+00, 6.297e-03, 8.025e-04, 1
 2.880e+00, 4.663e-03, 7.789e-04, 1
 2.916e+00, 3.370e-03, 7.976e-04, 1
 2.952e+00, 3.491e-03, 7.944e-04, 1
 2.988e+00, 5.080e-03, 8.099e-04, 1
 3.024e+00, 2.755e-03, 8.170e-04, 1
 3.059e+00, 3.853e-03, 7.996e-04, 1
 3.095e+00, 3.380e-03, 8.381e-04, 1
 3.130e+00, 3.268e-03, 8.106e-04, 1
 3.166e+00, 5.637e-03, 8.363e-04, 1
 3.201e+00, 3.508e-03, 8.258e-04, 1
 3.236e+00, 3.837e-03, 8.239e-04, 1
 3.271e+00, 4.739e-03, 8.592e-04, 1
 3.306e+00, 3.071e-03, 8.241e-04, 1
 3.341e+00, 3.705e-03, 8.408e-04, 1
 3.376e+00, 3.143e-03, 8.364e-04, 1
 3.411e+00, 1.458e-03, 8.483e-04, 1
 3.446e+00, 2.971e-03, 8.598e-04, 1
 3.480e+00, 4.114e-03, 8.491e-04, 1
 3.515e+00, 4.511e-03, 8.542e-04, 1
 3.549e+00, 2.722e-03, 8.775e-04, 1
 3.584e+00, 3.215e-03, 8.746e-04, 1
 3.618e+00, 4.048e-03, 8.762e-04, 1
 3.652e+00, 2.637e-03, 8.723e-04, 1
 3.686e+00, 3.072e-03, 8.723e-04, 1
 3.720e+00, 4.257e-03, 8.904e-04, 1
 3.754e+00, 2.022e-03, 8.885e-04, 1
 3.788e+00, 1.889e-03, 8.822e-04, 1
 3.821e+00, 1.384e-03, 8.877e-04, 1
 3.855e+00, 4.336e-03, 9.127e-04, 1
 3.888e+00, 4.939e-03, 9.090e-04, 1
 3.922e+00, 4.466e-03, 9.073e-04, 1
 3.955e+00, 3.181e-03, 9.209e-04, 1
 3.988e+00, 2.372e-03, 9.216e-04, 1
 4.021e+00, 4.067e-03, 9.271e-04, 1
 4.054e+00, 2.932e-03, 9.163e-04, 1
 4.087e+00, 2.336e-03, 9.215e-04, 1
 4.120e+00, 2.649e-03, 9.480e-04, 1
 4.153e+00, 3.147e-03, 9.542e-04, 1
 4.186e+00, 3.010e-03, 9.946e-04, 1
 4.218e+00, 4.761e-03, 1.086e-03, 1
 4.251e+00, 3.027e-03, 1.180e-03, 1
 4.283e+00, 3.001e-03, 1.292e-03, 1
 4.315e+00, 1.705e-03, 1.339e-03, 1
 4.347e+00, 4.362e-03, 1.433e-03, 1
 4.379e+00, 2.778e-03, 1.540e-03, 1
 4.411e+00,-1.277e-03, 1.647e-03, 1
 4.443e+00, 1.302e-03, 1.738e-03, 1
 4.475e+00, 6.517e-04, 1.860e-03, 1
 4.506e+00, 1.074e-03, 2.154e-03, 1
 4.538e+00, 5.384e-04, 2.401e-03, 1
 4.569e+00, 7.059e-03, 2.607e-03, 1
 4.601e+00, 5.818e-03, 3.027e-03, 1
 4.632e+00, 3.527e-03, 4.176e-03, 1
 4.663e+00,-4.747e-03, 8.695e-03, 1
