Sample description: primus/qt temporary file
Sample: primus/qt tempo  c= 40 mg/ml  Code: tmp
Parent(s): /Users/admin/Dropbox/research/data/SAXS/ESRF-2016/XX35EtOH2040/ednaSub/XX35EtOH_085_sub.dat
  4.892800e-03   1.246860e+04   2.387040e+01
  5.363920e-03   1.008430e+04   2.026820e+01
  5.835050e-03   8.401550e+03   1.741170e+01
  6.306170e-03   7.101880e+03   1.505870e+01
  6.777300e-03   6.090440e+03   1.340710e+01
  7.248430e-03   5.365910e+03   1.210820e+01
  7.719550e-03   4.789980e+03   1.106530e+01
  8.190680e-03   4.325110e+03   1.014280e+01
  8.661800e-03   3.955030e+03   9.412940e+00
  9.132930e-03   3.673990e+03   8.829900e+00
  9.604050e-03   3.458860e+03   8.353250e+00
  1.007520e-02   3.287160e+03   7.933580e+00
  1.054630e-02   3.150780e+03   7.574930e+00
  1.101740e-02   3.061550e+03   7.302940e+00
  1.148860e-02   2.985720e+03   7.059650e+00
  1.195970e-02   2.958660e+03   6.872130e+00
  1.243080e-02   2.934060e+03   6.696700e+00
  1.290190e-02   2.939460e+03   6.578510e+00
  1.337310e-02   2.957920e+03   6.481410e+00
  1.384420e-02   2.987830e+03   6.395040e+00
  1.431530e-02   3.041550e+03   6.328350e+00
  1.478640e-02   3.098710e+03   6.285800e+00
  1.525760e-02   3.175350e+03   6.263950e+00
  1.572870e-02   3.255810e+03   6.245350e+00
  1.619980e-02   3.352080e+03   6.226360e+00
  1.667090e-02   3.445360e+03   6.224000e+00
  1.714210e-02   3.548360e+03   6.227580e+00
  1.761320e-02   3.646710e+03   6.222730e+00
  1.808430e-02   3.748110e+03   6.211050e+00
  1.855540e-02   3.856380e+03   6.224840e+00
  1.902660e-02   3.955560e+03   6.229070e+00
  1.949770e-02   4.041520e+03   6.220390e+00
  1.996880e-02   4.109440e+03   6.187350e+00
  2.043990e-02   4.170450e+03   6.158730e+00
  2.091110e-02   4.229910e+03   6.133230e+00
  2.138220e-02   4.275510e+03   6.098590e+00
  2.185330e-02   4.294740e+03   6.039390e+00
  2.232450e-02   4.307780e+03   5.979870e+00
  2.279560e-02   4.306010e+03   5.917810e+00
  2.326670e-02   4.296210e+03   5.851850e+00
  2.373780e-02   4.270580e+03   5.772320e+00
  2.420900e-02   4.235590e+03   5.686920e+00
  2.468010e-02   4.199480e+03   5.609430e+00
  2.515120e-02   4.153310e+03   5.527080e+00
  2.562230e-02   4.103860e+03   5.441970e+00
  2.609350e-02   4.046090e+03   5.347760e+00
  2.656460e-02   3.992760e+03   5.266410e+00
  2.703570e-02   3.929590e+03   5.179840e+00
  2.750680e-02   3.872940e+03   5.102600e+00
  2.797800e-02   3.814620e+03   5.013610e+00
  2.844910e-02   3.751800e+03   4.932210e+00
  2.892020e-02   3.693080e+03   4.854260e+00
  2.939130e-02   3.644410e+03   4.784180e+00
  2.986250e-02   3.588760e+03   4.704090e+00
  3.033360e-02   3.532780e+03   4.630910e+00
  3.080470e-02   3.487610e+03   4.566830e+00
  3.127580e-02   3.438290e+03   4.500860e+00
  3.174700e-02   3.393420e+03   4.434090e+00
  3.221810e-02   3.350960e+03   4.372910e+00
  3.268920e-02   3.307750e+03   4.314110e+00
  3.316030e-02   3.283510e+03   4.268280e+00
  3.363150e-02   3.255120e+03   4.285110e+00
  3.410260e-02   3.216200e+03   4.301060e+00
  3.457370e-02   3.183900e+03   4.295570e+00
  3.504480e-02   3.156710e+03   4.333200e+00
  3.551600e-02   3.123980e+03   4.407290e+00
  3.598710e-02   3.097100e+03   4.443880e+00
  3.645820e-02   3.069930e+03   4.471970e+00
  3.692930e-02   3.045790e+03   4.491430e+00
  3.740050e-02   3.026270e+03   4.509850e+00
  3.787160e-02   3.008910e+03   4.525110e+00
  3.834270e-02   2.986010e+03   4.531530e+00
  3.881380e-02   2.974960e+03   4.543710e+00
  3.928500e-02   2.956750e+03   4.636490e+00
  3.975610e-02   2.930830e+03   4.758210e+00
  4.022720e-02   2.918650e+03   4.852840e+00
  4.069830e-02   2.893780e+03   4.925610e+00
  4.116950e-02   2.884710e+03   4.997980e+00
  4.164060e-02   2.857930e+03   5.050070e+00
  4.211170e-02   2.842150e+03   5.113180e+00
  4.258280e-02   2.822620e+03   5.174170e+00
  4.305400e-02   2.807440e+03   5.234160e+00
  4.352510e-02   2.791070e+03   5.289250e+00
  4.399620e-02   2.771240e+03   5.348020e+00
  4.446730e-02   2.757520e+03   5.434680e+00
  4.493850e-02   2.736030e+03   5.490000e+00
  4.540960e-02   2.715470e+03   5.516200e+00
  4.588070e-02   2.729180e+03   5.324250e+00
  4.635180e-02   2.701380e+03   5.173980e+00
  4.682300e-02   2.683420e+03   5.085370e+00
  4.729410e-02   2.661060e+03   5.010600e+00
  4.776520e-02   2.643630e+03   4.949420e+00
  4.823640e-02   2.630310e+03   4.902450e+00
  4.870750e-02   2.605030e+03   4.848280e+00
  4.917860e-02   2.579600e+03   4.797980e+00
  4.964970e-02   2.564550e+03   4.754950e+00
  5.012090e-02   2.547490e+03   4.717140e+00
  5.059200e-02   2.524710e+03   4.676150e+00
  5.106310e-02   2.500420e+03   4.634490e+00
  5.153420e-02   2.483590e+03   4.592230e+00
  5.200540e-02   2.462640e+03   4.542070e+00
  5.247650e-02   2.446700e+03   4.495770e+00
  5.294760e-02   2.421190e+03   4.443300e+00
  5.341870e-02   2.401950e+03   4.391890e+00
  5.388990e-02   2.386290e+03   4.349960e+00
  5.436100e-02   2.364370e+03   4.303620e+00
  5.483210e-02   2.345740e+03   4.260110e+00
  5.530320e-02   2.327640e+03   4.217050e+00
  5.577440e-02   2.312160e+03   4.177270e+00
  5.624550e-02   2.288950e+03   4.133330e+00
  5.671660e-02   2.265390e+03   4.094760e+00
  5.718770e-02   2.245430e+03   4.065220e+00
  5.765890e-02   2.230490e+03   4.041110e+00
  5.813000e-02   2.209490e+03   4.012630e+00
  5.860110e-02   2.189510e+03   3.987090e+00
  5.907230e-02   2.174200e+03   3.962450e+00
  5.954340e-02   2.155060e+03   3.934770e+00
  6.001450e-02   2.134860e+03   3.907670e+00
  6.048560e-02   2.115840e+03   3.882440e+00
  6.095680e-02   2.102030e+03   3.863790e+00
  6.142790e-02   2.077910e+03   3.832650e+00
  6.189900e-02   2.060180e+03   3.803500e+00
  6.237010e-02   2.044460e+03   3.781830e+00
  6.284130e-02   2.028180e+03   3.761010e+00
  6.331240e-02   2.012990e+03   3.734910e+00
  6.378350e-02   1.995450e+03   3.709990e+00
  6.425460e-02   1.975420e+03   3.684000e+00
  6.472580e-02   1.949350e+03   3.652250e+00
  6.519690e-02   1.937300e+03   3.630800e+00
  6.566800e-02   1.922140e+03   3.609540e+00
  6.613910e-02   1.900100e+03   3.581410e+00
  6.661030e-02   1.888520e+03   3.563520e+00
  6.708140e-02   1.873490e+03   3.540470e+00
  6.755250e-02   1.858340e+03   3.518330e+00
  6.802360e-02   1.839400e+03   3.493410e+00
  6.849480e-02   1.821330e+03   3.469440e+00
  6.896590e-02   1.806560e+03   3.447740e+00
  6.943700e-02   1.788150e+03   3.421700e+00
  6.990810e-02   1.775910e+03   3.403480e+00
  7.037930e-02   1.761940e+03   3.384230e+00
  7.085040e-02   1.739450e+03   3.354520e+00
  7.132150e-02   1.720600e+03   3.328990e+00
  7.179260e-02   1.713230e+03   3.314890e+00
  7.226380e-02   1.697140e+03   3.293590e+00
  7.273490e-02   1.682290e+03   3.272770e+00
  7.320600e-02   1.664950e+03   3.247080e+00
  7.367710e-02   1.647440e+03   3.224680e+00
  7.414830e-02   1.636310e+03   3.207490e+00
  7.461940e-02   1.616320e+03   3.182060e+00
  7.509050e-02   1.603290e+03   3.161340e+00
  7.556160e-02   1.586380e+03   3.138050e+00
  7.603280e-02   1.570610e+03   3.117850e+00
  7.650390e-02   1.556430e+03   3.097400e+00
  7.697500e-02   1.540570e+03   3.074300e+00
  7.744620e-02   1.523220e+03   3.051190e+00
  7.791730e-02   1.511520e+03   3.033610e+00
  7.838840e-02   1.494430e+03   3.011570e+00
  7.885950e-02   1.482280e+03   2.992390e+00
  7.933070e-02   1.469440e+03   2.974670e+00
  7.980180e-02   1.455540e+03   2.957430e+00
  8.027290e-02   1.435670e+03   2.928460e+00
  8.074400e-02   1.425390e+03   2.913960e+00
  8.121520e-02   1.410630e+03   2.891160e+00
  8.168630e-02   1.397630e+03   2.872470e+00
  8.215740e-02   1.384110e+03   2.853560e+00
  8.262850e-02   1.370360e+03   2.834070e+00
  8.309970e-02   1.354130e+03   2.810390e+00
  8.357080e-02   1.337910e+03   2.789230e+00
  8.404190e-02   1.321370e+03   2.767120e+00
  8.451300e-02   1.312050e+03   2.752390e+00
  8.498420e-02   1.300330e+03   2.733720e+00
  8.545530e-02   1.280330e+03   2.708190e+00
  8.592640e-02   1.268430e+03   2.690630e+00
  8.639750e-02   1.257390e+03   2.675190e+00
  8.686870e-02   1.242300e+03   2.652170e+00
  8.733980e-02   1.228550e+03   2.633180e+00
  8.781090e-02   1.215160e+03   2.614780e+00
  8.828200e-02   1.200350e+03   2.593980e+00
  8.875320e-02   1.187440e+03   2.574750e+00
  8.922430e-02   1.177210e+03   2.558930e+00
  8.969540e-02   1.163940e+03   2.540270e+00
  9.016650e-02   1.150530e+03   2.521520e+00
  9.063770e-02   1.140320e+03   2.505260e+00
  9.110880e-02   1.126350e+03   2.485010e+00
  9.157990e-02   1.109500e+03   2.462580e+00
  9.205100e-02   1.100300e+03   2.448370e+00
  9.252220e-02   1.088290e+03   2.430250e+00
  9.299330e-02   1.075060e+03   2.410870e+00
  9.346440e-02   1.062410e+03   2.392580e+00
  9.393550e-02   1.048650e+03   2.373560e+00
  9.440670e-02   1.038290e+03   2.357420e+00
  9.487780e-02   1.021450e+03   2.333540e+00
  9.534890e-02   1.012830e+03   2.320140e+00
  9.582010e-02   1.001880e+03   2.303660e+00
  9.629120e-02   9.907820e+02   2.287500e+00
  9.676230e-02   9.741590e+02   2.263180e+00
  9.723340e-02   9.654040e+02   2.249430e+00
  9.770460e-02   9.513080e+02   2.229780e+00
  9.817570e-02   9.384750e+02   2.211030e+00
  9.864680e-02   9.303350e+02   2.196700e+00
  9.911790e-02   9.194150e+02   2.180450e+00
  9.958910e-02   9.072480e+02   2.162660e+00
  1.000600e-01   8.980850e+02   2.148480e+00
  1.005310e-01   8.821460e+02   2.125040e+00
  1.010020e-01   8.720100e+02   2.109380e+00
  1.014740e-01   8.602720e+02   2.091930e+00
  1.019450e-01   8.517650e+02   2.078520e+00
  1.024160e-01   8.393430e+02   2.059390e+00
  1.028870e-01   8.277440e+02   2.041450e+00
  1.033580e-01   8.175880e+02   2.026030e+00
  1.038290e-01   8.068390e+02   2.009660e+00
  1.043000e-01   7.955510e+02   1.992040e+00
  1.047710e-01   7.847560e+02   1.975030e+00
  1.052430e-01   7.742770e+02   1.958760e+00
  1.057140e-01   7.647690e+02   1.943990e+00
  1.061850e-01   7.534990e+02   1.926540e+00
  1.066560e-01   7.399870e+02   1.905290e+00
  1.071270e-01   7.317840e+02   1.892170e+00
  1.075980e-01   7.216870e+02   1.876410e+00
  1.080690e-01   7.126730e+02   1.862820e+00
  1.085400e-01   7.063330e+02   1.849940e+00
  1.090120e-01   6.945200e+02   1.831740e+00
  1.094830e-01   6.827390e+02   1.813380e+00
  1.099540e-01   6.738730e+02   1.799210e+00
  1.104250e-01   6.650900e+02   1.783940e+00
  1.108960e-01   6.534670e+02   1.765590e+00
  1.113670e-01   6.439390e+02   1.750220e+00
  1.118380e-01   6.362360e+02   1.737380e+00
  1.123090e-01   6.261090e+02   1.720200e+00
  1.127810e-01   6.165720e+02   1.704360e+00
  1.132520e-01   6.074490e+02   1.689610e+00
  1.137230e-01   5.959200e+02   1.671190e+00
  1.141940e-01   5.879380e+02   1.656760e+00
  1.146650e-01   5.773720e+02   1.639490e+00
  1.151360e-01   5.692600e+02   1.625760e+00
  1.156070e-01   5.620910e+02   1.613320e+00
  1.160780e-01   5.534220e+02   1.599220e+00
  1.165500e-01   5.447740e+02   1.583450e+00
  1.170210e-01   5.360210e+02   1.567890e+00
  1.174920e-01   5.254400e+02   1.550350e+00
  1.179630e-01   5.195390e+02   1.539460e+00
  1.184340e-01   5.135650e+02   1.527640e+00
  1.189050e-01   5.027610e+02   1.509440e+00
  1.193760e-01   4.953070e+02   1.496490e+00
  1.198470e-01   4.892540e+02   1.517940e+00
  1.203190e-01   4.789890e+02   1.543630e+00
  1.207900e-01   4.717110e+02   1.557610e+00
  1.212610e-01   4.659030e+02   1.568790e+00
  1.217320e-01   4.569930e+02   1.571820e+00
  1.222030e-01   4.499320e+02   1.575430e+00
  1.226740e-01   4.420040e+02   1.576460e+00
  1.231450e-01   4.342890e+02   1.576690e+00
  1.236160e-01   4.267710e+02   1.576290e+00
  1.240880e-01   4.200610e+02   1.575580e+00
  1.245590e-01   4.118550e+02   1.567830e+00
  1.250300e-01   4.031700e+02   1.555560e+00
  1.255010e-01   3.987940e+02   1.550920e+00
  1.259720e-01   3.896250e+02   1.533700e+00
  1.264430e-01   3.864040e+02   1.468750e+00
  1.269140e-01   3.799620e+02   1.420980e+00
  1.273850e-01   3.704250e+02   1.380840e+00
  1.278570e-01   3.657190e+02   1.354570e+00
  1.283280e-01   3.565290e+02   1.323080e+00
  1.287990e-01   3.499720e+02   1.298700e+00
  1.292700e-01   3.439170e+02   1.276930e+00
  1.297410e-01   3.391840e+02   1.258260e+00
  1.302120e-01   3.316590e+02   1.235160e+00
  1.306830e-01   3.249040e+02   1.216400e+00
  1.311540e-01   3.189460e+02   1.202190e+00
  1.316260e-01   3.106440e+02   1.183640e+00
  1.320970e-01   3.060940e+02   1.171610e+00
  1.325680e-01   3.001090e+02   1.157620e+00
  1.330390e-01   2.964950e+02   1.148380e+00
  1.335100e-01   2.897250e+02   1.132870e+00
  1.339810e-01   2.831470e+02   1.116940e+00
  1.344520e-01   2.773620e+02   1.103690e+00
  1.349230e-01   2.736210e+02   1.094100e+00
  1.353950e-01   2.662650e+02   1.077170e+00
  1.358660e-01   2.607980e+02   1.063820e+00
  1.363370e-01   2.548690e+02   1.049830e+00
  1.368080e-01   2.510990e+02   1.040250e+00
  1.372790e-01   2.449430e+02   1.025570e+00
  1.377500e-01   2.397090e+02   1.012720e+00
  1.382210e-01   2.341470e+02   9.990750e-01
  1.386920e-01   2.306390e+02   9.898780e-01
  1.391640e-01   2.263310e+02   9.792450e-01
  1.396350e-01   2.225070e+02   9.691830e-01
  1.401060e-01   2.170500e+02   9.552860e-01
  1.405770e-01   2.124010e+02   9.436280e-01
  1.410480e-01   2.073870e+02   9.314080e-01
  1.415190e-01   2.029070e+02   9.195150e-01
  1.419900e-01   1.975460e+02   9.055680e-01
  1.424610e-01   1.931390e+02   8.942080e-01
  1.429330e-01   1.881770e+02   8.815320e-01
  1.434040e-01   1.832470e+02   8.684610e-01
  1.438750e-01   1.807660e+02   8.609820e-01
  1.443460e-01   1.763730e+02   8.494990e-01
  1.448170e-01   1.728760e+02   8.397880e-01
  1.452880e-01   1.691010e+02   8.294040e-01
  1.457590e-01   1.657940e+02   8.197050e-01
  1.462300e-01   1.625760e+02   8.107780e-01
  1.467020e-01   1.579770e+02   7.980800e-01
  1.471730e-01   1.522730e+02   7.824680e-01
  1.476440e-01   1.494460e+02   7.742320e-01
  1.481150e-01   1.473380e+02   7.674530e-01
  1.485860e-01   1.430110e+02   7.550870e-01
  1.490570e-01   1.402790e+02   7.468590e-01
  1.495280e-01   1.367040e+02   7.361580e-01
  1.499990e-01   1.328880e+02   7.247960e-01
  1.504710e-01   1.300180e+02   7.159930e-01
  1.509420e-01   1.266980e+02   7.059480e-01
  1.514130e-01   1.249090e+02   7.010870e-01
  1.518840e-01   1.219980e+02   7.135510e-01
  1.523550e-01   1.175260e+02   7.153910e-01
  1.528260e-01   1.144730e+02   7.167230e-01
  1.532970e-01   1.125630e+02   7.195140e-01
  1.537680e-01   1.096430e+02   7.177070e-01
  1.542400e-01   1.067210e+02   7.073690e-01
  1.547110e-01   1.045300e+02   6.808430e-01
  1.551820e-01   1.018380e+02   6.637350e-01
  1.556530e-01   9.891530e+01   6.480570e-01
  1.561240e-01   9.594980e+01   6.322820e-01
  1.565950e-01   9.422320e+01   6.210730e-01
  1.570660e-01   9.131090e+01   6.050780e-01
  1.575370e-01   8.969170e+01   5.934810e-01
  1.580090e-01   8.647440e+01   5.776410e-01
  1.584800e-01   8.444310e+01   5.679860e-01
  1.589510e-01   8.201320e+01   5.586530e-01
  1.594220e-01   7.989530e+01   5.512770e-01
  1.598930e-01   7.730000e+01   5.431920e-01
  1.603640e-01   7.577490e+01   5.385040e-01
  1.608350e-01   7.373110e+01   5.317740e-01
  1.613060e-01   7.178510e+01   5.239610e-01
  1.617780e-01   6.980020e+01   5.160760e-01
  1.622490e-01   6.794730e+01   5.084690e-01
  1.627200e-01   6.573530e+01   4.994770e-01
  1.631910e-01   6.381090e+01   4.912860e-01
  1.636620e-01   6.264300e+01   4.859160e-01
  1.641330e-01   6.060760e+01   4.774060e-01
  1.646040e-01   5.910680e+01   4.708830e-01
  1.650750e-01   5.744530e+01   4.634890e-01
  1.655470e-01   5.583810e+01   4.562520e-01
  1.660180e-01   5.379000e+01   4.474290e-01
  1.664890e-01   5.185460e+01   4.388850e-01
  1.669600e-01   5.209490e+01   4.392410e-01
  1.674310e-01   5.027450e+01   4.307910e-01
  1.679020e-01   4.876290e+01   4.238720e-01
  1.683730e-01   4.721850e+01   4.165960e-01
  1.688440e-01   4.602190e+01   4.108250e-01
  1.693160e-01   4.513050e+01   4.062310e-01
  1.697870e-01   4.364630e+01   3.991380e-01
  1.702580e-01   4.252950e+01   3.935910e-01
  1.707290e-01   4.117460e+01   3.867470e-01
  1.712000e-01   4.003710e+01   3.809310e-01
  1.716710e-01   3.890470e+01   3.750880e-01
  1.721420e-01   3.792680e+01   3.701790e-01
  1.726130e-01   3.710760e+01   3.657430e-01
  1.730850e-01   3.602330e+01   3.598120e-01
  1.735560e-01   3.527700e+01   3.555610e-01
  1.740270e-01   3.447400e+01   3.512980e-01
  1.744980e-01   3.349740e+01   3.459940e-01
  1.749690e-01   3.264360e+01   3.409750e-01
  1.754400e-01   3.160620e+01   3.352750e-01
  1.759110e-01   3.075140e+01   3.303980e-01
  1.763820e-01   2.968600e+01   3.243070e-01
  1.768540e-01   2.927130e+01   3.215910e-01
  1.773250e-01   2.847340e+01   3.168990e-01
  1.777960e-01   2.755950e+01   3.115560e-01
  1.782670e-01   2.723870e+01   3.095540e-01
  1.787380e-01   2.667640e+01   3.060970e-01
  1.792090e-01   2.617250e+01   3.030620e-01
  1.796800e-01   2.535600e+01   2.978890e-01
  1.801510e-01   2.451990e+01   2.926780e-01
  1.806230e-01   2.396610e+01   2.891770e-01
  1.810940e-01   2.393500e+01   2.883950e-01
  1.815650e-01   2.362480e+01   2.862640e-01
  1.820360e-01   2.287090e+01   2.813980e-01
  1.825070e-01   2.225960e+01   2.774990e-01
  1.829780e-01   2.180470e+01   2.741720e-01
  1.834490e-01   2.128510e+01   2.709360e-01
  1.839200e-01   2.110700e+01   2.697570e-01
  1.843920e-01   2.073920e+01   2.670110e-01
  1.848630e-01   2.033580e+01   2.640170e-01
  1.853340e-01   1.958680e+01   2.590070e-01
  1.858050e-01   1.976590e+01   2.598000e-01
  1.862760e-01   1.961700e+01   2.586790e-01
  1.867470e-01   1.916760e+01   2.554170e-01
  1.872180e-01   1.868720e+01   2.518390e-01
  1.876890e-01   1.840510e+01   2.500040e-01
  1.881610e-01   1.855850e+01   2.506170e-01
  1.886320e-01   1.838850e+01   2.494120e-01
  1.891030e-01   1.782250e+01   2.452500e-01
  1.895740e-01   1.730150e+01   2.413220e-01
  1.900450e-01   1.711350e+01   2.400390e-01
  1.905160e-01   1.687310e+01   2.380000e-01
  1.909870e-01   1.706820e+01   2.391840e-01
  1.914590e-01   1.706920e+01   2.387180e-01
  1.919300e-01   1.689850e+01   2.375520e-01
  1.924010e-01   1.673560e+01   2.362630e-01
  1.928720e-01   1.636030e+01   2.333230e-01
  1.933430e-01   1.620750e+01   2.319300e-01
  1.938140e-01   1.646820e+01   2.329260e-01
  1.942850e-01   1.615780e+01   2.302950e-01
  1.947560e-01   1.619510e+01   2.299560e-01
  1.952280e-01   1.630880e+01   2.303650e-01
  1.956990e-01   1.630870e+01   2.301270e-01
  1.961700e-01   1.581580e+01   2.265380e-01
  1.966410e-01   1.577420e+01   2.258040e-01
  1.971120e-01   1.621710e+01   2.289810e-01
  1.975830e-01   1.653390e+01   2.307550e-01
  1.980540e-01   1.620090e+01   2.285380e-01
  1.985250e-01   1.598530e+01   2.269550e-01
  1.989970e-01   1.616610e+01   2.284040e-01
  1.994680e-01   1.637280e+01   2.298190e-01
  1.999390e-01   1.642130e+01   2.299820e-01
  2.004100e-01   1.647560e+01   2.354470e-01
  2.008810e-01   1.627340e+01   2.396420e-01
  2.013520e-01   1.659360e+01   2.450480e-01
  2.018230e-01   1.640240e+01   2.464990e-01
  2.022940e-01   1.625360e+01   2.479820e-01
  2.027660e-01   1.650330e+01   2.520740e-01
  2.032370e-01   1.645730e+01   2.533600e-01
  2.037080e-01   1.619760e+01   2.520870e-01
  2.041790e-01   1.625240e+01   2.532920e-01
  2.046500e-01   1.639130e+01   2.550490e-01
  2.051210e-01   1.663870e+01   2.574000e-01
  2.055920e-01   1.697420e+01   2.605200e-01
  2.060630e-01   1.686150e+01   2.604010e-01
  2.065350e-01   1.689240e+01   2.599450e-01
  2.070060e-01   1.756200e+01   2.563480e-01
  2.074770e-01   1.701290e+01   2.477820e-01
  2.079480e-01   1.738260e+01   2.473360e-01
  2.084190e-01   1.785660e+01   2.476500e-01
  2.088900e-01   1.750600e+01   2.430980e-01
  2.093610e-01   1.761850e+01   2.421060e-01
  2.098320e-01   1.761940e+01   2.415620e-01
  2.103040e-01   1.749270e+01   2.399660e-01
  2.107750e-01   1.827750e+01   2.446020e-01
  2.112460e-01   1.780450e+01   2.411550e-01
  2.117170e-01   1.838830e+01   2.445340e-01
  2.121880e-01   1.840910e+01   2.440080e-01
  2.126590e-01   1.840290e+01   2.433380e-01
  2.131300e-01   1.850650e+01   2.437110e-01
  2.136010e-01   1.890050e+01   2.456740e-01
  2.140730e-01   1.893800e+01   2.455540e-01
  2.145440e-01   1.913110e+01   2.465360e-01
  2.150150e-01   1.933030e+01   2.472890e-01
  2.154860e-01   1.920850e+01   2.461350e-01
  2.159570e-01   1.939080e+01   2.466940e-01
  2.164280e-01   1.942200e+01   2.464550e-01
  2.168990e-01   1.953720e+01   2.469230e-01
  2.173700e-01   1.970830e+01   2.476400e-01
  2.178420e-01   1.966890e+01   2.470330e-01
  2.183130e-01   2.023980e+01   2.502340e-01
  2.187840e-01   2.000470e+01   2.484650e-01
  2.192550e-01   2.004500e+01   2.484390e-01
  2.197260e-01   2.027140e+01   2.493890e-01
  2.201970e-01   2.025410e+01   2.489300e-01
  2.206680e-01   2.042870e+01   2.496920e-01
  2.211390e-01   2.027700e+01   2.484660e-01
  2.216110e-01   2.051460e+01   2.496240e-01
  2.220820e-01   2.093690e+01   2.516810e-01
  2.225530e-01   2.106450e+01   2.520370e-01
  2.230240e-01   2.091270e+01   2.509300e-01
  2.234950e-01   2.096600e+01   2.509980e-01
  2.239660e-01   2.121390e+01   2.520360e-01
  2.244370e-01   2.109840e+01   2.510900e-01
  2.249090e-01   2.108060e+01   2.508000e-01
  2.253800e-01   2.097730e+01   2.499550e-01
  2.258510e-01   2.148150e+01   2.524690e-01
  2.263220e-01   2.145150e+01   2.519900e-01
  2.267930e-01   2.177800e+01   2.535630e-01
  2.272640e-01   2.203100e+01   2.548290e-01
  2.277350e-01   2.177530e+01   2.529630e-01
  2.282060e-01   2.201320e+01   2.540070e-01
  2.286780e-01   2.188770e+01   2.531780e-01
  2.291490e-01   2.141620e+01   2.502040e-01
  2.296200e-01   2.189330e+01   2.526080e-01
  2.300910e-01   2.204010e+01   2.531060e-01
  2.305620e-01   2.218190e+01   2.537110e-01
  2.310330e-01   2.214480e+01   2.531400e-01
  2.315040e-01   2.213900e+01   2.528090e-01
  2.319750e-01   2.193900e+01   2.513840e-01
  2.324470e-01   2.201630e+01   2.516240e-01
  2.329180e-01   2.193950e+01   2.509820e-01
  2.333890e-01   2.253230e+01   2.538960e-01
  2.338600e-01   2.194620e+01   2.503980e-01
  2.343310e-01   2.224640e+01   2.518820e-01
  2.348020e-01   2.238950e+01   2.523060e-01
  2.352730e-01   2.236120e+01   2.519090e-01
  2.357440e-01   2.241980e+01   2.520250e-01
  2.362160e-01   2.250110e+01   2.523100e-01
  2.366870e-01   2.254100e+01   2.521940e-01
  2.371580e-01   2.263860e+01   2.525420e-01
  2.376290e-01   2.254460e+01   2.516490e-01
  2.381000e-01   2.238750e+01   2.505210e-01
  2.385710e-01   2.256910e+01   2.512270e-01
  2.390420e-01   2.227520e+01   2.495690e-01
  2.395130e-01   2.203300e+01   2.479540e-01
  2.399850e-01   2.218400e+01   2.484990e-01
  2.404560e-01   2.246960e+01   2.497230e-01
  2.409270e-01   2.238310e+01   2.490130e-01
  2.413980e-01   2.224130e+01   2.479240e-01
  2.418690e-01   2.221240e+01   2.476150e-01
  2.423400e-01   2.254170e+01   2.492230e-01
  2.428110e-01   2.222000e+01   2.471690e-01
  2.432820e-01   2.199530e+01   2.457270e-01
  2.437540e-01   2.193580e+01   2.452070e-01
  2.442250e-01   2.221090e+01   2.465280e-01
  2.446960e-01   2.193390e+01   2.448650e-01
  2.451670e-01   2.172910e+01   2.433850e-01
  2.456380e-01   2.200240e+01   2.445680e-01
  2.461090e-01   2.191030e+01   2.438050e-01
  2.465800e-01   2.199390e+01   2.440900e-01
  2.470510e-01   2.190200e+01   2.433280e-01
  2.475230e-01   2.165660e+01   2.416690e-01
  2.479940e-01   2.147930e+01   2.405770e-01
  2.484650e-01   2.154310e+01   2.409150e-01
  2.489360e-01   2.128580e+01   2.391960e-01
  2.494070e-01   2.142650e+01   2.395990e-01
  2.498780e-01   2.120890e+01   2.383220e-01
  2.503490e-01   2.106780e+01   2.374240e-01
  2.508200e-01   2.123390e+01   2.380160e-01
  2.512920e-01   2.109240e+01   2.368930e-01
  2.517630e-01   2.095190e+01   2.356380e-01
  2.522340e-01   2.063670e+01   2.335900e-01
  2.527050e-01   2.060890e+01   2.328480e-01
  2.531760e-01   2.061680e+01   2.326210e-01
  2.536470e-01   2.037370e+01   2.310400e-01
  2.541180e-01   2.047670e+01   2.316710e-01
  2.545890e-01   2.054170e+01   2.316070e-01
  2.550610e-01   2.034850e+01   2.303190e-01
  2.555320e-01   2.023940e+01   2.294850e-01
  2.560030e-01   2.011400e+01   2.286890e-01
  2.564740e-01   2.009380e+01   2.286020e-01
  2.569450e-01   1.972860e+01   2.265510e-01
  2.574160e-01   1.964110e+01   2.260320e-01
  2.578870e-01   1.924560e+01   2.237940e-01
  2.583580e-01   1.950400e+01   2.251360e-01
  2.588300e-01   1.917330e+01   2.230920e-01
  2.593010e-01   1.912830e+01   2.226480e-01
  2.597720e-01   1.931330e+01   2.235330e-01
  2.602430e-01   1.931200e+01   2.234250e-01
  2.607140e-01   1.879060e+01   2.202510e-01
  2.611850e-01   1.870900e+01   2.195400e-01
  2.616560e-01   1.888290e+01   2.203210e-01
  2.621270e-01   1.828910e+01   2.168410e-01
  2.625990e-01   1.857450e+01   2.183150e-01
  2.630700e-01   1.841860e+01   2.171520e-01
  2.635410e-01   1.836490e+01   2.167010e-01
  2.640120e-01   1.828760e+01   2.160130e-01
  2.644830e-01   1.790790e+01   2.138210e-01
  2.649540e-01   1.777620e+01   2.126680e-01
  2.654250e-01   1.772300e+01   2.122050e-01
  2.658960e-01   1.757380e+01   2.111850e-01
  2.663680e-01   1.735130e+01   2.096820e-01
  2.668390e-01   1.724580e+01   2.088840e-01
  2.673100e-01   1.725290e+01   2.087310e-01
  2.677810e-01   1.676690e+01   2.058430e-01
  2.682520e-01   1.652180e+01   2.040680e-01
  2.687230e-01   1.693400e+01   2.063270e-01
  2.691940e-01   1.670370e+01   2.048600e-01
  2.696650e-01   1.655610e+01   2.038040e-01
  2.701370e-01   1.638300e+01   2.027050e-01
  2.706080e-01   1.575470e+01   1.986230e-01
  2.710790e-01   1.580870e+01   1.987790e-01
  2.715500e-01   1.607800e+01   2.002830e-01
  2.720210e-01   1.568560e+01   1.977890e-01
  2.724920e-01   1.548060e+01   1.963040e-01
  2.729630e-01   1.544850e+01   1.959320e-01
  2.734340e-01   1.528030e+01   1.947850e-01
  2.739060e-01   1.513280e+01   1.937810e-01
  2.743770e-01   1.508960e+01   1.933180e-01
  2.748480e-01   1.488030e+01   1.917660e-01
  2.753190e-01   1.462280e+01   1.901780e-01
  2.757900e-01   1.465890e+01   1.902010e-01
  2.762610e-01   1.462430e+01   1.896620e-01
  2.767320e-01   1.441400e+01   1.882840e-01
  2.772030e-01   1.393410e+01   1.851930e-01
  2.776750e-01   1.395380e+01   1.852410e-01
  2.781460e-01   1.387340e+01   1.845300e-01
  2.786170e-01   1.385010e+01   1.842090e-01
  2.790880e-01   1.373610e+01   1.832950e-01
  2.795590e-01   1.332950e+01   1.806110e-01
  2.800300e-01   1.324780e+01   1.799500e-01
  2.805010e-01   1.335170e+01   1.810090e-01
  2.809720e-01   1.321080e+01   1.848090e-01
  2.814440e-01   1.316960e+01   1.874850e-01
  2.819150e-01   1.265020e+01   1.862920e-01
  2.823860e-01   1.284200e+01   1.892500e-01
  2.828570e-01   1.270830e+01   1.894260e-01
  2.833280e-01   1.226720e+01   1.869800e-01
  2.837990e-01   1.250340e+01   1.892060e-01
  2.842700e-01   1.223460e+01   1.878740e-01
  2.847410e-01   1.240400e+01   1.895850e-01
  2.852130e-01   1.205880e+01   1.875490e-01
  2.856840e-01   1.197900e+01   1.871670e-01
  2.861550e-01   1.202710e+01   1.880240e-01
  2.866260e-01   1.175490e+01   1.864640e-01
  2.870970e-01   1.151800e+01   1.830170e-01
  2.875680e-01   1.132480e+01   1.765980e-01
  2.880390e-01   1.141880e+01   1.747580e-01
  2.885100e-01   1.146350e+01   1.733080e-01
  2.889820e-01   1.109820e+01   1.694780e-01
  2.894530e-01   1.100730e+01   1.683090e-01
  2.899240e-01   1.091380e+01   1.669740e-01
  2.903950e-01   1.059210e+01   1.644420e-01
  2.908660e-01   1.070820e+01   1.648470e-01
  2.913370e-01   1.056610e+01   1.634740e-01
  2.918080e-01   1.053350e+01   1.629620e-01
  2.922790e-01   1.051500e+01   1.624520e-01
  2.927510e-01   1.034420e+01   1.610880e-01
  2.932220e-01   1.037680e+01   1.610680e-01
  2.936930e-01   1.018500e+01   1.594610e-01
  2.941640e-01   1.028940e+01   1.599340e-01
  2.946350e-01   9.922970e+00   1.569670e-01
  2.951060e-01   9.701940e+00   1.551640e-01
  2.955770e-01   9.554070e+00   1.537500e-01
  2.960480e-01   9.499940e+00   1.532890e-01
  2.965200e-01   9.619580e+00   1.539700e-01
  2.969910e-01   9.585000e+00   1.535480e-01
  2.974620e-01   9.319590e+00   1.514540e-01
  2.979330e-01   9.041430e+00   1.491620e-01
  2.984040e-01   9.001170e+00   1.486360e-01
  2.988750e-01   8.986740e+00   1.483010e-01
  2.993460e-01   9.025050e+00   1.485440e-01
  2.998170e-01   8.798520e+00   1.465070e-01
  3.002890e-01   8.835790e+00   1.467380e-01
  3.007600e-01   8.635710e+00   1.448330e-01
  3.012310e-01   8.640910e+00   1.447830e-01
  3.017020e-01   8.384510e+00   1.426530e-01
  3.021730e-01   8.414060e+00   1.427300e-01
  3.026440e-01   8.407990e+00   1.426000e-01
  3.031150e-01   8.188910e+00   1.407540e-01
  3.035860e-01   8.041970e+00   1.394800e-01
  3.040580e-01   8.141410e+00   1.401450e-01
  3.045290e-01   7.990610e+00   1.387400e-01
  3.050000e-01   7.973040e+00   1.385190e-01
  3.054710e-01   7.989190e+00   1.385380e-01
  3.059420e-01   7.936770e+00   1.378600e-01
  3.064130e-01   7.640000e+00   1.354260e-01
  3.068840e-01   7.853710e+00   1.370850e-01
  3.073550e-01   7.678560e+00   1.354650e-01
  3.078270e-01   7.614410e+00   1.348630e-01
  3.082980e-01   7.559680e+00   1.341520e-01
  3.087690e-01   7.446940e+00   1.333420e-01
  3.092400e-01   7.558300e+00   1.341950e-01
  3.097110e-01   7.561220e+00   1.340700e-01
  3.101820e-01   7.319400e+00   1.317780e-01
  3.106530e-01   7.283110e+00   1.313840e-01
  3.111240e-01   7.393800e+00   1.322120e-01
  3.115960e-01   7.236640e+00   1.307500e-01
  3.120670e-01   7.113160e+00   1.296960e-01
  3.125380e-01   7.108810e+00   1.295570e-01
  3.130090e-01   7.065870e+00   1.290640e-01
  3.134800e-01   6.963630e+00   1.281880e-01
  3.139510e-01   6.978910e+00   1.281350e-01
  3.144220e-01   6.822030e+00   1.267430e-01
  3.148930e-01   7.011110e+00   1.281670e-01
  3.153650e-01   6.792160e+00   1.262730e-01
  3.158360e-01   6.872440e+00   1.266850e-01
  3.163070e-01   6.772290e+00   1.258910e-01
  3.167780e-01   6.831890e+00   1.262000e-01
  3.172490e-01   6.551710e+00   1.238720e-01
  3.177200e-01   6.560960e+00   1.237440e-01
  3.181910e-01   6.690490e+00   1.249710e-01
  3.186620e-01   6.651570e+00   1.243670e-01
  3.191340e-01   6.490860e+00   1.228530e-01
  3.196050e-01   6.542790e+00   1.230130e-01
  3.200760e-01   6.671560e+00   1.238130e-01
  3.205470e-01   6.628950e+00   1.233360e-01
  3.210180e-01   6.394710e+00   1.211750e-01
  3.214890e-01   6.361420e+00   1.209990e-01
  3.219600e-01   6.356520e+00   1.206030e-01
  3.224310e-01   6.368810e+00   1.207600e-01
  3.229030e-01   6.378140e+00   1.206320e-01
  3.233740e-01   6.182720e+00   1.189370e-01
  3.238450e-01   6.177020e+00   1.188760e-01
  3.243160e-01   6.216690e+00   1.191170e-01
  3.247870e-01   6.081330e+00   1.177450e-01
  3.252580e-01   6.159520e+00   1.185150e-01
  3.257290e-01   6.182370e+00   1.188260e-01
  3.262000e-01   6.236070e+00   1.194260e-01
  3.266720e-01   6.031100e+00   1.176720e-01
  3.271430e-01   6.121470e+00   1.179960e-01
  3.276140e-01   6.032130e+00   1.172800e-01
  3.280850e-01   6.022820e+00   1.171440e-01
  3.285560e-01   5.968050e+00   1.165920e-01
  3.290270e-01   5.938340e+00   1.160050e-01
  3.294980e-01   6.273840e+00   1.188880e-01
  3.299690e-01   6.225290e+00   1.185430e-01
  3.304410e-01   6.051960e+00   1.169730e-01
  3.309120e-01   6.083820e+00   1.170450e-01
  3.313830e-01   5.972010e+00   1.160430e-01
  3.318540e-01   5.961730e+00   1.157410e-01
  3.323250e-01   6.058620e+00   1.165550e-01
  3.327960e-01   5.960490e+00   1.157930e-01
  3.332670e-01   5.895950e+00   1.149670e-01
  3.337380e-01   6.030670e+00   1.160110e-01
  3.342100e-01   5.844750e+00   1.146490e-01
  3.346810e-01   5.898310e+00   1.147270e-01
  3.351520e-01   5.826100e+00   1.141060e-01
  3.356230e-01   5.944550e+00   1.150700e-01
  3.360940e-01   6.097320e+00   1.163010e-01
  3.365650e-01   5.887660e+00   1.143670e-01
  3.370360e-01   5.880830e+00   1.141760e-01
  3.375070e-01   5.829480e+00   1.137030e-01
  3.379790e-01   5.819030e+00   1.133490e-01
  3.384500e-01   5.782350e+00   1.130410e-01
  3.389210e-01   5.715250e+00   1.130750e-01
  3.393920e-01   5.921430e+00   1.177100e-01
  3.398630e-01   5.857020e+00   1.187680e-01
  3.403340e-01   5.707150e+00   1.186150e-01
  3.408050e-01   5.876180e+00   1.211440e-01
  3.412760e-01   6.016050e+00   1.227810e-01
  3.417480e-01   6.004570e+00   1.227960e-01
  3.422190e-01   5.974540e+00   1.226630e-01
  3.426900e-01   5.771460e+00   1.208360e-01
  3.431610e-01   5.776710e+00   1.212980e-01
  3.436320e-01   5.938390e+00   1.229400e-01
  3.441030e-01   5.899790e+00   1.228140e-01
  3.445740e-01   5.792630e+00   1.222990e-01
  3.450450e-01   5.959740e+00   1.240370e-01
  3.455170e-01   6.077920e+00   1.251970e-01
  3.459880e-01   5.926670e+00   1.239610e-01
  3.464590e-01   5.891290e+00   1.239340e-01
  3.469300e-01   5.632320e+00   1.218580e-01
  3.474010e-01   5.651170e+00   1.221820e-01
  3.478720e-01   5.737420e+00   1.231420e-01
  3.483430e-01   5.948330e+00   1.254290e-01
  3.488140e-01   6.011970e+00   1.262700e-01
  3.492860e-01   5.979780e+00   1.259360e-01
  3.497570e-01   5.932330e+00   1.256580e-01
  3.502280e-01   5.668290e+00   1.233700e-01
  3.506990e-01   5.798860e+00   1.246340e-01
  3.511700e-01   5.709180e+00   1.240700e-01
  3.516410e-01   5.890910e+00   1.259030e-01
  3.521120e-01   5.820470e+00   1.253870e-01
  3.525830e-01   5.790110e+00   1.251870e-01
  3.530550e-01   5.912780e+00   1.264680e-01
  3.535260e-01   5.813480e+00   1.258490e-01
  3.539970e-01   5.867300e+00   1.262930e-01
  3.544680e-01   5.798510e+00   1.257570e-01
  3.549390e-01   5.971420e+00   1.274170e-01
  3.554100e-01   5.974240e+00   1.277600e-01
  3.558810e-01   5.754840e+00   1.257890e-01
  3.563520e-01   5.648820e+00   1.249450e-01
  3.568240e-01   5.924370e+00   1.275500e-01
  3.572950e-01   5.799330e+00   1.265210e-01
  3.577660e-01   5.826540e+00   1.270420e-01
  3.582370e-01   5.738930e+00   1.262650e-01
  3.587080e-01   5.890250e+00   1.277390e-01
  3.591790e-01   5.856020e+00   1.274680e-01
  3.596500e-01   5.795930e+00   1.268920e-01
  3.601210e-01   5.785710e+00   1.268100e-01
  3.605930e-01   5.868190e+00   1.273430e-01
  3.610640e-01   5.820890e+00   1.290990e-01
  3.615350e-01   5.949680e+00   1.344610e-01
  3.620060e-01   5.820060e+00   1.355420e-01
  3.624770e-01   5.710070e+00   1.362900e-01
  3.629480e-01   5.594470e+00   1.361860e-01
  3.634190e-01   5.717690e+00   1.383240e-01
  3.638900e-01   5.675940e+00   1.387190e-01
  3.643620e-01   5.711610e+00   1.396010e-01
  3.648330e-01   5.639560e+00   1.398250e-01
  3.653040e-01   5.897510e+00   1.433270e-01
  3.657750e-01   5.937110e+00   1.445870e-01
  3.662460e-01   5.772490e+00   1.433860e-01
  3.667170e-01   5.771200e+00   1.441910e-01
  3.671880e-01   5.586830e+00   1.426930e-01
  3.676590e-01   5.547860e+00   1.429640e-01
  3.681310e-01   5.687460e+00   1.450740e-01
  3.686020e-01   5.810320e+00   1.474630e-01
  3.690730e-01   5.617900e+00   1.460740e-01
  3.695440e-01   5.583190e+00   1.459280e-01
  3.700150e-01   5.628790e+00   1.468900e-01
  3.704860e-01   5.549110e+00   1.469040e-01
  3.709570e-01   5.638440e+00   1.481670e-01
  3.714280e-01   5.508740e+00   1.473290e-01
  3.719000e-01   5.554490e+00   1.483840e-01
  3.723710e-01   5.617590e+00   1.499100e-01
  3.728420e-01   5.699840e+00   1.516310e-01
  3.733130e-01   5.595920e+00   1.507530e-01
  3.737840e-01   5.710500e+00   1.527960e-01
  3.742550e-01   5.476470e+00   1.504010e-01
  3.747260e-01   5.423560e+00   1.503620e-01
  3.751980e-01   5.563030e+00   1.526960e-01
  3.756690e-01   5.521580e+00   1.525510e-01
  3.761400e-01   5.374180e+00   1.518100e-01
  3.766110e-01   5.434600e+00   1.529250e-01
  3.770820e-01   5.518300e+00   1.545460e-01
  3.775530e-01   5.470950e+00   1.541000e-01
  3.780240e-01   5.381620e+00   1.535880e-01
  3.784950e-01   5.420920e+00   1.548470e-01
  3.789670e-01   5.483820e+00   1.560310e-01
  3.794380e-01   5.563560e+00   1.577590e-01
  3.799090e-01   5.377600e+00   1.561340e-01
  3.803800e-01   5.213900e+00   1.544430e-01
  3.808510e-01   5.464540e+00   1.582660e-01
  3.813220e-01   5.369610e+00   1.575440e-01
  3.817930e-01   5.707340e+00   1.623260e-01
  3.822640e-01   5.378280e+00   1.585660e-01
  3.827360e-01   5.222100e+00   1.574950e-01
  3.832070e-01   5.470500e+00   1.611720e-01
  3.836780e-01   5.684970e+00   1.643940e-01
  3.841490e-01   5.375870e+00   1.607080e-01
  3.846200e-01   5.354870e+00   1.612540e-01
  3.850910e-01   5.549370e+00   1.648040e-01
  3.855620e-01   5.349160e+00   1.623520e-01
  3.860330e-01   5.284590e+00   1.619550e-01
  3.865050e-01   5.176500e+00   1.607500e-01
  3.869760e-01   5.189710e+00   1.615630e-01
  3.874470e-01   4.962160e+00   1.591850e-01
  3.879180e-01   4.953380e+00   1.593300e-01
  3.883890e-01   5.125200e+00   1.624110e-01
  3.888600e-01   5.291460e+00   1.657550e-01
  3.893310e-01   5.176960e+00   1.643600e-01
  3.898020e-01   5.308740e+00   1.663940e-01
  3.902740e-01   5.272750e+00   1.666940e-01
  3.907450e-01   5.447940e+00   1.701460e-01
  3.912160e-01   5.123800e+00   1.657400e-01
  3.916870e-01   5.292940e+00   1.682110e-01
  3.921580e-01   5.282590e+00   1.684140e-01
  3.926290e-01   4.936530e+00   1.637540e-01
  3.931000e-01   5.179280e+00   1.678620e-01
  3.935720e-01   5.248580e+00   1.693210e-01
  3.940430e-01   5.111220e+00   1.680810e-01
  3.945140e-01   5.119530e+00   1.680240e-01
  3.949850e-01   4.875370e+00   1.644330e-01
  3.954560e-01   5.020870e+00   1.667640e-01
  3.959270e-01   5.074990e+00   1.677720e-01
  3.963980e-01   5.088550e+00   1.687160e-01
  3.968690e-01   5.314170e+00   1.718890e-01
  3.973410e-01   4.993330e+00   1.678220e-01
  3.978120e-01   4.971660e+00   1.677180e-01
  3.982830e-01   5.041360e+00   1.693150e-01
  3.987540e-01   5.088720e+00   1.702130e-01
  3.992250e-01   5.115480e+00   1.712950e-01
  3.996960e-01   4.956320e+00   1.694160e-01
  4.001670e-01   4.962190e+00   1.707450e-01
  4.006380e-01   4.791690e+00   1.690620e-01
  4.011100e-01   4.840040e+00   1.699370e-01
  4.015810e-01   4.793370e+00   1.700150e-01
  4.020520e-01   4.807060e+00   1.705070e-01
  4.025230e-01   4.666780e+00   1.686980e-01
  4.029940e-01   4.942690e+00   1.734560e-01
  4.034650e-01   4.753740e+00   1.714300e-01
  4.039360e-01   4.559830e+00   1.687650e-01
  4.044070e-01   4.527070e+00   1.690410e-01
  4.048780e-01   4.653950e+00   1.717280e-01
  4.053500e-01   4.942930e+00   1.763240e-01
  4.058210e-01   4.825940e+00   1.756620e-01
  4.062920e-01   4.767070e+00   1.759830e-01
  4.067630e-01   4.654670e+00   1.745380e-01
  4.072340e-01   4.713700e+00   1.754080e-01
  4.077050e-01   4.643440e+00   1.746390e-01
  4.081760e-01   4.717160e+00   1.761820e-01
  4.086480e-01   4.758050e+00   1.784050e-01
  4.091190e-01   4.766210e+00   1.785590e-01
  4.095900e-01   4.485620e+00   1.750770e-01
  4.100610e-01   4.466470e+00   1.752460e-01
  4.105320e-01   4.629740e+00   1.788550e-01
  4.110030e-01   4.505040e+00   1.774960e-01
  4.114740e-01   4.542280e+00   1.784440e-01
  4.119450e-01   4.672940e+00   1.807490e-01
  4.124160e-01   4.482050e+00   1.786200e-01
  4.128880e-01   4.262390e+00   1.761080e-01
  4.133590e-01   4.367560e+00   1.778690e-01
  4.138300e-01   4.935870e+00   1.881260e-01
  4.143010e-01   4.453770e+00   1.803400e-01
  4.147720e-01   4.404610e+00   1.803560e-01
  4.152430e-01   4.446250e+00   1.818420e-01
  4.157140e-01   4.263580e+00   1.793760e-01
  4.161860e-01   4.315810e+00   1.809360e-01
  4.166570e-01   4.329040e+00   1.819050e-01
  4.171280e-01   4.366290e+00   1.828130e-01
  4.175990e-01   4.557720e+00   1.872160e-01
  4.180700e-01   4.434200e+00   1.861520e-01
  4.185410e-01   4.343910e+00   1.847320e-01
  4.190120e-01   4.300150e+00   1.845730e-01
  4.194830e-01   4.237750e+00   1.847950e-01
  4.199540e-01   4.313750e+00   1.866960e-01
  4.204260e-01   4.422140e+00   1.888350e-01
  4.208970e-01   4.154270e+00   1.845670e-01
  4.213680e-01   4.424980e+00   1.900500e-01
  4.218390e-01   4.300350e+00   1.893320e-01
  4.223100e-01   4.692760e+00   1.971860e-01
  4.227810e-01   4.168800e+00   1.875110e-01
  4.232520e-01   4.155610e+00   1.881390e-01
  4.237240e-01   4.302470e+00   1.921840e-01
  4.241950e-01   4.407590e+00   1.943040e-01
  4.246660e-01   4.438390e+00   1.948210e-01
  4.251370e-01   4.249010e+00   1.936390e-01
  4.256080e-01   4.162460e+00   1.932790e-01
  4.260790e-01   4.395760e+00   1.975010e-01
  4.265500e-01   4.354070e+00   1.973670e-01
  4.270210e-01   4.188550e+00   1.960920e-01
  4.274920e-01   3.910450e+00   1.907560e-01
  4.279640e-01   4.069290e+00   1.947820e-01
  4.284350e-01   4.297510e+00   2.004030e-01
  4.289060e-01   4.195160e+00   1.996820e-01
  4.293770e-01   4.437520e+00   2.048400e-01
  4.298480e-01   4.428700e+00   2.040350e-01
  4.303190e-01   4.138130e+00   2.003560e-01
  4.307900e-01   4.261500e+00   2.043920e-01
  4.312620e-01   4.110580e+00   2.018590e-01
  4.317330e-01   4.044790e+00   2.010490e-01
  4.322040e-01   3.844150e+00   1.975970e-01
  4.326750e-01   3.927010e+00   2.004630e-01
  4.331460e-01   4.171250e+00   2.066770e-01
  4.336170e-01   3.794500e+00   1.993220e-01
  4.340880e-01   4.057960e+00   2.065050e-01
  4.345590e-01   3.879600e+00   2.024800e-01
  4.350300e-01   3.877470e+00   2.043780e-01
  4.355020e-01   3.822170e+00   2.039060e-01
  4.359730e-01   4.117940e+00   2.110610e-01
  4.364440e-01   4.250750e+00   2.156510e-01
  4.369150e-01   4.200210e+00   2.157730e-01
  4.373860e-01   4.072350e+00   2.135260e-01
  4.378570e-01   3.835900e+00   2.094080e-01
  4.383280e-01   3.811890e+00   2.090700e-01
  4.388000e-01   3.804480e+00   2.101340e-01
  4.392710e-01   4.103370e+00   2.184310e-01
  4.397420e-01   3.593710e+00   2.079510e-01
  4.402130e-01   3.819670e+00   2.141490e-01
  4.406840e-01   3.829300e+00   2.134890e-01
  4.411550e-01   3.941330e+00   2.161890e-01
  4.416260e-01   3.698400e+00   2.102000e-01
  4.420970e-01   3.671660e+00   2.099610e-01
  4.425680e-01   3.868560e+00   2.137810e-01
  4.430400e-01   3.894120e+00   2.148070e-01
  4.435110e-01   3.643580e+00   2.096760e-01
  4.439820e-01   3.567390e+00   2.089270e-01
  4.444530e-01   3.941380e+00   2.181620e-01
  4.449240e-01   3.929740e+00   2.194130e-01
  4.453950e-01   3.576900e+00   2.125090e-01
  4.458660e-01   3.699640e+00   2.151380e-01
  4.463380e-01   3.905960e+00   2.217850e-01
  4.468090e-01   3.762080e+00   2.194370e-01
  4.472800e-01   3.916550e+00   2.239380e-01
  4.477510e-01   3.917420e+00   2.253360e-01
  4.482220e-01   3.863620e+00   2.251170e-01
  4.486930e-01   3.690600e+00   2.235500e-01
  4.491640e-01   3.713860e+00   2.252410e-01
  4.496350e-01   3.347670e+00   2.165610e-01
  4.501060e-01   3.557750e+00   2.229060e-01
  4.505780e-01   3.572930e+00   2.250060e-01
  4.510490e-01   3.531630e+00   2.245500e-01
  4.515200e-01   3.734340e+00   2.312400e-01
  4.519910e-01   3.890450e+00   2.368330e-01
  4.524620e-01   3.722630e+00   2.334900e-01
  4.529330e-01   3.277790e+00   2.221150e-01
  4.534040e-01   3.552320e+00   2.303470e-01
  4.538760e-01   3.561570e+00   2.329680e-01
  4.543470e-01   3.626570e+00   2.376760e-01
  4.548180e-01   3.669930e+00   2.390590e-01
  4.552890e-01   3.770140e+00   2.443460e-01
  4.557600e-01   3.949950e+00   2.503260e-01
  4.562310e-01   3.966380e+00   2.539910e-01
  4.567020e-01   3.692890e+00   2.483460e-01
  4.571730e-01   3.502900e+00   2.430160e-01
  4.576440e-01   3.873560e+00   2.550230e-01
  4.581160e-01   3.731260e+00   2.520250e-01
  4.585870e-01   3.520780e+00   2.497740e-01
  4.590580e-01   3.696920e+00   2.538120e-01
  4.595290e-01   3.496720e+00   2.506980e-01
  4.600000e-01   3.568610e+00   2.554560e-01
  4.604710e-01   3.462270e+00   2.546320e-01
  4.609420e-01   3.592570e+00   2.586030e-01
  4.614140e-01   3.804110e+00   2.659210e-01
  4.618850e-01   3.720580e+00   2.655670e-01
  4.623560e-01   3.747070e+00   2.705630e-01
  4.628270e-01   3.604930e+00   2.686090e-01
  4.632980e-01   3.554310e+00   2.683470e-01
  4.637690e-01   3.792990e+00   2.776840e-01
  4.642400e-01   3.573620e+00   2.735020e-01
  4.647110e-01   3.244190e+00   2.681400e-01
  4.651830e-01   3.222230e+00   2.666480e-01
  4.656540e-01   3.818330e+00   2.887910e-01
  4.661250e-01   3.552950e+00   2.805370e-01
  4.665960e-01   3.239030e+00   2.755500e-01
  4.670670e-01   3.603340e+00   2.887480e-01
  4.675380e-01   3.409940e+00   2.822340e-01
  4.680090e-01   3.436890e+00   2.885100e-01
  4.684800e-01   3.536800e+00   2.944590e-01
  4.689520e-01   3.274520e+00   2.892320e-01
  4.694230e-01   3.400070e+00   2.958580e-01
  4.698940e-01   3.674510e+00   3.079700e-01
  4.703650e-01   3.809750e+00   3.162460e-01
  4.708360e-01   3.579710e+00   3.118380e-01
  4.713070e-01   3.288540e+00   3.039500e-01
  4.717780e-01   3.796090e+00   3.245020e-01
  4.722490e-01   3.484470e+00   3.163110e-01
  4.727210e-01   3.746650e+00   3.316630e-01
  4.731920e-01   3.807640e+00   3.362030e-01
  4.736630e-01   3.433180e+00   3.279660e-01
  4.741340e-01   2.956690e+00   3.111760e-01
parent: /Users/admin/Dropbox/research/data/SAXS/ESRF-2016/XX35EtOH2040/ednaSub/XX35EtOH_085_sub.dat
range-from: 4
range-to: 1000
