%File
FileName=D0021192.020
FileDate=24-08-2023
FileTime=07:00:44
Type=SANSDIso
Title=Examination of structure development during extrusion of microalgae-based meat analogues by neutron scattering
User=Sägesser
ContentX=Q
ContentY=AvgFull
%Sample
SampleName=K-0
Position=112.0
Omega=0.0
Temperature=nan
Thickness=0.1000
IEEE1=509404
IEEE2=111612
IEEE3=0
IEEE5=499961
IEEE6=55.940317869526545
IEEE7=792444
IEEE8=500000
%Setup
Lambda=0.500
LambdaC=27778.812297609897
Attenuator=0
Collimation=8
SD=1.600
SY=0.01
Beamstop=3
BeamstopX=-23.847
BeamstopY=7.0
%History
TotalSum=31.0426
TotalTime=89.3740
BeamcenterX=61.70
BeamcenterY=64.53
RadialSteps=1.00
SectorWidth=180.0
MaskFile=2m.sma
Sample-BG=EC
%Counts
 4.416e-01, 2.167e+00, 4.848e-02,  0.000e+00
 5.004e-01, 1.887e+00, 1.934e-02,  0.000e+00
 5.592e-01, 1.559e+00, 1.219e-02,  0.000e+00
 6.179e-01, 1.269e+00, 8.969e-03,  0.000e+00
 6.767e-01, 1.031e+00, 7.107e-03,  0.000e+00
 7.354e-01, 8.882e-01, 6.149e-03,  0.000e+00
 7.940e-01, 7.592e-01, 5.339e-03,  0.000e+00
 8.526e-01, 6.622e-01, 4.657e-03,  0.000e+00
 9.112e-01, 5.982e-01, 4.291e-03,  0.000e+00
 9.698e-01, 5.430e-01, 3.847e-03,  0.000e+00
 1.028e+00, 5.054e-01, 3.624e-03,  0.000e+00
 1.087e+00, 4.591e-01, 3.315e-03,  0.000e+00
 1.145e+00, 4.340e-01, 3.147e-03,  0.000e+00
 1.203e+00, 4.131e-01, 2.981e-03,  0.000e+00
 1.262e+00, 3.877e-01, 2.749e-03,  0.000e+00
 1.320e+00, 3.740e-01, 2.665e-03,  0.000e+00
 1.378e+00, 3.584e-01, 2.556e-03,  0.000e+00
 1.436e+00, 3.463e-01, 2.461e-03,  0.000e+00
 1.494e+00, 3.293e-01, 2.371e-03,  0.000e+00
 1.552e+00, 3.261e-01, 2.266e-03,  0.000e+00
 1.610e+00, 3.144e-01, 2.223e-03,  0.000e+00
 1.668e+00, 3.078e-01, 2.131e-03,  0.000e+00
 1.725e+00, 3.032e-01, 2.096e-03,  0.000e+00
 1.783e+00, 2.949e-01, 2.037e-03,  0.000e+00
 1.841e+00, 2.945e-01, 1.979e-03,  0.000e+00
 1.898e+00, 2.872e-01, 1.976e-03,  0.000e+00
 1.955e+00, 2.797e-01, 1.874e-03,  0.000e+00
 2.013e+00, 2.762e-01, 1.844e-03,  0.000e+00
 2.070e+00, 2.761e-01, 1.838e-03,  0.000e+00
 2.127e+00, 2.719e-01, 1.790e-03,  0.000e+00
 2.184e+00, 2.669e-01, 1.781e-03,  0.000e+00
 2.241e+00, 2.685e-01, 1.736e-03,  0.000e+00
 2.297e+00, 2.637e-01, 1.695e-03,  0.000e+00
 2.354e+00, 2.586e-01, 1.677e-03,  0.000e+00
 2.411e+00, 2.583e-01, 1.640e-03,  0.000e+00
 2.467e+00, 2.562e-01, 1.639e-03,  0.000e+00
 2.523e+00, 2.547e-01, 1.609e-03,  0.000e+00
 2.580e+00, 2.530e-01, 1.597e-03,  0.000e+00
 2.636e+00, 2.555e-01, 1.605e-03,  0.000e+00
 2.692e+00, 2.526e-01, 1.550e-03,  0.000e+00
 2.748e+00, 2.500e-01, 1.549e-03,  0.000e+00
 2.803e+00, 2.525e-01, 1.541e-03,  0.000e+00
 2.859e+00, 2.500e-01, 1.536e-03,  0.000e+00
 2.914e+00, 2.502e-01, 1.520e-03,  0.000e+00
 2.970e+00, 2.496e-01, 1.472e-03,  0.000e+00
 3.025e+00, 2.462e-01, 1.483e-03,  0.000e+00
 3.080e+00, 2.433e-01, 1.459e-03,  0.000e+00
 3.135e+00, 2.462e-01, 1.465e-03,  0.000e+00
 3.190e+00, 2.480e-01, 1.463e-03,  0.000e+00
 3.244e+00, 2.472e-01, 1.438e-03,  0.000e+00
 3.299e+00, 2.430e-01, 1.435e-03,  0.000e+00
 3.353e+00, 2.434e-01, 1.424e-03,  0.000e+00
 3.407e+00, 2.436e-01, 1.413e-03,  0.000e+00
 3.462e+00, 2.432e-01, 1.423e-03,  0.000e+00
 3.515e+00, 2.437e-01, 1.489e-03,  0.000e+00
 3.569e+00, 2.451e-01, 1.516e-03,  0.000e+00
 3.623e+00, 2.440e-01, 1.576e-03,  0.000e+00
 3.676e+00, 2.428e-01, 1.662e-03,  0.000e+00
 3.730e+00, 2.454e-01, 1.815e-03,  0.000e+00
 3.783e+00, 2.419e-01, 1.873e-03,  0.000e+00
 3.836e+00, 2.420e-01, 1.949e-03,  0.000e+00
 3.889e+00, 2.470e-01, 2.059e-03,  0.000e+00
 3.941e+00, 2.377e-01, 2.078e-03,  0.000e+00
 3.994e+00, 2.409e-01, 2.240e-03,  0.000e+00
 4.046e+00, 2.419e-01, 2.333e-03,  0.000e+00
 4.098e+00, 2.474e-01, 2.446e-03,  0.000e+00
 4.150e+00, 2.432e-01, 2.560e-03,  0.000e+00
 4.202e+00, 2.432e-01, 2.669e-03,  0.000e+00
 4.254e+00, 2.414e-01, 2.779e-03,  0.000e+00
 4.305e+00, 2.391e-01, 3.001e-03,  0.000e+00
 4.357e+00, 2.383e-01, 3.055e-03,  0.000e+00
 4.408e+00, 2.456e-01, 3.534e-03,  0.000e+00
 4.459e+00, 2.447e-01, 3.575e-03,  0.000e+00
 4.510e+00, 2.508e-01, 3.829e-03,  0.000e+00
 4.560e+00, 2.384e-01, 4.272e-03,  0.000e+00
 4.611e+00, 2.444e-01, 4.433e-03,  0.000e+00
 4.661e+00, 2.447e-01, 5.780e-03,  0.000e+00
 4.711e+00, 2.460e-01, 5.604e-03,  0.000e+00
 4.761e+00, 2.449e-01, 7.878e-03,  0.000e+00
 4.811e+00, 2.437e-01, 7.797e-03,  0.000e+00
 4.860e+00, 2.122e-01, 1.386e-02,  0.000e+00
 4.910e+00, 2.547e-01, 1.787e-02,  0.000e+00
