%File
Type=SANSDRaw
Definition=NXsas_2_BERSANS
DataSize=16384
FileName=D0021192.001
Instrument=SANS
Source=SINQ, Paul Scherrer Institute
User=Sägesser
Title=Examination of structure development during extrusion of microalgae-based meat analogues by neutron scattering
FromDate=2023-07-17
FromTime=16:26:00
ToDate=2023-07-17
ToTime=16:26:00
%Sample
SampleName=K-0
Thickness=0.1000
Temperature=nan
XPos=0.004
XPosNull=0.0
YPos=-0.007
YPosNull=0.0
ZPos=8.995000000000001
ZPosNull=0.0
A3=0.0
A3Null=0.099
Omega=0.0
OmegaNull=0.099
SG=-79.27199999999999
SGNull=-0.002
Position=112.0
PositionSoftZero=0.0
ThetaSoftZero-0.002
IEEE6=55.940317869526545
IEEE1=509404
IEEE2=111612
IEEE3=0
IEEE5=499961
IEEE7=792444
IEEE8=500000
%Setup
LambdaC=27778.812297609897
Lambda=0.5
Collimation=8
Attenuator=0
Beamstop=3
BeamstopX=-23.847
BeamstopY=7.0
SD=1.6
SY=0.01
Beamstop=3
BeamstopX=-23.847
BeamstopY=7.0
BeamCenterX_SICS=0.0
BeamCenterY_SICS=0.0
%Counter
ProtonBeam=55.940317869526545
Moni1=509404
Moni2=111612
Moni3=0
Moni5=499961
Moni7=792444
Moni8=500000
Time=89.374
Sum=2229349
Sum/Time=24944.044
Sum/Moni1=4.3764
Sum/Moni2=19.9741
%History
Transmission=0.6257
Scaling=1.0000e+00
Attenuation=1.0000e+00
Probability=0.0000e+00
%Counts
1,1,20,49,38,33,51,39
36,18,53,37,70,79,68,58
41,51,92,69,88,78,99,69
76,83,83,94,93,107,94,118
81,123,93,104,95,106,118,100
99,85,88,86,83,109,93,93
74,106,77,93,102,92,104,121
90,92,84,76,105,81,89,92
82,74,89,103,80,103,79,77
100,74,85,80,87,81,85,76
68,101,82,72,70,102,75,70
71,72,80,77,53,97,79,72
77,65,51,62,68,58,57,56
74,55,63,52,62,48,56,59
38,69,46,39,51,46,42,43
52,69,58,81,90,32,7,2
1,19,46,63,54,66,75,77
60,57,71,62,61,87,44,69
55,58,64,59,72,84,89,76
78,72,72,71,72,90,93,104
60,106,96,73,73,91,92,95
95,72,82,89,84,104,86,107
81,100,88,98,105,104,95,100
99,103,112,98,131,112,109,95
83,90,91,107,88,103,92,101
93,111,89,100,87,87,100,91
101,104,91,101,79,98,95,93
84,90,75,90,86,71,75,75
91,96,85,102,76,87,82,76
77,75,74,90,72,76,71,89
74,103,87,78,76,77,76,68
69,71,71,71,74,63,31,3
0,58,86,104,75,83,100,101
91,90,82,96,86,92,90,97
90,84,57,84,109,95,101,95
96,114,95,96,93,110,92,122
87,117,87,142,118,78,119,116
120,108,103,99,100,142,100,103
101,113,93,110,121,121,101,118
98,122,111,114,119,114,88,110
114,118,95,133,91,127,108,109
104,120,97,111,124,125,93,108
108,146,118,122,95,106,120,120
90,101,119,108,86,111,78,104
98,132,112,114,86,93,90,99
107,104,87,117,93,87,93,90
69,99,78,82,86,90,97,89
75,101,79,87,94,94,79,53
0,68,73,94,75,73,73,86
90,67,90,101,101,84,72,85
97,75,59,90,102,92,85,123
96,100,98,95,81,107,108,126
94,134,100,116,97,83,126,95
110,107,103,115,99,92,101,118
102,119,91,127,91,97,112,133
118,112,111,103,122,118,99,127
100,130,104,148,111,126,116,96
123,113,118,130,114,114,106,91
129,125,91,130,100,121,93,109
104,95,102,102,105,101,96,109
84,107,92,128,102,96,92,93
96,100,85,76,102,98,106,77
86,104,95,102,91,96,87,95
86,96,95,88,79,85,78,95
2,73,66,86,78,76,96,81
71,76,83,79,75,116,81,100
95,104,90,93,104,93,115,100
81,91,102,92,95,104,107,112
86,115,101,96,94,101,123,85
120,121,110,103,112,107,140,125
118,131,98,123,89,110,86,113
99,133,101,111,113,130,107,94
106,115,93,129,83,123,117,96
109,119,91,133,125,107,110,111
107,113,109,116,94,94,85,121
96,110,97,111,92,101,91,118
101,98,94,118,90,94,92,96
106,91,93,95,94,84,96,97
111,93,93,82,83,77,63,95
100,82,78,81,89,68,88,114
2,62,72,85,72,80,89,96
84,73,95,71,98,90,74,95
99,81,109,91,99,70,79,86
86,104,86,98,94,122,105,104
92,125,103,104,99,78,128,110
123,100,89,117,120,103,131,118
86,110,114,104,99,122,101,104
99,119,93,104,113,114,114,117
115,118,92,110,105,127,118,115
101,118,97,118,81,113,107,104
111,126,89,141,103,111,97,101
95,84,109,112,98,117,100,99
101,98,82,100,99,93,82,98
104,86,96,100,91,95,105,89
96,93,99,78,91,86,91,94
81,93,77,99,102,81,85,113
13,70,76,92,75,64,100,91
80,102,86,89,83,91,76,118
95,96,102,83,91,91,108,96
93,123,118,101,96,113,79,130
81,111,100,121,120,91,122,108
113,117,107,131,98,118,96,127
100,151,101,105,111,105,75,115
111,129,109,92,103,131,112,107
114,133,99,115,95,170,114,127
110,105,99,134,106,114,111,128
123,109,96,115,106,113,89,125
100,105,111,102,114,105,114,117
91,121,90,114,107,115,109,101
105,103,93,107,123,98,97,95
93,117,88,105,87,89,102,90
86,88,80,93,97,89,82,137
9,77,87,93,93,91,103,100
76,88,100,89,106,81,85,82
94,91,122,96,94,101,108,98
99,120,88,99,93,100,100,91
84,118,108,119,130,103,118,101
116,135,88,145,120,104,102,135
126,149,113,105,102,125,110,114
104,110,108,110,97,119,123,110
93,119,106,162,84,117,106,114
116,117,123,101,102,119,107,106
122,118,102,117,119,120,114,111
113,105,94,102,111,116,104,104
113,114,108,127,89,120,89,93
104,104,97,109,114,98,112,85
84,93,91,102,100,103,90,104
79,91,100,90,122,87,80,125
9,89,76,77,92,80,97,109
83,81,97,82,88,89,81,98
105,93,100,103,99,100,104,116
114,105,111,106,90,119,87,102
91,123,117,115,103,89,118,119
109,115,133,115,107,101,123,98
99,129,101,90,116,133,130,121
122,106,87,112,115,125,102,134
105,117,111,138,118,145,105,125
135,122,97,129,99,108,124,107
111,145,112,126,102,113,85,123
119,103,112,112,103,121,103,119
115,131,123,115,87,117,107,80
108,85,103,103,113,94,112,89
71,111,89,78,99,103,93,92
103,111,73,93,107,90,84,119
12,78,83,98,101,83,89,101
98,76,84,80,116,103,71,113
101,99,106,104,95,110,106,110
115,104,116,103,98,104,109,112
91,136,100,147,100,86,129,107
106,113,96,111,117,92,94,118
108,114,113,113,110,125,118,113
114,126,110,115,108,126,114,122
113,123,107,131,104,131,124,105
115,115,101,140,90,117,119,122
93,135,88,116,97,102,109,114
87,110,96,108,86,144,93,102
121,113,105,99,90,95,98,90
99,102,98,91,112,96,100,94
75,107,95,94,92,95,77,90
95,101,90,93,105,88,81,107
20,85,110,94,74,76,95,88
80,79,103,84,93,101,91,95
82,115,104,96,113,100,101,110
98,94,90,109,88,125,101,121
92,108,100,117,95,93,139,114
126,122,106,125,112,102,114,131
113,138,119,100,130,107,117,127
111,123,115,97,118,112,118,117
111,118,101,132,113,138,112,97
120,108,125,111,120,120,119,110
108,138,97,131,92,128,109,127
103,90,100,110,98,149,114,118
109,113,108,126,84,107,98,107
106,107,119,110,105,99,99,114
109,124,97,93,87,87,116,90
89,106,81,89,95,85,102,120
25,83,105,96,90,79,102,95
98,87,98,104,89,101,100,90
117,105,113,104,96,111,128,110
118,99,114,119,93,138,115,118
103,128,118,124,107,112,137,112
129,136,104,145,103,121,99,131
96,123,113,126,135,139,106,141
124,124,129,117,119,130,127,109
137,113,114,144,106,146,134,127
130,120,111,140,100,102,120,127
108,135,87,126,114,139,108,136
88,110,126,129,97,114,114,125
104,118,110,112,97,115,128,101
95,113,101,82,108,102,95,89
116,91,107,82,85,98,88,103
81,115,90,80,130,103,94,126
30,75,71,95,73,102,101,93
86,93,99,103,91,95,79,92
98,90,102,98,107,118,116,95
89,112,91,103,109,114,106,108
107,120,103,126,79,107,111,98
126,135,105,131,117,91,124,125
112,118,118,124,105,124,98,108
114,135,128,123,121,120,117,130
121,105,116,151,112,118,111,110
115,100,104,135,101,119,115,101
128,134,93,104,90,115,75,155
100,96,108,114,113,113,127,91
104,106,86,117,109,94,106,99
90,90,90,95,94,104,102,99
94,115,86,79,107,104,74,70
94,105,81,72,98,84,92,121
35,83,91,104,77,93,93,97
107,89,96,95,80,121,104,98
95,128,95,83,92,114,121,121
80,138,103,119,106,121,99,102
103,110,108,127,97,95,111,97
117,135,99,129,104,119,115,131
120,131,89,105,106,130,111,103
111,113,110,116,113,122,99,121
121,134,106,142,103,160,118,109
125,111,103,125,119,105,111,110
113,138,96,134,101,106,101,117
102,99,103,116,105,110,119,98
103,114,76,120,110,102,88,119
110,102,96,93,80,99,112,93
90,115,100,86,81,88,83,81
82,98,77,78,131,89,89,121
45,85,83,101,77,80,106,110
101,95,97,82,96,108,84,120
107,101,113,80,104,99,125,123
94,120,97,118,106,106,101,110
128,99,128,132,125,97,124,109
123,139,104,125,110,106,120,133
100,135,124,106,124,132,143,139
116,114,130,108,99,127,100,133
124,117,118,130,113,125,121,99
118,140,136,145,84,139,106,108
92,149,96,125,95,152,92,125
102,104,97,122,83,133,108,92
103,125,73,133,108,113,95,117
90,92,116,103,113,114,103,98
108,120,95,98,113,113,93,95
89,98,74,91,114,108,100,107
36,82,98,97,91,97,108,104
93,102,117,114,88,110,96,116
94,119,123,102,129,100,106,120
87,134,120,121,106,122,115,115
102,125,117,107,113,119,122,99
108,120,111,130,117,114,103,141
119,117,116,138,117,141,115,118
129,120,130,130,118,114,116,115
133,117,108,133,109,141,108,114
140,130,121,126,126,92,101,121
114,109,125,129,94,116,111,135
112,135,104,128,92,125,101,115
106,124,93,139,79,116,110,122
122,113,93,119,92,88,113,109
89,111,83,116,98,88,105,103
86,114,93,77,134,92,98,153
60,86,80,100,74,74,96,116
84,86,102,93,103,115,83,98
95,111,109,97,105,102,102,115
92,100,102,131,102,119,110,121
115,105,116,117,94,110,108,132
125,129,107,119,122,101,122,131
106,115,118,99,122,112,127,123
132,118,130,116,122,123,108,143
123,119,103,129,116,150,120,120
119,118,140,107,116,100,125,113
85,152,86,102,115,119,88,126
116,130,117,140,99,107,124,101
123,106,105,131,98,100,103,87
95,126,108,99,99,83,116,93
96,129,96,85,77,89,111,96
87,99,72,81,107,93,77,143
49,114,127,112,85,125,111,118
108,99,136,98,124,124,116,111
124,128,106,118,125,138,128,119
126,142,113,139,132,143,103,123
127,135,138,126,123,120,119,141
138,144,123,148,131,121,134,137
141,127,123,128,152,144,140,149
146,124,141,126,153,115,127,133
143,135,139,126,131,148,129,106
122,122,109,157,141,127,132,130
126,126,116,165,110,159,108,144
131,138,131,152,102,136,144,123
134,153,113,132,130,130,120,117
118,128,131,110,112,121,96,131
122,122,119,90,82,117,122,108
123,135,102,107,145,115,96,153
46,80,96,94,97,86,94,109
99,91,108,88,91,100,87,104
100,89,91,90,104,102,101,87
95,126,73,117,90,106,103,106
91,93,111,122,89,101,100,114
116,143,111,110,101,108,124,108
131,131,114,119,121,115,116,115
135,118,140,126,115,131,151,138
140,118,121,134,90,130,114,112
114,136,120,145,124,105,121,110
112,150,104,103,114,123,103,138
105,91,117,114,101,130,119,81
120,126,94,122,103,101,114,104
112,95,95,118,99,103,91,98
74,95,81,95,74,108,100,110
83,106,75,80,112,85,79,110
54,95,97,118,96,101,125,103
99,83,121,91,111,121,108,84
109,115,126,101,120,122,106,123
112,116,94,130,103,120,95,126
124,111,122,112,117,94,141,118
141,138,115,121,124,117,108,130
117,130,148,120,118,122,104,126
145,131,130,133,138,127,113,138
139,140,127,150,119,144,114,121
120,108,125,118,112,118,123,106
124,152,117,141,113,110,108,136
104,118,123,119,120,120,120,92
109,116,105,138,117,114,100,106
93,110,94,114,110,105,103,105
96,115,99,107,84,106,109,97
83,108,85,100,133,95,105,135
56,89,103,116,95,98,100,111
96,89,123,95,114,129,104,116
88,127,98,115,111,124,101,122
112,113,103,129,105,129,122,120
128,127,99,138,115,106,148,122
133,128,98,127,106,128,120,132
133,142,131,127,154,133,129,129
122,124,141,124,117,137,135,118
125,146,134,149,127,164,130,125
131,140,128,140,125,103,123,114
121,126,108,124,112,148,120,125
128,123,108,135,86,157,121,114
124,137,97,143,111,104,96,90
123,121,114,125,114,122,106,85
95,96,91,95,91,113,101,95
104,115,81,80,134,83,101,120
65,95,87,84,99,97,100,112
110,88,112,87,103,125,101,107
130,115,125,116,99,92,92,109
114,119,104,128,107,122,115,96
93,125,136,116,104,126,118,118
141,146,99,139,128,112,119,146
120,144,126,133,131,132,145,126
140,120,109,140,137,118,149,125
118,114,123,111,97,149,116,103
133,118,106,127,109,109,132,106
111,129,104,122,100,134,118,141
126,117,102,99,89,132,128,117
123,138,107,125,85,101,116,118
113,113,89,120,106,107,88,80
106,111,116,111,106,87,118,86
97,111,86,81,125,108,103,141
65,86,111,99,87,105,113,95
109,88,105,87,85,126,96,112
84,117,118,103,112,114,118,123
107,109,103,118,123,137,104,142
111,108,130,133,113,124,126,107
123,98,124,155,142,120,126,129
94,129,142,116,149,123,141,123
141,133,114,117,144,142,122,137
149,145,133,132,122,138,139,113
126,123,135,128,139,133,126,117
140,153,98,119,124,123,99,132
115,120,115,108,105,121,122,100
131,143,95,130,97,117,108,101
110,111,110,106,117,102,100,117
113,118,82,110,100,96,100,102
72,100,98,93,136,90,105,127
68,91,114,118,112,117,120,110
108,102,115,92,106,123,102,115
112,122,117,128,116,129,114,104
132,128,114,106,116,131,114,125
130,145,137,133,119,123,126,130
121,138,122,139,117,116,138,161
138,134,141,133,131,137,115,123
161,116,151,127,129,142,142,135
164,116,115,143,133,143,151,127
136,135,118,150,126,130,141,132
112,157,116,128,121,130,123,128
121,124,118,136,112,138,136,104
116,133,95,142,119,114,119,110
115,109,120,100,108,108,119,128
113,94,113,125,100,105,90,99
106,114,94,90,129,109,98,143
38,88,112,99,77,105,99,123
104,104,92,83,106,120,85,99
102,114,128,112,100,99,126,110
94,125,101,118,110,110,125,121
122,113,110,136,107,129,120,112
117,145,113,150,123,108,130,153
116,154,121,139,133,134,132,130
117,118,139,111,154,122,117,123
133,119,139,130,120,131,145,129
128,134,116,156,133,129,126,107
115,132,117,132,109,101,108,134
115,84,114,143,109,116,116,112
122,120,108,130,119,112,111,116
100,107,102,107,112,104,105,115
101,117,95,93,91,106,119,112
89,120,92,83,159,93,95,128
69,89,124,74,88,102,114,124
110,105,132,109,111,118,107,105
106,123,118,103,131,111,124,101
129,122,92,134,124,114,130,115
125,123,108,146,123,125,131,126
136,123,118,141,111,110,135,145
136,142,120,135,143,131,124,135
147,141,146,134,170,120,119,149
140,155,130,121,145,163,158,117
130,128,135,139,114,128,119,135
125,147,119,144,141,136,118,135
125,114,119,136,94,130,115,107
115,138,107,133,126,123,92,112
103,135,106,125,137,97,118,122
98,131,107,89,106,103,98,106
84,124,97,111,133,111,97,132
51,102,98,104,89,99,96,103
100,94,77,90,98,102,86,117
112,115,120,120,109,107,123,127
87,116,101,128,106,131,109,132
119,112,144,120,124,117,142,120
115,134,129,122,137,112,137,141
124,139,117,122,126,129,130,126
148,163,138,149,151,123,129,134
134,140,135,142,126,119,129,117
117,142,129,162,115,120,149,120
125,131,102,162,120,122,115,140
134,119,113,139,121,122,126,112
110,130,101,131,125,103,110,113
112,116,121,129,105,116,101,99
110,98,110,109,101,96,110,100
96,121,107,81,124,120,95,153
71,89,97,91,115,121,97,111
107,109,96,127,108,100,76,103
110,98,121,94,115,113,117,127
103,128,128,130,119,120,116,129
143,146,133,142,112,133,143,133
134,130,120,137,153,110,122,147
115,176,116,143,158,148,137,139
146,136,139,126,149,144,121,130
154,156,128,126,123,147,140,129
127,157,135,133,131,147,159,147
145,143,142,145,127,120,121,130
113,133,131,123,124,123,132,118
124,122,109,129,106,128,99,132
111,101,103,115,114,120,110,118
105,126,101,103,109,92,114,125
79,106,87,98,133,106,107,150
59,101,113,87,115,101,116,101
98,99,102,97,120,117,89,116
119,129,124,122,119,117,130,129
104,114,118,118,98,126,124,151
112,109,139,115,108,141,140,98
134,129,127,134,126,126,136,165
145,145,129,139,150,131,150,128
157,162,152,139,174,129,149,141
141,137,131,171,133,169,138,123
131,137,147,139,143,131,125,143
107,140,105,160,117,159,123,130
113,124,128,151,111,130,114,127
113,130,89,117,125,115,126,115
115,109,113,123,109,115,104,88
112,112,89,89,103,104,97,103
96,112,90,105,129,110,97,149
46,92,98,109,94,109,110,106
105,118,101,119,104,132,99,130
111,109,143,109,108,116,124,114
107,136,120,119,124,123,121,118
127,131,135,138,139,114,127,113
127,144,136,141,122,122,128,138
139,146,127,157,146,160,141,156
147,154,156,133,156,154,153,137
147,141,137,144,130,150,120,124
136,149,109,131,135,121,145,129
147,159,128,159,126,143,131,160
113,129,122,114,131,160,123,122
126,140,95,144,122,127,103,114
117,117,104,112,125,95,109,123
91,107,103,101,114,106,83,89
109,112,96,101,121,116,109,116
60,78,91,116,85,85,94,116
102,91,118,109,107,120,101,83
115,110,100,98,127,102,92,136
116,112,101,163,129,147,131,116
122,133,143,133,99,128,120,130
142,134,133,142,120,124,154,167
123,145,117,137,125,151,150,149
146,151,127,131,156,142,127,164
165,135,123,173,141,153,149,118
137,148,130,146,138,127,136,143
133,155,113,125,143,146,116,140
118,123,114,149,140,135,133,103
148,141,95,130,121,118,132,113
116,119,115,108,117,85,140,89
91,118,97,129,108,127,88,115
92,121,91,83,135,111,97,137
58,81,93,121,117,116,98,108
97,102,98,100,126,113,82,94
100,117,127,102,113,104,99,112
120,117,106,135,106,100,119,135
123,107,117,92,110,103,128,119
131,124,162,133,131,134,151,132
127,129,126,128,139,143,133,139
147,121,142,142,146,129,126,156
127,120,155,157,136,155,151,137
136,122,125,147,118,133,137,133
126,162,124,135,129,122,110,122
130,121,118,135,117,135,98,104
102,119,105,121,100,115,101,104
114,128,123,128,116,101,102,100
98,117,86,91,104,74,113,91
65,115,92,103,114,107,103,138
62,104,115,87,103,86,119,101
97,90,114,91,134,99,101,109
94,118,113,100,110,99,113,122
110,133,130,126,108,131,130,107
111,132,126,145,121,131,123,125
138,125,137,145,129,134,109,158
131,174,139,135,144,141,132,135
141,147,140,153,132,163,144,139
146,168,148,178,129,165,144,120
143,150,147,160,152,123,147,147
134,165,126,124,125,128,115,144
126,114,134,125,109,134,108,117
115,128,80,139,120,127,112,106
121,112,114,97,110,107,129,110
102,112,111,79,96,121,111,106
101,115,106,98,114,97,82,128
61,121,112,118,116,147,115,126
101,98,95,118,120,113,132,116
131,114,125,114,116,132,127,135
123,140,127,132,116,148,121,135
108,129,163,162,136,128,160,134
167,144,141,144,146,136,159,162
116,153,148,141,166,159,155,172
141,148,167,181,159,151,144,161
158,165,144,165,147,150,145,142
127,173,151,187,142,147,153,162
155,172,118,154,118,141,132,131
137,122,124,134,115,154,123,116
127,131,115,152,122,119,119,139
139,130,140,125,125,134,130,96
125,138,115,116,118,104,115,98
103,148,84,90,138,129,100,142
45,103,106,104,81,102,120,98
102,93,102,98,92,121,93,106
122,111,117,100,96,114,120,132
113,124,109,133,112,138,122,119
93,128,139,138,131,124,151,128
154,118,144,143,160,131,140,134
126,153,117,148,151,152,150,155
140,153,133,149,183,150,129,163
170,130,137,165,124,148,151,132
130,126,139,121,130,133,154,117
133,147,115,148,127,129,97,147
113,144,112,130,106,133,117,115
128,115,114,144,105,115,116,93
99,118,102,114,111,99,97,102
106,100,129,112,103,78,107,126
105,117,94,102,123,101,101,115
58,103,105,112,104,93,122,102
89,88,127,121,111,117,108,117
109,114,130,110,134,109,115,134
131,128,122,124,123,117,147,121
131,119,142,140,127,150,149,133
143,128,125,147,141,144,147,140
124,167,143,128,139,176,160,152
140,147,167,172,177,172,137,160
165,175,143,186,158,167,140,136
143,155,144,153,169,134,150,126
123,158,132,171,133,128,124,147
144,106,123,164,133,148,133,112
118,119,117,140,122,113,119,112
112,110,113,104,118,131,118,126
111,109,120,112,117,109,89,112
108,139,90,97,139,106,100,127
61,102,115,107,91,99,126,115
97,88,110,89,99,109,92,115
117,107,149,113,123,128,126,107
111,116,135,140,129,130,107,124
110,140,132,142,107,128,133,134
115,152,125,167,138,130,141,153
144,188,140,134,144,144,175,151
172,170,140,171,181,158,137,184
181,163,147,166,131,183,135,141
148,136,138,149,172,150,130,124
131,166,122,168,131,159,136,138
119,115,155,166,92,121,133,127
112,141,129,144,109,109,111,113
126,116,108,105,141,117,103,108
105,138,107,121,88,131,114,124
88,117,94,91,132,95,103,129
46,107,106,100,110,97,109,108
103,88,100,91,103,116,97,112
112,114,99,112,123,129,124,135
130,126,114,125,140,130,145,144
105,129,139,145,121,135,153,148
194,143,132,143,182,154,161,159
143,160,142,167,145,173,146,183
146,168,159,170,150,159,175,191
168,157,147,171,151,178,135,147
152,151,157,178,123,154,155,161
149,176,120,153,113,137,136,166
116,129,134,157,126,141,117,114
120,130,131,161,121,136,132,115
111,111,102,105,112,120,140,102
107,121,111,105,123,121,110,108
117,131,101,104,121,88,122,142
55,89,106,114,95,103,107,112
111,111,104,98,114,112,107,121
111,135,115,112,136,112,98,119
102,117,124,129,127,133,144,132
125,134,115,155,126,149,132,154
133,147,150,141,148,148,161,163
136,161,153,176,150,156,147,198
157,137,152,157,154,175,154,189
171,170,150,179,140,175,152,154
157,140,168,177,136,149,147,158
124,183,127,149,130,140,131,169
98,125,119,136,125,130,141,123
110,118,88,160,106,109,105,112
122,112,104,100,125,110,103,127
108,108,88,106,104,106,104,84
93,118,88,93,119,90,76,140
39,92,87,115,108,119,104,114
92,123,117,108,107,129,99,104
117,119,117,139,113,136,119,130
106,130,114,150,125,133,125,151
120,143,144,139,128,134,177,119
144,140,124,160,155,131,181,148
144,190,148,164,168,177,155,193
173,173,188,183,202,157,193,180
183,170,156,210,145,185,164,166
151,184,166,194,154,161,156,138
155,162,129,163,151,170,124,143
126,130,119,142,112,146,123,140
145,130,130,156,123,112,125,127
116,120,110,121,113,118,102,97
131,127,102,112,106,115,97,120
107,104,95,100,126,105,124,140
63,91,89,109,99,111,123,117
101,115,127,115,110,125,101,121
103,134,127,114,141,119,109,124
88,113,118,157,136,122,110,142
129,130,151,150,125,129,150,126
167,154,147,169,157,145,161,164
138,177,149,157,172,158,176,186
170,183,183,177,184,187,207,184
183,168,173,189,165,192,188,165
151,174,169,161,142,152,170,151
135,204,134,144,131,152,110,166
141,140,138,161,109,140,136,122
136,137,115,155,121,135,119,113
129,144,136,112,148,117,115,124
99,117,120,115,102,115,105,126
103,117,107,104,118,99,99,149
51,87,97,111,96,101,103,108
100,113,129,101,88,130,111,118
126,118,123,121,100,105,110,117
135,112,122,151,129,135,123,151
111,148,171,145,130,142,162,154
173,142,156,161,147,179,188,175
174,185,156,163,179,170,162,179
191,158,177,176,165,159,193,203
171,183,172,193,150,212,156,163
200,182,183,192,177,172,172,173
160,181,149,162,149,154,138,155
131,118,127,165,134,133,149,119
133,138,102,124,122,138,117,115
115,129,118,136,128,122,132,113
114,116,102,101,125,118,129,125
99,116,93,101,130,122,91,138
52,99,110,107,107,98,117,121
93,127,116,108,119,113,97,133
107,111,124,116,124,122,129,123
110,128,133,123,130,151,135,129
122,146,165,133,144,148,151,146
184,158,167,152,159,155,140,183
178,196,165,177,154,220,199,187
166,203,196,214,177,207,192,218
158,180,187,206,168,183,187,181
184,172,142,159,164,175,155,174
148,175,152,146,140,163,129,153
147,138,147,153,129,140,131,118
127,136,101,147,123,123,122,141
130,120,106,137,126,123,122,92
113,159,96,126,113,91,103,123
103,132,81,89,154,119,116,147
62,101,79,105,94,91,101,113
115,114,130,107,111,112,102,111
113,115,119,119,129,116,120,120
119,132,149,135,124,136,135,149
129,167,156,142,136,145,157,157
153,145,157,165,166,142,194,170
140,198,165,195,173,197,194,196
170,208,195,190,212,231,226,187
182,179,188,232,173,206,168,180
169,167,161,181,166,162,166,139
147,179,143,159,151,125,142,151
148,150,129,142,130,111,130,127
122,120,95,133,114,118,115,139
136,146,92,124,114,125,115,103
98,129,99,107,104,95,111,123
85,92,97,96,118,110,96,124
62,113,101,129,120,119,106,107
108,112,124,124,111,117,119,100
128,122,131,117,134,116,129,150
143,133,101,139,131,145,141,150
126,147,156,140,124,137,165,137
180,153,161,174,157,160,192,186
197,214,165,190,200,225,212,216
231,202,233,191,247,234,216,233
235,208,192,213,194,218,181,184
213,207,159,220,168,182,179,146
153,195,126,170,141,179,152,162
140,100,138,153,113,147,143,131
133,151,114,150,123,138,115,134
129,128,105,132,116,118,128,99
127,124,115,106,99,144,101,130
106,130,97,111,121,103,121,153
63,106,104,83,91,121,111,116
98,82,126,112,114,114,107,96
122,122,100,116,122,125,120,113
98,129,144,110,143,135,125,155
123,149,124,173,126,141,159,160
137,142,153,176,188,151,175,187
161,201,167,180,195,191,192,202
203,223,199,191,211,206,217,233
177,232,208,219,189,214,203,208
196,190,187,205,182,178,168,158
159,180,132,158,143,155,131,148
128,128,114,152,123,124,113,123
135,123,97,124,124,114,135,102
117,130,114,100,103,103,120,93
114,128,97,109,96,96,101,90
81,119,79,94,129,115,107,167
53,113,107,105,103,90,104,102
98,86,109,90,106,136,112,126
104,112,116,116,129,111,105,130
125,136,135,129,128,137,117,130
120,163,151,152,138,133,162,151
187,147,161,181,162,179,203,202
161,187,179,189,199,222,225,234
202,201,228,241,234,235,220,232
252,210,214,228,194,210,184,176
184,202,182,218,186,158,179,146
166,169,134,164,149,171,146,153
131,131,138,127,128,138,136,108
143,139,111,141,109,131,123,118
111,114,115,130,105,107,114,100
93,115,114,112,107,104,110,83
103,113,88,114,122,122,105,142
41,100,107,97,98,106,91,109
93,100,115,107,97,133,111,99
124,138,138,107,123,109,124,135
143,138,109,117,115,109,134,147
125,136,175,144,117,138,136,143
178,149,145,172,170,145,163,183
189,216,186,190,217,227,216,237
259,218,233,239,260,247,247,252
278,206,220,258,212,254,201,217
195,218,197,228,154,195,177,168
164,188,131,171,153,163,136,142
148,153,132,146,136,129,156,135
122,158,104,134,119,113,118,123
113,108,126,158,111,119,99,121
98,132,87,96,103,116,107,85
81,122,92,84,123,117,93,173
52,112,128,102,95,99,98,113
105,120,100,89,103,139,110,121
127,122,88,106,129,124,118,129
138,137,132,150,121,145,134,159
126,162,149,158,166,156,162,178
174,169,158,157,179,163,196,191
209,226,220,212,266,242,232,265
244,276,279,249,275,266,253,317
278,271,245,282,247,232,250,239
226,203,202,207,173,201,206,182
147,192,167,174,155,174,143,167
130,147,140,154,124,150,132,146
135,131,131,138,124,130,110,136
143,121,109,128,107,120,121,109
108,138,119,96,112,109,102,118
139,108,83,89,129,115,111,151
50,110,124,113,128,117,117,133
116,110,121,103,103,143,119,101
134,113,125,125,139,117,130,132
126,146,131,150,121,149,145,161
138,153,173,174,154,166,167,158
176,207,173,214,209,192,216,216
227,291,231,242,241,290,291,294
313,330,283,314,312,330,297,295
315,289,290,317,248,293,286,255
230,257,237,253,191,217,206,165
176,229,170,182,159,181,138,168
165,162,170,178,153,142,149,133
142,179,133,148,140,133,116,129
126,156,116,138,137,126,125,117
140,138,130,125,122,115,107,95
94,112,121,133,147,119,111,149
66,101,94,106,100,104,99,114
104,110,116,95,105,101,89,123
116,106,112,117,110,111,134,138
116,128,116,147,116,140,154,137
119,137,156,148,157,151,165,160
162,166,171,199,211,174,195,198
197,222,218,244,264,272,261,285
294,312,328,317,347,371,323,341
306,318,287,325,264,316,231,245
217,239,207,229,172,200,207,182
169,184,143,176,177,160,157,166
143,154,157,134,88,129,137,121
134,137,114,138,109,124,111,117
110,112,120,98,108,121,120,105
111,118,95,99,114,122,86,120
99,103,83,95,115,108,88,126
63,110,103,109,113,109,118,101
94,102,118,110,110,138,136,103
118,112,131,124,150,110,116,145
137,147,124,136,123,154,143,152
134,169,148,163,154,147,186,181
185,178,185,205,171,181,226,229
232,277,238,249,281,318,309,326
328,332,333,338,338,366,357,395
374,353,335,374,256,331,301,279
261,249,222,242,213,202,212,206
204,213,149,195,170,180,133,181
146,154,155,148,137,147,151,116
122,151,139,146,111,127,143,122
138,125,128,153,126,117,130,115
105,118,99,109,96,98,112,119
97,113,90,82,127,97,118,143
63,94,91,110,102,104,109,108
110,103,118,96,125,98,100,109
120,120,93,112,131,121,116,138
143,140,120,154,157,167,145,140
122,163,154,165,142,160,165,172
176,171,195,175,203,200,232,235
211,280,240,257,294,343,310,367
394,376,421,436,464,426,440,439
402,430,379,408,355,344,289,293
290,268,243,263,220,186,213,162
188,181,157,175,152,181,132,184
130,166,125,147,130,147,142,143
120,136,107,137,138,112,111,121
123,138,140,124,115,119,114,123
110,123,102,120,114,114,109,129
107,132,107,113,139,114,97,142
66,113,121,100,102,115,114,120
93,90,121,122,120,136,110,122
122,117,132,116,117,117,116,142
116,155,141,128,128,153,125,148
153,159,171,163,135,176,163,172
181,188,192,210,214,180,232,257
249,286,263,285,362,348,370,435
426,467,492,484,498,528,513,524
490,434,421,458,385,388,343,309
266,250,260,302,223,203,228,209
175,237,157,195,164,182,163,175
136,165,150,160,135,162,140,112
122,146,123,145,138,133,119,124
137,112,109,108,136,108,132,125
109,108,116,128,96,118,110,117
96,133,104,96,144,124,114,165
53,91,91,119,108,101,113,95
117,97,121,123,118,145,93,105
127,115,115,130,121,135,111,140
136,149,139,126,134,155,168,133
139,151,148,175,171,155,179,153
206,181,204,225,221,219,207,250
275,324,260,336,343,389,395,487
485,539,562,532,606,612,589,619
562,544,508,562,406,487,398,373
322,300,298,293,243,222,202,193
202,203,182,207,155,179,171,187
141,154,134,160,160,161,123,132
154,141,134,143,131,143,118,135
117,114,122,101,131,131,132,111
113,112,107,112,120,123,101,89
93,131,100,114,155,98,109,134
59,109,99,93,105,126,124,128
127,102,125,114,104,125,100,106
113,115,122,123,140,113,103,120
104,116,136,129,131,140,157,153
146,152,166,166,127,161,188,181
199,187,182,199,227,201,233,284
239,313,288,345,421,462,471,522
567,598,654,671,745,796,705,780
658,612,613,632,486,474,384,359
326,372,300,269,231,223,270,176
215,218,200,181,168,166,154,183
141,149,163,149,116,169,129,129
122,159,108,138,145,145,153,121
124,109,127,127,131,135,137,118
121,112,104,142,113,118,109,115
104,116,99,92,134,131,104,136
66,101,101,93,107,88,104,124
124,110,86,103,110,118,105,123
124,118,99,134,118,125,125,128
132,139,120,145,121,153,145,141
158,170,152,164,160,173,204,154
219,215,191,231,200,234,236,292
265,385,292,382,429,500,475,601
689,736,816,808,884,909,841,911
830,781,704,710,522,534,455,372
345,323,300,293,247,224,240,192
191,212,178,201,180,171,152,184
171,148,134,187,140,156,165,158
161,143,152,151,118,138,109,124
122,114,116,114,125,128,102,110
117,107,114,124,99,107,114,107
82,117,104,97,146,110,98,142
62,95,89,113,129,124,103,113
116,91,99,109,120,119,125,114
127,126,119,116,113,122,136,137
126,151,126,129,119,151,166,121
128,157,164,144,137,160,182,187
203,198,222,230,214,236,273,291
282,390,347,402,537,616,500,549
543,659,697,828,844,930,881,907
799,736,658,694,492,523,518,443
439,362,300,346,270,250,271,224
211,249,173,206,174,214,160,162
154,145,145,152,139,172,142,131
145,149,108,128,149,132,137,125
127,121,105,147,121,140,128,111
102,127,111,113,105,120,114,111
102,141,103,94,146,134,107,145
63,104,109,119,117,102,104,127
102,119,126,122,113,118,109,113
104,125,111,129,145,120,131,128
126,135,125,133,136,138,144,146
137,181,153,165,154,173,196,185
201,202,195,256,247,247,264,296
302,399,372,451,524,642,340,27
53,53,44,63,84,75,81,70
76,72,65,82,52,162,481,484
448,407,325,338,276,259,284,211
201,229,176,172,183,218,138,182
153,148,167,152,136,150,147,133
134,166,145,160,123,128,116,140
126,109,116,115,132,126,124,123
83,131,116,121,96,118,98,99
98,103,83,91,147,118,99,153
67,98,113,123,105,111,113,122
102,89,105,102,106,108,117,113
135,100,102,133,130,120,125,126
132,118,141,125,146,159,124,171
128,160,147,160,152,154,184,175
218,201,192,234,252,219,280,323
339,418,407,503,577,686,397,17
6,14,9,11,4,6,7,17
6,14,5,7,12,131,618,586
459,423,366,349,293,269,274,221
211,276,185,200,172,183,151,151
182,167,163,165,142,188,154,147
124,149,114,151,135,122,138,118
144,124,93,152,128,121,137,123
115,121,106,100,95,113,107,101
90,109,86,88,137,122,99,166
73,115,124,114,114,105,120,108
100,131,104,97,102,142,89,109
128,122,129,121,125,150,145,162
117,148,133,143,141,154,146,149
152,176,199,163,167,174,203,190
214,210,220,258,257,273,314,358
329,454,459,582,670,861,443,17
4,11,12,9,10,14,8,10
11,4,7,16,11,178,693,622
512,448,369,380,289,286,267,259
247,244,189,196,181,211,186,170
194,185,155,171,137,157,163,162
134,179,122,143,150,168,139,134
125,109,127,140,107,125,131,111
104,127,101,113,110,112,103,96
100,145,111,78,153,112,103,146
54,97,101,106,114,108,96,91
88,96,94,108,99,118,102,117
127,100,109,118,114,138,129,124
110,121,115,132,111,155,127,155
144,188,158,156,163,164,198,184
220,195,194,259,232,244,272,296
336,440,426,525,754,895,472,18
8,9,5,9,11,3,6,9
9,7,11,11,6,219,769,601
543,526,388,396,316,259,276,254
252,237,205,208,198,186,160,164
157,146,141,165,165,158,147,133
128,144,119,145,155,131,135,114
124,124,133,154,137,116,110,122
106,126,133,118,106,95,119,115
103,124,93,100,114,114,99,164
60,107,106,100,118,126,119,129
104,121,101,138,118,141,107,125
118,118,117,129,124,150,121,146
129,137,135,143,144,164,149,143
176,174,171,188,194,187,188,183
213,196,212,258,273,246,327,358
363,541,507,636,798,950,564,8
9,8,12,10,5,8,11,17
14,9,11,11,9,225,817,677
553,513,422,393,328,305,299,236
229,251,183,214,172,201,181,182
159,167,167,149,143,156,176,119
147,156,143,159,135,154,119,134
137,145,120,121,118,102,117,120
106,111,97,118,111,113,115,123
94,130,92,86,118,120,92,172
48,101,114,102,109,104,107,117
78,107,100,100,131,114,101,120
118,122,122,123,138,104,145,131
125,137,123,138,124,159,154,157
133,191,203,180,148,159,198,194
239,206,205,240,268,278,324,330
336,467,522,651,800,989,513,16
6,7,6,4,3,9,13,7
11,14,12,8,9,234,789,701
577,494,423,436,295,304,277,249
229,234,172,201,205,194,163,163
155,145,146,172,143,143,142,121
141,144,145,133,132,111,135,124
111,114,127,145,121,109,108,117
109,131,129,131,107,97,108,98
67,118,94,87,125,118,86,134
74,99,103,116,118,129,101,111
119,103,129,125,126,123,101,125
133,148,126,121,113,136,148,155
132,151,151,154,156,151,170,173
127,177,167,167,130,193,187,206
223,197,242,267,244,278,321,399
362,556,483,691,849,1044,659,15
13,5,11,9,13,16,3,7
7,7,12,7,14,293,973,776
661,530,455,438,332,292,316,281
246,285,208,250,215,214,190,186
161,169,164,190,144,144,122,161
159,187,131,162,156,126,132,128
120,153,128,132,106,123,129,136
116,138,118,119,132,97,108,124
90,111,95,85,131,117,121,151
64,84,124,117,120,138,118,112
101,104,111,123,109,103,101,110
121,132,116,121,139,134,114,146
142,146,161,169,139,161,141,158
150,146,180,178,168,171,185,185
206,241,220,254,260,263,316,351
360,489,509,673,825,981,599,14
9,3,8,6,8,8,6,3
3,4,11,15,6,324,881,769
605,521,441,402,320,265,286,244
231,238,162,215,157,196,167,197
146,179,155,154,142,179,142,143
138,141,146,149,128,136,143,130
134,124,99,135,128,119,131,125
89,129,112,117,123,106,91,103
107,100,107,103,130,131,114,146
54,104,106,114,103,132,129,93
118,93,94,122,107,128,113,113
118,129,127,119,104,116,133,143
118,131,138,135,114,128,149,135
138,142,176,162,169,161,196,178
214,194,227,243,274,238,309,332
376,517,453,633,767,1057,538,18
8,9,7,2,5,5,8,4
4,6,7,11,5,324,886,802
583,511,392,421,340,298,282,268
224,250,196,211,190,189,180,173
169,162,161,151,165,165,152,137
137,134,112,131,122,133,133,106
136,139,119,135,122,113,137,105
104,129,100,117,105,114,122,109
94,137,95,107,124,131,105,154
64,119,97,114,119,118,116,114
132,120,105,110,114,134,110,133
137,131,118,122,132,137,117,124
124,127,140,146,153,153,142,152
146,178,151,158,170,197,195,194
222,235,243,236,257,254,324,349
362,503,455,602,775,985,523,21
12,9,8,5,7,9,4,8
4,7,6,10,11,371,982,752
593,574,456,460,329,286,295,262
265,277,193,218,169,202,161,188
172,159,165,161,140,187,136,140
127,134,143,169,138,129,124,131
144,141,134,129,140,133,128,125
118,137,109,125,118,123,112,104
105,137,92,99,146,129,112,147
55,116,102,111,113,120,72,103
99,111,100,88,115,111,88,102
113,116,117,108,133,122,132,139
116,125,133,121,122,151,144,149
141,162,139,200,150,175,208,193
212,199,226,221,252,255,282,320
325,444,411,588,687,890,501,15
15,9,11,9,9,5,11,5
5,3,8,9,4,270,819,732
577,528,410,392,297,322,250,257
230,248,192,185,186,184,147,177
182,152,148,144,131,152,137,149
114,157,129,136,135,139,118,110
137,134,110,126,101,124,104,117
105,122,105,110,95,124,110,111
99,137,82,81,155,125,110,146
61,127,116,124,111,99,112,114
105,129,97,112,122,138,114,113
104,140,130,109,151,129,116,135
110,157,135,147,143,158,144,162
146,189,126,166,125,157,189,169
209,205,210,248,212,255,287,343
330,442,401,538,677,817,431,14
8,5,4,3,4,7,4,12
12,9,4,3,5,307,827,644
557,512,429,424,321,282,272,243
223,245,184,195,184,199,175,187
137,162,148,159,152,163,154,133
144,174,119,150,136,136,125,131
122,117,114,122,104,146,111,113
106,127,121,117,100,121,113,100
86,118,108,92,130,109,121,158
53,94,93,95,97,110,109,93
103,104,107,115,115,124,96,117
113,138,135,118,154,122,121,130
135,139,140,120,125,143,136,163
149,191,143,172,170,185,194,202
216,216,210,260,250,232,284,338
328,417,420,507,558,751,426,8
9,8,6,7,14,4,10,7
7,7,7,8,5,271,711,620
549,501,420,434,294,281,280,257
215,240,171,232,179,188,196,178
153,157,142,169,138,128,137,150
150,169,106,143,149,121,137,142
143,131,111,136,124,124,145,98
111,129,124,118,96,115,133,107
101,109,134,121,139,119,88,150
61,113,115,96,120,109,109,115
121,112,101,118,115,114,113,128
120,117,114,137,123,134,125,140
143,133,140,132,152,154,140,154
137,157,165,177,178,199,197,181
221,200,189,255,236,232,286,324
293,397,372,459,545,662,383,15
7,12,5,7,5,7,8,12
8,7,9,9,6,237,633,571
482,439,376,385,296,276,288,244
223,237,189,225,189,186,152,195
172,187,168,167,143,148,161,122
130,153,143,148,154,149,110,129
126,127,133,123,112,121,128,123
121,130,124,98,111,107,109,118
85,111,106,89,149,106,105,128
58,96,117,114,112,94,119,103
125,110,120,104,114,119,106,111
118,130,136,107,130,128,116,139
124,113,115,154,125,138,143,174
145,152,164,178,149,172,185,196
208,190,205,218,217,227,226,322
302,388,371,456,525,565,318,73
54,82,93,104,73,71,88,90
75,64,67,63,35,256,580,509
425,413,324,374,276,253,262,241
210,309,188,219,181,184,143,182
156,161,151,132,147,154,171,130
129,142,116,157,140,130,133,123
153,136,126,141,110,103,108,120
110,116,104,125,115,114,120,103
114,118,125,104,135,122,124,141
64,117,100,119,117,113,102,118
106,116,99,99,113,129,120,141
124,117,122,139,122,113,122,149
134,145,135,124,135,113,129,169
119,164,148,164,168,177,183,190
211,194,184,247,205,211,241,282
252,357,292,423,460,538,494,551
574,687,761,780,830,882,866,828
838,732,665,664,509,585,491,447
342,385,357,319,272,256,273,223
229,210,190,227,182,175,152,185
169,169,129,156,158,147,146,125
126,161,131,141,130,124,124,141
150,103,130,133,133,113,122,106
112,144,112,133,102,120,104,106
102,132,95,98,132,100,108,131
63,110,87,98,93,108,115,121
108,117,94,107,102,140,104,113
111,144,123,116,107,122,129,141
138,139,130,156,139,150,110,163
139,173,155,165,154,175,170,194
201,173,220,221,223,222,248,285
235,338,285,364,397,473,478,516
617,694,737,813,887,846,845,857
793,780,632,698,529,576,435,426
368,375,306,316,249,233,221,220
192,232,177,213,172,172,139,172
177,166,165,157,137,136,142,127
138,152,134,159,125,145,115,132
124,126,115,113,122,102,111,108
102,123,103,125,107,93,118,105
123,140,94,98,103,99,117,146
62,81,107,104,129,118,113,117
124,99,114,112,124,121,122,123
99,106,108,131,129,140,138,130
120,132,117,155,149,138,151,151
142,170,139,165,163,153,191,178
185,179,178,208,211,188,224,243
261,319,277,312,389,435,375,484
510,584,530,566,693,657,657,690
627,633,539,609,448,475,378,358
327,311,287,264,220,234,244,223
206,227,186,241,159,169,164,183
160,167,119,161,129,163,154,142
148,158,130,146,137,129,116,115
134,124,107,134,128,113,138,115
117,143,111,102,114,125,97,101
124,111,102,99,123,97,129,152
61,120,94,108,117,117,110,103
102,126,105,105,123,116,87,114
96,118,129,113,138,118,134,131
136,126,116,115,120,164,129,156
122,159,145,160,162,152,186,158
197,188,165,222,195,205,244,272
263,289,292,303,335,385,369,395
435,470,464,496,585,569,520,581
502,509,479,537,350,408,348,340
301,297,271,269,257,261,227,194
191,232,157,192,156,180,154,182
162,142,141,147,113,139,151,129
123,132,111,149,123,142,122,127
130,137,118,126,92,127,121,107
99,148,107,124,95,112,94,94
84,127,112,91,113,102,117,126
44,106,97,125,98,113,96,102
112,99,89,107,113,105,85,125
113,139,106,125,122,132,128,139
138,144,119,121,145,147,136,180
136,166,149,136,154,161,176,171
167,161,184,205,181,199,242,244
195,276,279,316,314,342,330,369
375,398,436,484,438,495,466,483
419,449,375,418,336,395,294,274
257,297,261,251,213,213,198,200
173,224,163,194,167,183,129,159
172,163,139,157,124,160,144,145
114,110,119,145,112,119,115,119
130,111,113,112,113,120,121,120
113,116,105,125,95,100,106,98
89,133,106,89,126,105,85,148
70,101,80,76,97,111,116,102
112,80,94,102,110,116,105,114
96,106,102,117,125,125,133,110
120,144,103,118,105,137,122,149
145,170,133,142,148,139,160,150
190,148,183,181,161,177,181,235
205,239,209,252,325,312,281,356
297,363,390,377,400,420,356,398
398,333,347,381,271,367,274,280
267,236,247,239,219,202,195,202
181,215,155,183,163,174,143,145
147,144,129,150,123,129,119,143
117,135,128,137,114,131,118,128
121,117,124,105,124,108,115,117
103,110,118,97,100,101,107,88
101,122,81,87,109,92,107,136
54,120,134,121,105,103,97,92
94,95,110,108,111,121,89,108
105,145,128,127,127,119,119,135
109,120,125,126,130,145,126,138
120,135,122,132,151,133,172,176
178,159,187,174,190,175,226,233
205,272,199,285,276,293,260,297
287,350,343,322,344,343,324,393
303,343,298,372,282,315,275,262
251,244,238,245,195,197,226,198
162,193,153,193,170,158,147,164
151,151,144,167,136,142,115,149
139,143,102,144,121,144,132,139
115,130,114,119,116,124,103,113
107,120,116,111,108,102,114,122
90,120,82,87,123,116,123,159
65,93,78,98,91,97,112,110
103,101,94,88,102,90,96,115
101,113,98,114,115,116,103,122
128,124,133,128,128,120,121,129
137,151,136,144,142,134,166,153
199,167,165,170,175,156,186,206
187,234,205,241,230,244,237,292
300,297,285,293,322,320,301,326
297,343,240,352,283,312,244,236
223,238,190,242,204,179,197,167
180,211,150,190,145,154,132,171
162,127,144,138,129,120,125,145
118,128,120,129,111,121,126,122
114,106,128,106,127,110,116,111
106,132,124,112,91,105,94,95
81,105,88,93,114,93,85,157
66,109,121,108,131,141,129,124
120,130,122,126,114,137,96,132
135,120,107,119,135,122,128,128
136,140,140,153,129,133,148,165
141,169,163,150,174,158,179,151
170,161,165,204,191,177,189,207
209,239,219,230,241,258,248,293
247,289,289,282,285,262,277,319
292,296,295,326,221,280,247,231
208,241,224,250,185,184,196,193
193,202,171,188,170,185,162,170
142,155,157,145,130,153,147,150
132,137,111,152,137,158,144,120
132,123,122,122,110,132,117,133
110,124,106,124,104,123,121,112
109,117,115,121,135,91,94,133
56,90,97,109,87,86,88,111
92,96,85,101,99,125,92,105
117,107,96,104,108,130,122,124
113,114,125,114,117,161,112,145
115,155,129,135,149,134,142,154
166,148,159,161,159,174,172,193
160,214,173,189,211,246,235,223
222,252,233,251,239,288,256,250
222,254,212,254,208,252,223,211
185,264,178,190,147,204,189,171
161,181,125,186,155,133,118,174
102,147,149,130,121,123,112,123
117,130,111,143,118,124,105,100
111,117,108,127,127,124,114,109
93,142,90,115,95,101,104,92
92,89,79,92,119,99,107,118
61,98,89,102,113,90,99,97
101,111,128,101,98,103,115,113
104,115,107,107,131,109,136,121
128,130,101,130,120,156,112,155
132,149,138,139,140,148,150,182
188,141,160,163,157,150,183,171
193,195,178,214,191,235,220,240
218,259,223,230,231,256,238,280
261,232,238,285,224,242,205,226
182,223,211,210,190,189,167,170
174,203,145,188,142,205,118,173
157,174,130,157,111,158,139,133
130,123,129,127,138,125,120,118
118,141,112,130,119,113,116,98
108,122,103,103,129,102,92,97
110,106,113,108,128,105,95,126
56,102,107,108,107,112,92,110
93,102,102,120,114,135,93,113
112,103,104,110,128,131,115,122
115,141,116,121,130,162,124,149
116,158,158,185,132,148,162,151
176,157,150,200,169,144,163,195
174,236,156,192,185,210,183,214
232,233,208,242,230,253,235,249
207,220,198,264,175,206,172,193
182,217,195,170,175,178,169,154
170,174,151,183,133,159,142,137
151,154,136,138,144,129,153,132
112,131,118,169,122,129,128,116
120,97,122,129,103,115,121,96
109,155,110,96,97,95,96,100
83,122,106,84,127,99,97,138
61,94,96,100,102,109,95,104
126,109,116,95,106,112,85,124
106,128,110,118,109,110,133,128
108,132,120,132,125,116,121,118
120,160,137,141,138,149,149,153
181,172,126,170,159,170,181,161
151,211,156,180,205,229,196,213
200,212,208,235,223,214,243,213
208,196,189,244,176,230,167,201
186,198,193,185,191,173,162,168
139,205,149,177,142,199,127,148
124,142,145,141,135,144,114,114
104,133,131,136,129,137,136,126
119,117,121,124,106,114,108,116
103,113,126,99,115,108,91,99
89,136,98,115,112,76,109,137
59,100,113,113,119,105,118,103
108,120,120,132,85,136,120,116
111,118,127,134,139,120,120,131
123,134,142,117,132,147,119,128
113,162,125,139,131,149,160,161
184,153,170,136,158,159,189,183
150,198,157,193,192,224,184,217
211,197,215,212,220,192,197,210
225,219,211,236,180,219,185,190
201,219,157,194,182,177,144,164
148,164,122,152,155,168,125,167
145,158,136,148,128,135,138,125
133,130,108,126,163,132,136,103
137,143,111,125,138,128,127,129
106,118,113,114,109,121,102,115
104,114,90,123,129,114,109,139
61,110,96,95,83,88,112,96
115,102,103,103,115,108,118,114
130,111,110,122,112,128,110,122
120,123,116,121,135,142,141,145
92,164,118,148,124,143,160,143
150,159,155,163,144,161,166,183
163,202,145,194,169,188,166,205
192,220,197,179,215,223,185,173
204,191,188,198,176,226,159,186
139,178,192,188,154,142,150,132
149,182,134,166,147,141,130,134
147,148,132,131,116,132,141,130
102,139,107,129,109,127,106,111
108,106,101,128,116,100,111,116
114,116,93,108,103,106,102,91
77,125,102,93,100,110,108,129
62,98,104,103,101,115,95,108
112,97,95,104,110,124,92,99
106,108,101,120,131,120,134,141
127,137,117,120,112,120,136,136
122,156,131,162,154,130,141,152
178,133,145,173,147,142,164,168
164,191,148,170,178,212,186,163
178,190,197,184,204,214,171,224
170,195,173,195,154,203,170,158
160,162,142,181,149,165,141,157
149,167,154,161,130,142,127,151
130,168,130,138,112,138,133,108
88,143,105,130,118,119,109,124
118,151,124,112,105,127,112,111
116,118,103,112,116,117,111,90
92,105,125,90,114,101,96,130
71,105,101,112,103,117,101,123
106,116,90,108,110,120,107,104
111,125,114,131,123,122,116,138
109,123,112,125,106,129,132,136
117,146,122,148,139,128,151,140
163,168,146,153,133,176,144,161
171,200,160,167,180,164,183,186
174,185,162,152,168,191,181,198
182,190,160,193,152,182,167,162
143,184,149,186,157,155,146,164
167,182,130,140,145,143,128,151
112,121,112,158,114,135,121,110
112,141,107,119,102,126,128,110
121,122,98,137,113,99,95,100
101,125,102,94,93,117,89,113
87,114,102,109,105,88,119,128
55,105,119,102,91,111,95,93
102,93,100,106,109,124,89,103
100,105,117,104,121,110,114,129
129,133,116,131,119,145,120,153
116,173,130,124,144,129,145,129
134,135,143,167,166,128,150,140
139,185,136,167,158,198,177,216
162,191,181,163,163,179,152,185
155,179,168,184,161,173,145,163
164,157,150,171,141,142,177,167
159,163,119,158,123,131,131,134
136,141,133,142,143,137,122,121
129,141,120,133,105,126,126,150
116,109,107,115,114,117,128,117
99,122,111,110,112,100,105,111
103,117,114,103,108,107,88,128
62,104,112,100,85,96,114,97
93,117,97,119,122,129,95,115
97,109,90,146,116,96,124,129
134,141,116,131,118,144,122,149
108,129,117,124,134,157,138,131
141,142,158,161,129,136,137,160
144,167,133,161,188,156,129,155
181,195,185,182,151,171,147,195
159,173,166,174,176,178,143,153
154,173,132,162,144,154,145,130
158,167,115,160,129,169,115,140
134,145,142,118,123,117,128,135
121,136,115,128,117,143,111,102
112,108,113,118,119,115,123,96
113,101,95,112,88,101,115,99
100,124,105,90,114,120,108,141
61,111,102,92,107,113,120,113
98,103,124,104,112,135,116,120
134,124,124,119,117,126,112,134
111,142,127,127,110,119,124,150
129,171,129,112,153,121,140,156
153,160,167,170,150,139,157,159
141,167,150,178,147,175,148,182
164,166,146,151,175,159,154,190
170,187,151,175,130,185,149,144
136,148,137,176,118,151,136,143
145,140,130,184,137,143,125,139
129,127,121,129,121,142,122,99
108,121,114,165,106,109,140,113
112,120,107,129,112,113,116,113
104,122,99,106,111,101,105,93
77,112,92,96,106,101,99,135
58,102,85,97,98,83,94,87
102,96,92,97,97,114,92,96
74,86,115,105,97,113,113,109
114,106,138,116,99,128,94,118
112,110,101,125,128,126,129,133
149,141,151,135,139,126,146,128
135,166,133,174,127,160,138,153
141,157,151,165,155,166,143,154
165,152,144,177,131,184,156,134
145,162,132,173,133,150,143,153
121,169,130,164,124,143,124,116
128,116,114,130,109,119,122,124
112,123,117,142,127,105,120,135
123,146,105,109,99,92,119,136
126,146,90,107,117,93,102,100
79,106,115,90,111,100,97,110
61,95,105,116,135,111,118,112
120,124,132,108,129,124,107,95
97,119,104,111,132,107,133,124
115,121,117,127,108,148,125,168
108,159,107,151,131,151,127,131
156,149,117,127,158,122,163,180
157,168,127,174,158,156,132,178
148,161,157,148,186,152,173,173
161,161,119,186,140,167,150,176
149,174,120,172,155,153,175,138
142,168,132,158,111,173,118,146
122,136,121,131,127,122,134,112
112,130,128,149,125,112,129,115
100,118,110,130,88,103,112,86
107,129,100,99,100,77,89,95
90,108,94,83,99,89,98,138
60,94,88,96,109,93,108,103
102,119,87,114,99,109,89,103
103,122,103,107,115,97,113,122
97,111,123,123,122,129,117,126
114,146,118,123,141,135,121,131
132,129,117,152,143,143,119,133
136,168,119,171,140,176,149,151
129,155,147,140,122,160,136,160
145,163,140,174,139,163,130,154
133,152,124,136,111,144,133,139
124,123,108,134,123,129,119,125
123,131,113,135,93,104,118,123
90,123,97,120,107,121,117,135
103,107,93,127,106,133,83,89
107,107,90,95,75,128,103,113
98,115,101,97,103,85,93,140
56,97,105,97,110,95,105,103
119,106,103,104,99,117,99,111
118,120,91,107,136,103,112,109
114,122,120,104,125,143,123,116
90,144,115,131,125,133,153,141
147,114,138,153,159,133,150,148
124,167,136,144,144,152,126,169
161,181,140,150,145,163,158,181
126,149,137,153,147,151,142,136
122,156,116,143,125,150,138,138
135,147,112,149,120,130,141,126
134,120,109,111,133,131,106,130
108,147,108,146,106,95,117,116
101,116,128,117,97,107,108,91
105,106,98,105,101,80,98,105
91,110,72,103,110,110,97,153
63,114,107,112,116,100,116,130
100,115,103,104,127,113,113,116
117,119,112,132,126,133,114,134
132,128,111,137,119,155,127,129
109,139,130,144,134,144,118,114
152,117,140,157,122,149,117,126
128,178,131,164,144,170,160,149
139,184,142,139,131,166,154,184
147,192,131,188,117,181,129,158
138,141,144,156,122,152,141,143
140,183,136,149,117,128,117,151
130,145,134,122,115,148,144,143
121,147,112,144,123,127,108,136
115,150,116,141,124,133,124,110
95,133,129,117,107,116,101,114
103,102,101,114,147,122,102,170
63,80,88,94,116,89,72,88
106,91,105,95,95,116,78,134
98,132,100,108,136,115,112,107
103,107,105,125,118,132,113,137
106,166,114,142,137,115,135,124
148,125,119,146,143,122,129,145
139,147,108,136,129,132,124,144
134,163,133,152,144,147,157,150
140,163,113,142,135,168,115,131
116,132,153,146,124,122,133,131
118,165,107,149,127,148,128,128
126,135,126,131,110,147,125,88
101,112,110,146,94,140,109,108
108,119,109,106,100,133,117,113
115,95,103,114,93,106,115,108
93,105,84,95,104,90,101,124
62,108,90,110,89,127,106,108
104,117,117,90,103,109,88,110
107,136,115,107,125,123,99,134
124,117,111,119,146,117,126,120
98,158,134,134,130,126,104,126
160,118,126,122,104,139,144,131
133,175,125,150,129,173,131,140
157,167,132,130,151,144,125,126
122,138,131,173,137,153,108,149
127,153,146,163,131,130,116,142
109,165,126,136,104,138,100,131
134,113,116,153,105,108,117,124
96,138,116,143,108,134,103,108
109,134,89,134,95,98,108,118
106,151,98,130,105,71,121,98
109,133,95,96,113,101,95,125
62,100,102,104,100,93,108,117
86,102,105,89,100,104,94,118
82,117,94,111,94,120,105,146
119,105,121,123,124,117,105,119
108,113,99,138,109,136,145,122
127,129,125,132,115,127,140,144
124,148,115,136,129,130,134,147
120,137,127,127,135,162,140,130
143,151,141,150,114,159,109,139
124,136,133,143,109,113,125,121
103,119,101,150,116,127,99,132
118,118,126,118,110,129,117,112
110,143,99,153,103,114,97,81
111,112,86,114,116,106,101,94
106,115,96,90,98,90,96,85
95,105,90,89,108,103,99,123
74,110,90,118,116,117,96,98
106,111,106,107,115,129,92,127
106,104,129,110,123,119,122,120
101,123,117,126,110,132,133,130
101,142,110,107,121,105,112,123
152,122,123,131,119,114,145,155
125,164,113,150,133,143,126,140
144,153,131,124,141,133,142,158
130,144,157,159,137,151,127,125
143,141,134,146,139,147,156,128
129,151,140,142,106,156,113,133
147,126,118,138,116,122,118,142
122,113,101,143,128,103,109,106
109,129,127,128,101,124,128,94
118,116,96,115,95,99,98,100
84,94,98,92,101,89,112,148
78,111,99,99,115,109,87,85
93,108,100,97,85,115,78,112
95,113,109,95,109,119,112,120
95,99,104,118,103,146,101,153
117,143,114,117,117,126,116,136
140,112,129,138,117,116,125,138
125,149,116,143,138,160,143,150
128,143,136,129,143,154,122,104
139,120,126,163,125,154,119,133
122,129,105,152,123,143,133,112
122,153,113,138,106,154,124,124
108,107,135,127,92,141,105,112
96,107,98,117,88,111,107,132
107,110,105,107,130,118,99,104
99,94,95,112,99,79,96,81
76,104,92,81,111,90,90,132
71,105,96,111,117,104,105,93
106,113,83,95,109,145,97,129
100,115,99,112,121,136,97,105
102,118,128,123,112,114,99,128
109,149,95,136,125,121,125,134
144,129,118,120,122,115,136,128
121,151,124,132,151,149,138,127
137,149,123,137,139,133,145,139
130,148,134,172,129,157,134,133
155,144,122,127,121,127,117,123
112,132,130,122,117,152,113,134
119,126,124,124,108,136,100,110
112,141,102,138,86,127,110,127
127,123,78,121,115,104,119,111
85,105,97,120,74,94,107,92
95,87,88,93,112,106,88,148
74,85,99,109,96,91,97,92
97,97,109,96,113,107,84,103
99,103,88,110,105,113,108,112
98,136,125,118,119,121,99,127
105,127,94,129,110,126,113,92
145,129,130,142,132,106,131,143
113,142,117,126,138,150,137,135
124,154,114,144,117,128,124,132
132,146,138,147,130,158,113,133
128,135,143,133,128,127,126,130
104,139,110,122,104,121,118,115
126,98,131,131,102,135,108,135
106,124,111,126,110,125,102,96
95,135,97,104,113,105,114,106
82,108,96,89,97,96,106,87
99,93,84,104,105,75,101,142
62,99,74,111,92,88,99,106
83,89,90,113,114,103,93,131
96,127,90,124,90,109,117,123
101,95,110,122,109,132,115,121
111,148,98,132,111,113,125,125
134,119,110,126,111,136,124,134
109,140,113,134,124,140,121,166
116,137,125,118,127,131,123,138
124,119,112,155,118,144,111,153
107,136,117,147,130,120,109,126
110,139,117,135,111,141,100,129
131,120,112,121,107,116,119,107
101,129,114,135,120,125,110,132
88,120,110,111,101,112,96,105
111,124,92,101,80,102,88,82
86,90,105,99,98,98,81,132
77,109,92,108,112,103,101,85
111,110,113,86,103,94,99,117
111,117,119,108,121,122,107,125
115,141,103,117,90,132,115,133
108,175,121,122,123,135,119,129
129,114,111,134,123,130,135,126
141,138,104,113,109,144,119,140
104,135,119,98,152,150,105,133
119,136,125,130,131,140,111,126
117,140,130,146,146,110,146,106
110,126,116,131,112,137,118,123
119,119,118,140,109,135,126,115
104,109,109,131,126,117,105,124
104,130,97,119,99,130,89,96
105,118,104,88,92,98,94,100
92,106,83,101,107,93,106,135
59,79,90,110,105,104,95,98
93,108,93,89,93,117,81,102
90,104,79,91,132,102,113,113
106,121,116,115,115,130,105,143
102,143,108,133,130,130,111,125
129,97,132,111,112,111,124,155
119,146,90,126,116,146,117,126
130,133,129,115,109,138,128,133
117,131,117,147,119,159,104,125
98,146,132,111,100,124,135,114
118,135,102,139,102,112,94,105
129,123,121,136,97,115,121,106
85,112,98,111,101,115,114,107
97,114,94,95,98,94,84,84
76,100,87,95,85,82,98,78
85,92,84,78,90,87,96,118
56,82,86,91,110,88,92,91
78,102,81,93,82,91,82,95
90,110,106,109,96,111,113,111
98,98,105,118,117,104,106,125
100,116,126,99,125,108,114,94
127,103,125,125,117,117,139,112
120,139,94,124,97,133,128,125
99,121,114,101,107,121,117,115
112,124,102,128,112,128,124,121
129,135,154,140,131,143,116,123
111,129,97,117,121,140,103,144
121,108,109,106,121,130,98,119
86,121,93,130,111,118,123,101
121,119,112,127,106,98,91,110
100,131,97,91,92,93,104,103
95,102,96,84,116,89,107,117
68,96,84,89,105,107,103,91
85,78,76,73,118,97,87,86
98,101,100,102,107,117,92,108
101,107,110,101,123,108,96,127
94,134,78,118,123,134,109,112
107,110,120,113,106,105,120,113
134,141,81,137,115,146,93,116
110,137,110,123,128,122,119,117
122,109,99,136,104,146,114,129
111,134,118,131,116,133,117,104
101,111,109,133,109,107,110,128
119,108,101,135,88,113,90,103
96,115,78,123,106,128,101,85
109,119,108,95,91,105,106,83
87,116,106,89,95,91,86,90
82,92,97,86,88,79,91,144
44,76,83,96,89,86,85,105
80,88,97,97,86,105,88,86
99,95,98,101,98,105,104,111
110,108,103,119,121,105,103,148
103,125,106,113,115,108,145,100
137,104,109,121,97,114,118,114
104,127,98,152,112,135,95,119
116,128,106,108,105,117,117,134
114,125,84,149,107,131,109,129
124,131,117,128,125,115,114,121
119,143,114,131,106,117,92,114
116,126,103,121,88,118,120,105
80,113,93,129,115,116,82,99
112,105,113,102,102,98,90,105
99,109,98,88,93,93,90,84
82,95,88,96,95,87,94,139
30,103,105,106,97,92,116,82
85,119,102,109,84,97,84,119
100,109,112,99,113,103,104,100
112,123,102,101,97,119,88,123
84,126,108,108,99,117,110,113
95,100,119,114,94,108,111,115
106,122,103,126,139,109,112,141
101,129,118,114,125,121,111,119
101,124,119,112,94,126,116,115
129,128,109,143,125,115,118,121
111,123,97,121,94,116,116,137
115,121,89,119,113,108,101,120
118,111,93,110,121,108,97,111
101,100,107,121,106,110,98,100
100,116,80,105,107,90,90,86
94,93,88,100,114,81,95,158
48,72,74,83,76,85,92,96
90,86,84,75,108,94,82,110
82,98,77,87,120,99,113,96
91,110,102,113,100,118,92,128
81,104,84,130,100,131,117,124
124,112,107,141,116,139,97,119
108,134,111,108,122,132,89,111
129,137,115,118,124,134,115,124
101,118,114,145,104,130,89,123
113,135,113,110,110,108,124,105
100,139,96,112,103,112,99,106
103,111,91,116,100,108,97,82
98,128,110,144,105,89,110,84
109,114,74,101,87,100,99,97
101,105,87,107,93,102,94,81
95,99,46,80,100,83,83,121
52,95,93,93,117,90,107,103
98,91,92,94,103,96,95,108
94,112,98,95,97,100,109,128
112,92,122,120,100,106,96,111
104,121,121,113,110,118,112,133
101,128,129,129,113,111,124,115
113,141,104,147,127,120,102,137
137,133,128,124,119,128,111,140
122,151,103,146,122,125,102,125
135,120,126,159,100,131,123,146
118,123,98,121,87,112,104,122
119,122,90,124,121,119,96,138
105,126,100,129,104,103,115,111
118,123,99,111,111,80,97,110
88,102,98,92,79,98,80,94
83,111,88,99,103,100,107,141
43,90,81,93,96,101,85,97
93,76,107,93,91,113,59,105
100,100,95,97,98,117,126,115
100,122,114,108,109,101,82,135
112,142,85,120,119,135,130,105
118,108,126,125,128,123,115,110
88,144,99,131,116,128,117,149
121,131,85,90,141,115,111,121
129,152,117,150,113,134,98,123
114,120,119,137,107,138,111,113
111,139,95,135,93,124,100,117
123,109,101,120,88,86,98,99
97,106,105,112,126,110,107,100
90,122,92,115,101,90,91,80
101,121,93,104,78,103,90,91
81,86,74,90,100,95,88,150
52,64,74,83,91,75,92,74
82,74,90,87,77,89,74,82
86,122,87,111,107,94,91,87
94,105,116,97,104,117,103,110
86,107,92,123,117,105,88,110
132,101,114,111,87,101,124,118
92,145,109,115,94,117,102,129
91,118,95,117,98,117,118,119
113,136,93,129,84,121,92,120
93,110,109,96,99,114,90,121
100,112,109,127,110,129,101,114
103,99,85,122,88,94,88,101
83,112,102,118,105,115,107,96
109,110,107,112,118,96,90,89
105,103,98,101,96,88,92,93
76,101,99,85,91,96,91,118
31,75,73,96,94,84,102,94
74,94,86,104,88,106,95,96
109,102,104,116,106,119,104,108
103,107,91,100,120,115,91,122
95,126,109,105,109,122,122,104
128,112,116,119,108,106,102,108
100,133,119,123,118,114,114,136
109,138,92,100,99,115,105,115
108,128,121,140,110,140,116,142
106,112,123,127,116,108,124,104
106,139,106,122,108,121,118,130
92,125,109,121,85,120,98,100
98,124,94,121,90,101,99,107
92,98,80,105,94,101,104,78
98,107,93,100,92,85,84,83
95,81,84,93,94,87,79,134
37,92,60,109,94,95,90,104
69,94,81,97,92,108,89,92
101,117,76,113,102,101,102,138
86,123,95,110,110,137,105,129
91,122,105,113,116,112,107,122
121,116,106,128,110,110,110,111
115,130,89,140,98,118,128,113
118,113,104,110,137,124,107,136
112,117,100,129,85,125,112,121
91,107,102,132,124,109,97,107
91,115,103,110,99,116,102,116
100,111,98,118,109,117,123,90
117,121,101,123,103,98,86,115
94,87,91,107,97,101,95,80
103,88,87,94,92,94,77,91
75,101,77,106,72,105,80,146
46,91,90,101,98,93,87,96
83,92,85,83,98,92,78,71
99,84,82,105,112,97,103,115
88,112,108,109,107,107,94,110
94,94,108,113,104,130,104,125
113,98,112,121,97,113,104,120
118,107,101,112,94,129,114,135
112,138,107,117,126,110,103,109
91,130,105,126,103,129,121,111
112,113,101,144,136,128,119,96
124,129,105,127,108,110,115,102
95,95,91,126,115,120,103,116
94,103,111,118,99,106,106,101
110,93,101,125,93,93,104,113
110,106,85,87,101,81,78,83
98,89,86,89,91,102,71,127
42,88,92,105,94,96,85,98
92,114,78,98,91,110,92,85
109,81,85,110,107,93,109,110
93,99,79,104,99,98,101,133
76,117,96,119,102,108,101,113
123,104,109,121,97,100,126,112
120,119,96,120,122,106,111,125
101,114,90,116,116,116,115,109
100,117,100,111,101,118,91,99
105,120,109,124,108,111,96,86
111,122,76,120,101,123,92,110
100,99,93,100,85,109,82,97
104,98,80,124,105,89,99,80
84,106,97,103,70,101,84,85
87,111,74,64,73,74,90,88
71,82,71,79,72,77,71,130
34,88,101,83,92,107,84,88
88,95,80,102,80,96,70,99
104,92,73,96,92,100,105,100
84,100,113,126,82,98,97,125
90,141,76,128,107,108,120,101
120,93,103,121,89,119,96,112
108,122,86,115,118,126,116,115
105,114,107,122,109,117,116,95
130,131,110,125,86,118,92,129
107,115,126,113,104,120,92,96
86,133,80,136,107,120,87,107
103,88,77,107,108,121,94,104
92,120,99,107,104,103,98,85
103,101,104,92,97,96,88,102
100,97,89,93,86,104,94,82
76,90,90,79,81,83,81,135
24,78,65,73,96,99,87,90
78,84,72,88,92,79,94,101
84,97,97,96,100,87,84,102
94,102,90,108,107,107,88,106
86,142,86,126,110,122,106,114
108,96,113,117,109,86,105,115
104,127,98,127,112,111,107,126
106,101,97,101,106,111,106,97
104,108,113,135,103,127,99,108
107,106,113,101,102,128,101,95
96,105,101,103,83,95,115,106
96,104,97,116,81,111,94,104
81,109,87,106,95,105,96,101
92,106,91,90,78,92,85,73
76,92,69,78,84,72,77,90
51,90,76,79,85,74,63,135
10,78,70,85,94,99,90,91
82,85,95,92,83,105,89,98
103,114,102,85,97,96,95,94
96,102,98,105,92,106,110,157
83,127,104,109,126,110,108,102
120,107,99,112,84,120,113,103
99,124,74,106,101,114,101,121
99,105,94,108,131,118,104,91
108,130,117,129,92,95,91,121
98,133,107,122,94,96,108,95
95,93,100,113,105,121,82,107
107,99,95,114,90,99,92,97
75,103,102,116,84,109,109,98
92,115,80,101,94,76,98,76
103,93,75,89,75,78,84,80
66,89,72,68,79,98,99,154
20,77,73,81,95,94,77,82
83,95,90,98,96,93,89,95
70,103,69,90,105,99,108,100
81,98,84,95,86,105,88,119
93,120,82,121,113,106,113,105
114,102,117,118,103,95,104,93
90,122,108,100,115,118,118,119
116,113,109,109,136,100,102,107
103,122,105,120,119,105,104,109
108,98,101,106,117,120,99,98
116,116,109,120,98,112,104,111
96,116,110,108,84,97,95,103
79,118,92,109,98,104,95,102
91,98,105,98,77,90,90,85
75,93,95,93,81,65,73,87
79,74,84,90,85,74,71,135
0,83,81,93,109,105,79,73
76,77,76,94,76,111,100,90
86,95,89,94,129,117,94,108
91,103,96,105,94,130,94,115
92,119,113,105,104,93,121,112
111,104,116,108,108,106,135,129
102,130,93,138,117,131,86,128
107,118,91,119,107,117,115,109
108,126,86,118,100,145,100,117
87,104,111,127,104,109,103,114
84,133,98,115,112,119,98,113
98,116,120,102,90,100,116,117
100,104,91,101,101,123,83,104
108,78,90,106,96,102,101,110
99,97,89,105,77,81,103,99
76,90,81,91,81,98,74,133
1,70,82,93,99,84,89,82
90,99,69,91,85,92,91,87
86,98,91,95,109,108,77,119
99,127,105,110,111,120,103,138
90,100,104,124,114,110,125,117
108,103,113,138,101,138,93,118
99,144,98,119,112,110,110,126
113,127,88,110,124,129,116,121
102,126,95,130,112,115,106,91
97,108,118,121,114,119,117,123
100,118,97,123,92,122,97,122
102,103,92,119,102,113,91,111
103,101,100,113,77,105,83,104
97,83,105,96,94,100,88,89
103,81,106,119,89,82,111,89
88,87,87,83,74,73,62,38
0,13,37,65,79,115,69,94
79,88,69,92,83,90,84,109
77,92,85,102,86,89,98,93
82,120,101,110,84,126,90,127
83,114,78,114,106,111,104,91
118,98,111,120,97,126,99,124
98,154,97,109,102,116,115,117
97,130,119,112,113,135,120,116
107,117,76,110,106,129,142,97
116,98,89,124,111,106,100,130
95,112,99,117,98,126,104,130
97,107,109,127,114,109,98,91
72,97,82,128,97,114,81,105
98,96,89,95,84,98,89,98
96,84,76,91,77,89,79,76
74,78,66,82,72,51,9,1
0,4,4,47,62,47,41,45
51,45,15,57,59,66,40,78
54,66,32,57,72,88,88,96
76,73,97,95,88,81,85,106
82,126,81,101,116,96,111,91
96,104,98,125,106,92,83,118
77,107,77,122,139,89,93,116
99,105,74,106,111,110,80,125
94,84,80,93,102,110,40,72
111,91,91,67,97,93,74,74
84,97,70,81,66,70,73,58
52,84,60,70,72,61,54,52
14,67,99,97,70,76,66,57
54,62,45,39,63,55,50,41
47,42,26,49,21,27,28,36
23,28,26,21,16,2,0,0
