0	4.940656e-324	0	0	0.000000e+000
1	8.794369e+000	1	0	8.794369e+000
4	4.062197e+000	2	1	4.062197e+000
10	3.841559e+000	4	2	3.841559e+000
15	3.655631e+000	6	3	3.655631e+000
20	3.494649e+000	8	4	3.494649e+000
25	3.356931e+000	10	5	3.356931e+000
30	3.244943e+000	12	6	3.244943e+000
35	3.109990e+000	14	7	3.109990e+000
40	3.046189e+000	16	8	3.046189e+000
43	2.487179e+000	17	9	2.487179e+000
48	2.425593e+000	19	10	2.425593e+000
53	2.154174e+000	21	11	2.154174e+000
59	2.128238e+000	23	12	2.128238e+000
65	2.109877e+000	25	13	2.109877e+000
68	1.861272e+000	26	14	1.861272e+000
74	1.772652e+000	28	15	1.772652e+000
80	1.718357e+000	30	16	1.718357e+000
86	1.663847e+000	32	17	1.663847e+000
93	1.630461e+000	35	18	1.630461e+000
100	1.597673e+000	38	19	1.597673e+000
107	1.577883e+000	41	20	1.577883e+000
112	1.505547e+000	43	21	1.505547e+000
120	1.485610e+000	46	22	1.485610e+000
128	1.467722e+000	49	23	1.467722e+000
133	1.317772e+000	50	24	1.317772e+000
141	1.286168e+000	53	25	1.286168e+000
149	1.259342e+000	56	26	1.259342e+000
156	1.258622e+000	58	27	1.258622e+000
160	1.072988e+000	59	28	1.072988e+000
167	1.050770e+000	61	29	1.050770e+000
174	1.024701e+000	63	30	1.024701e+000
181	1.001043e+000	65	31	1.001043e+000
189	9.866837e-001	68	32	9.866837e-001
196	9.823595e-001	70	33	9.823595e-001
203	9.552157e-001	72	34	9.552157e-001
210	9.410512e-001	74	35	9.410512e-001
217	9.157191e-001	76	36	9.157191e-001
224	8.864782e-001	78	37	8.864782e-001
231	8.655709e-001	80	38	8.655709e-001
238	8.131406e-001	82	39	8.131406e-001
245	8.073640e-001	84	40	8.073640e-001
249	6.958320e-001	85	41	6.958320e-001
259	6.751825e-001	88	42	6.751825e-001
269	6.648879e-001	91	43	6.648879e-001
279	6.614219e-001	94	44	6.614219e-001
289	6.604318e-001	97	45	6.604318e-001
295	5.786761e-001	98	46	5.786761e-001
304	5.610289e-001	100	47	5.610289e-001
312	5.517352e-001	102	48	5.517352e-001
321	5.461423e-001	105	49	5.461423e-001
330	5.414062e-001	108	50	5.414062e-001
340	5.360144e-001	112	51	5.360144e-001
350	5.307629e-001	116	52	5.307629e-001
356	4.703621e-001	117	53	4.703621e-001
365	4.578544e-001	120	54	4.578544e-001
374	4.517066e-001	123	55	4.517066e-001
383	4.435079e-001	126	56	4.435079e-001
392	4.401939e-001	129	57	4.401939e-001
399	4.142186e-001	131	58	4.142186e-001
410	4.087615e-001	134	59	4.087615e-001
419	4.013316e-001	136	60	4.013316e-001
427	3.847619e-001	138	61	3.847619e-001
436	3.785216e-001	140	62	3.785216e-001
444	3.675706e-001	142	63	3.675706e-001
453	3.628217e-001	144	64	3.628217e-001
461	3.534145e-001	146	65	3.534145e-001
470	3.454232e-001	148	66	3.454232e-001
478	3.351896e-001	150	67	3.351896e-001
488	3.310303e-001	153	68	3.310303e-001
494	2.896997e-001	154	69	2.896997e-001
506	2.822973e-001	157	70	2.822973e-001
517	2.770054e-001	160	71	2.770054e-001
526	2.685746e-001	162	72	2.685746e-001
535	2.624539e-001	164	73	2.624539e-001
544	2.595172e-001	166	74	2.595172e-001
555	2.566703e-001	169	75	2.566703e-001
562	2.256804e-001	170	76	2.256804e-001
574	2.252386e-001	172	77	2.252386e-001
581	2.019514e-001	173	78	2.019514e-001
592	1.941293e-001	176	79	1.941293e-001
602	1.932801e-001	178	80	1.932801e-001
610	1.760350e-001	179	81	1.760350e-001
621	1.690684e-001	181	82	1.690684e-001
632	1.624015e-001	183	83	1.624015e-001
644	1.581061e-001	185	84	1.581061e-001
654	1.545925e-001	187	85	1.545925e-001
664	1.512579e-001	189	86	1.512579e-001
674	1.479132e-001	191	87	1.479132e-001
684	1.427854e-001	193	88	1.427854e-001
694	1.397889e-001	195	89	1.397889e-001
703	1.358144e-001	197	90	1.358144e-001
712	1.251080e-001	199	91	1.251080e-001
723	1.225483e-001	201	92	1.225483e-001
728	1.032850e-001	202	93	1.032850e-001
740	9.665558e-002	204	94	9.665558e-002
753	9.453783e-002	206	95	9.453783e-002
765	8.877392e-002	208	96	8.877392e-002
777	8.625914e-002	210	97	8.625914e-002
787	8.274745e-002	212	98	8.274745e-002
799	8.030308e-002	214	99	8.030308e-002
807	6.793599e-002	215	100	6.793599e-002
820	6.445497e-002	217	101	6.445497e-002
831	6.066860e-002	219	102	6.066860e-002
844	5.791083e-002	221	103	5.791083e-002
855	5.248458e-002	223	104	5.248458e-002
866	5.008743e-002	224	105	5.008743e-002
870	4.033587e-002	225	106	4.033587e-002
883	3.637949e-002	227	107	3.637949e-002
896	3.315211e-002	229	108	3.315211e-002
909	3.062242e-002	231	109	3.062242e-002
922	2.883838e-002	233	110	2.883838e-002
935	2.655761e-002	235	111	2.655761e-002
948	2.442720e-002	237	112	2.442720e-002
961	2.246143e-002	239	113	2.246143e-002
973	1.952440e-002	241	114	1.952440e-002
985	1.494748e-002	242	115	1.494748e-002
997	1.349949e-002	243	116	1.349949e-002
1009	1.166049e-002	244	117	1.166049e-002
1021	9.682679e-003	245	118	9.682679e-003
1033	9.153816e-003	246	119	9.153816e-003
1045	7.227987e-003	247	120	7.227987e-003
1057	5.709648e-003	248	121	5.709648e-003
1070	4.136401e-003	250	122	4.136401e-003
1082	3.375918e-003	251	123	3.375918e-003
1094	2.671924e-003	252	124	2.671924e-003
1106	1.813820e-003	253	125	1.813820e-003
1118	1.105328e-003	254	126	1.105328e-003
1130	9.196558e-004	255	127	9.196558e-004
1142	7.579319e-004	256	128	7.579319e-004
1154	5.180157e-004	257	129	5.180157e-004
1166	3.763444e-004	258	130	3.763444e-004
1178	3.504708e-004	259	131	3.504708e-004
1190	2.745389e-004	260	132	2.745389e-004
1202	2.307523e-004	261	133	2.307523e-004
1214	1.926661e-004	262	134	1.926661e-004
1226	1.542745e-004	263	135	1.542745e-004
1238	1.244558e-004	264	136	1.244558e-004
1250	1.083245e-004	265	137	1.083245e-004
1262	5.421871e-005	266	138	5.421871e-005
1274	2.340346e-005	267	139	2.340346e-005
1286	1.141492e-005	268	140	1.141492e-005
1292	2.277312e-006	269	141	2.277312e-006
1304	1.201070e-006	270	142	1.201070e-006
1316	9.601096e-007	271	143	9.601096e-007
1328	8.570625e-007	272	144	8.570625e-007
1340	6.226234e-007	273	145	6.226234e-007
1352	5.092877e-007	274	146	5.092877e-007
1364	4.693960e-007	275	147	4.693960e-007
1376	3.721913e-007	276	148	3.721913e-007
1388	3.343676e-007	277	149	3.343676e-007
1400	2.666174e-007	278	150	2.666174e-007
1412	2.055217e-007	279	151	2.055217e-007
1424	1.411018e-007	280	152	1.411018e-007
1436	8.763060e-008	281	153	8.763060e-008
1448	4.735237e-008	282	154	4.735237e-008
1460	2.336700e-008	283	155	2.336700e-008
1472	9.263631e-009	284	156	9.263631e-009
1484	1.353142e-009	285	157	1.353142e-009
1496	1.163471e-009	286	158	1.163471e-009
1508	8.404324e-010	287	159	8.404324e-010
1520	7.682097e-010	288	160	7.682097e-010
1532	4.767749e-010	289	161	4.767749e-010
1544	2.486358e-010	290	162	2.486358e-010
1544	2.486358e-010	290	162	2.486358e-010
