sasfit version 0.8
                                                           2 : max_SD
                                                           0 : i-th SD
                                                           1 : SD belongs to j-th data set
yes
yes
no
117.249 0.650949 1 1 0 0 0 0 0 0 0 0 0 0 0 0 0 0 0 0 0 0 0 0 0 0 0 0 0 0 0 0 0 0 0 0 0 0 0 0 : FF_l
0 0 0 0 0 0 0 0 0 0 0 0 0 0 0 0 0 0 0 0 0 0 0 0 0 0 0 0 0 0 0 0 0 0 0 0 0 0 0 0 : FF_err
-1e+200 -1e+200 -1e+200 -1e+200 -1e+200 -1e+200 -1e+200 -1e+200 -1e+200 -1e+200 -1e+200 -1e+200 -1e+200 -1e+200 -1e+200 -1e+200 -1e+200 -1e+200 -1e+200 -1e+200 -1e+200 -1e+200 -1e+200 -1e+200 -1e+200 -1e+200 -1e+200 -1e+200 -1e+200 -1e+200 -1e+200 -1e+200 -1e+200 -1e+200 -1e+200 -1e+200 -1e+200 -1e+200 -1e+200 -1e+200 : FF_min
1e+200 1e+200 1e+200 1e+200 1e+200 1e+200 1e+200 1e+200 1e+200 1e+200 1e+200 1e+200 1e+200 1e+200 1e+200 1e+200 1e+200 1e+200 1e+200 1e+200 1e+200 1e+200 1e+200 1e+200 1e+200 1e+200 1e+200 1e+200 1e+200 1e+200 1e+200 1e+200 1e+200 1e+200 1e+200 1e+200 1e+200 1e+200 1e+200 1e+200 : FF_max
0 0 0 0 0 0 0 0 0 0 0 0 0 0 0 0 0 0 0 0 0 0 0 0 0 0 0 0 0 0 0 0 0 0 0 0 0 0 0 0 : FF_limits
0 0 0 0 0 0 0 0 0 0 0 0 0 0 0 0 0 0 0 0 0 0 0 0 0 0 0 0 0 0 0 0 0 0 0 0 0 0 0 0 : FF_active
1 0 0 0 0 0 0 0 0 0 0 0 0 0 0 0 0 0 0 0 0 0 0 0 0 0 0 0 0 0 0 0 0 0 0 0 0 0 0 0 : FF_distr
Ellipsoid ii
1.21129e-010 0.413994 0.361521 133.373 2.77505e-012 0.25 1 122.653 0 0 0 0 0 0 0 0 0 0 0 0 0 0 0 0 0 0 0 0 0 0 0 0 0 0 0 0 0 0 0 0 : SD_a
2.45433e-010 0.477147 9131.43 208817 0 0 0 0 0 0 0 0 0 0 0 0 0 0 0 0 0 0 0 0 0 0 0 0 0 0 0 0 0 0 0 0 0 0 0 0 : SD_err
0 -1e+200 -1e+200 -1e+200 0 -1e+200 -1e+200 -1e+200 -1e+200 -1e+200 -1e+200 -1e+200 -1e+200 -1e+200 -1e+200 -1e+200 -1e+200 -1e+200 -1e+200 -1e+200 -1e+200 -1e+200 -1e+200 -1e+200 -1e+200 -1e+200 -1e+200 -1e+200 -1e+200 -1e+200 -1e+200 -1e+200 -1e+200 -1e+200 -1e+200 -1e+200 -1e+200 -1e+200 -1e+200 -1e+200 : SD_min
1e-009 1e+200 1e+200 1e+200 1e-009 1e+200 1e+200 1e+200 1e+200 1e+200 1e+200 1e+200 1e+200 1e+200 1e+200 1e+200 1e+200 1e+200 1e+200 1e+200 1e+200 1e+200 1e+200 1e+200 1e+200 1e+200 1e+200 1e+200 1e+200 1e+200 1e+200 1e+200 1e+200 1e+200 1e+200 1e+200 1e+200 1e+200 1e+200 1e+200 : SD_max
0 0 0 0 0 0 0 0 0 0 0 0 0 0 0 0 0 0 0 0 0 0 0 0 0 0 0 0 0 0 0 0 0 0 0 0 0 0 0 0 : SD_limits
1 1 1 1 0 0 0 0 0 0 0 0 0 0 0 0 0 0 0 0 0 0 0 0 0 0 0 0 0 0 0 0 0 0 0 0 0 0 0 0 : SD_active
LogNorm
100 0.2 0 0 0 0 0 0 0 0 0 0 0 0 0 0 0 0 0 0 0 0 0 0 0 0 0 0 0 0 0 0 0 0 0 0 0 0 0 0 : SQ_s
0 0 0 0 0 0 0 0 0 0 0 0 0 0 0 0 0 0 0 0 0 0 0 0 0 0 0 0 0 0 0 0 0 0 0 0 0 0 0 0 : SQ_err
-1e+200 -1e+200 -1e+200 -1e+200 -1e+200 -1e+200 -1e+200 -1e+200 -1e+200 -1e+200 -1e+200 -1e+200 -1e+200 -1e+200 -1e+200 -1e+200 -1e+200 -1e+200 -1e+200 -1e+200 -1e+200 -1e+200 -1e+200 -1e+200 -1e+200 -1e+200 -1e+200 -1e+200 -1e+200 -1e+200 -1e+200 -1e+200 -1e+200 -1e+200 -1e+200 -1e+200 -1e+200 -1e+200 -1e+200 -1e+200 : SQ_min
1e+200 1e+200 1e+200 1e+200 1e+200 1e+200 1e+200 1e+200 1e+200 1e+200 1e+200 1e+200 1e+200 1e+200 1e+200 1e+200 1e+200 1e+200 1e+200 1e+200 1e+200 1e+200 1e+200 1e+200 1e+200 1e+200 1e+200 1e+200 1e+200 1e+200 1e+200 1e+200 1e+200 1e+200 1e+200 1e+200 1e+200 1e+200 1e+200 1e+200 : SQ_max
0 0 0 0 0 0 0 0 0 0 0 0 0 0 0 0 0 0 0 0 0 0 0 0 0 0 0 0 0 0 0 0 0 0 0 0 0 0 0 0 : SQ_limits
0 0 0 0 0 0 0 0 0 0 0 0 0 0 0 0 0 0 0 0 0 0 0 0 0 0 0 0 0 0 0 0 0 0 0 0 0 0 0 0 : SQ_active
None
0 : SQ_how
                                                           1 : i-th SD
                                                           1 : SD belongs to j-th data set
yes
yes
no
117.249 1 1 1 0 0 0 0 0 0 0 0 0 0 0 0 0 0 0 0 0 0 0 0 0 0 0 0 0 0 0 0 0 0 0 0 0 0 0 0 : FF_l
0 0 0 0 0 0 0 0 0 0 0 0 0 0 0 0 0 0 0 0 0 0 0 0 0 0 0 0 0 0 0 0 0 0 0 0 0 0 0 0 : FF_err
-1e+200 -1e+200 -1e+200 -1e+200 -1e+200 -1e+200 -1e+200 -1e+200 -1e+200 -1e+200 -1e+200 -1e+200 -1e+200 -1e+200 -1e+200 -1e+200 -1e+200 -1e+200 -1e+200 -1e+200 -1e+200 -1e+200 -1e+200 -1e+200 -1e+200 -1e+200 -1e+200 -1e+200 -1e+200 -1e+200 -1e+200 -1e+200 -1e+200 -1e+200 -1e+200 -1e+200 -1e+200 -1e+200 -1e+200 -1e+200 : FF_min
1e+200 1e+200 1e+200 1e+200 1e+200 1e+200 1e+200 1e+200 1e+200 1e+200 1e+200 1e+200 1e+200 1e+200 1e+200 1e+200 1e+200 1e+200 1e+200 1e+200 1e+200 1e+200 1e+200 1e+200 1e+200 1e+200 1e+200 1e+200 1e+200 1e+200 1e+200 1e+200 1e+200 1e+200 1e+200 1e+200 1e+200 1e+200 1e+200 1e+200 : FF_max
0 0 0 0 0 0 0 0 0 0 0 0 0 0 0 0 0 0 0 0 0 0 0 0 0 0 0 0 0 0 0 0 0 0 0 0 0 0 0 0 : FF_limits
0 0 0 0 0 0 0 0 0 0 0 0 0 0 0 0 0 0 0 0 0 0 0 0 0 0 0 0 0 0 0 0 0 0 0 0 0 0 0 0 : FF_active
1 0 0 0 0 0 0 0 0 0 0 0 0 0 0 0 0 0 0 0 0 0 0 0 0 0 0 0 0 0 0 0 0 0 0 0 0 0 0 0 : FF_distr
Sphere
-1.10136e-011 0.731263 1 302.156 2.77505e-012 0.25 1 122.653 0 0 0 0 0 0 0 0 0 0 0 0 0 0 0 0 0 0 0 0 0 0 0 0 0 0 0 0 0 0 0 0 : SD_a
2.22026e-010 3.07385 0 3433.16 0 0 0 0 0 0 0 0 0 0 0 0 0 0 0 0 0 0 0 0 0 0 0 0 0 0 0 0 0 0 0 0 0 0 0 0 : SD_err
0 -1e+200 -1e+200 -1e+200 0 -1e+200 -1e+200 -1e+200 -1e+200 -1e+200 -1e+200 -1e+200 -1e+200 -1e+200 -1e+200 -1e+200 -1e+200 -1e+200 -1e+200 -1e+200 -1e+200 -1e+200 -1e+200 -1e+200 -1e+200 -1e+200 -1e+200 -1e+200 -1e+200 -1e+200 -1e+200 -1e+200 -1e+200 -1e+200 -1e+200 -1e+200 -1e+200 -1e+200 -1e+200 -1e+200 : SD_min
1e-009 1e+200 1e+200 1e+200 1e-009 1e+200 1e+200 1e+200 1e+200 1e+200 1e+200 1e+200 1e+200 1e+200 1e+200 1e+200 1e+200 1e+200 1e+200 1e+200 1e+200 1e+200 1e+200 1e+200 1e+200 1e+200 1e+200 1e+200 1e+200 1e+200 1e+200 1e+200 1e+200 1e+200 1e+200 1e+200 1e+200 1e+200 1e+200 1e+200 : SD_max
0 0 0 0 0 0 0 0 0 0 0 0 0 0 0 0 0 0 0 0 0 0 0 0 0 0 0 0 0 0 0 0 0 0 0 0 0 0 0 0 : SD_limits
1 1 0 1 0 0 0 0 0 0 0 0 0 0 0 0 0 0 0 0 0 0 0 0 0 0 0 0 0 0 0 0 0 0 0 0 0 0 0 0 : SD_active
LogNorm
100 0.2 0 0 0 0 0 0 0 0 0 0 0 0 0 0 0 0 0 0 0 0 0 0 0 0 0 0 0 0 0 0 0 0 0 0 0 0 0 0 : SQ_s
0 0 0 0 0 0 0 0 0 0 0 0 0 0 0 0 0 0 0 0 0 0 0 0 0 0 0 0 0 0 0 0 0 0 0 0 0 0 0 0 : SQ_err
-1e+200 -1e+200 -1e+200 -1e+200 -1e+200 -1e+200 -1e+200 -1e+200 -1e+200 -1e+200 -1e+200 -1e+200 -1e+200 -1e+200 -1e+200 -1e+200 -1e+200 -1e+200 -1e+200 -1e+200 -1e+200 -1e+200 -1e+200 -1e+200 -1e+200 -1e+200 -1e+200 -1e+200 -1e+200 -1e+200 -1e+200 -1e+200 -1e+200 -1e+200 -1e+200 -1e+200 -1e+200 -1e+200 -1e+200 -1e+200 : SQ_min
1e+200 1e+200 1e+200 1e+200 1e+200 1e+200 1e+200 1e+200 1e+200 1e+200 1e+200 1e+200 1e+200 1e+200 1e+200 1e+200 1e+200 1e+200 1e+200 1e+200 1e+200 1e+200 1e+200 1e+200 1e+200 1e+200 1e+200 1e+200 1e+200 1e+200 1e+200 1e+200 1e+200 1e+200 1e+200 1e+200 1e+200 1e+200 1e+200 1e+200 : SQ_max
0 0 0 0 0 0 0 0 0 0 0 0 0 0 0 0 0 0 0 0 0 0 0 0 0 0 0 0 0 0 0 0 0 0 0 0 0 0 0 0 : SQ_limits
0 0 0 0 0 0 0 0 0 0 0 0 0 0 0 0 0 0 0 0 0 0 0 0 0 0 0 0 0 0 0 0 0 0 0 0 0 0 0 0 : SQ_active
None
0 : SQ_how
